-83.97
-87.56
-81.99
-93.85
-89.12
-74.78
-90.79
-83.63
-93.37
-96.7
-84.27
-87.78
-101.73
-92.28
-103.02
-101.73
-96.3
-95.32
-103.14
-96.38
-92.2
-96.61
-104.32
-103.17
-104.44
-104.56
-103.35
-113.44
-90.06
-104.51
-104.45
-99.02
-101.01
-104.35
-92.01
-103.6
-97.16
-108.53
-109.28
-105.53
-102.18
-107.37
-112.84
-97.26
-113.27
-106.31
-102.18
-101.85
-112.53
-98.4
-114.47
-112.34
-99.71
-96.08
-96.97
-106.23
-96.01
-94.63
-88.47
-100.53
-102.3
-102.72
-89.48
-99.56
-109.0
-105.07
-101.37
-104.36
-99.87
-107.39
-98.31
-96.67
-100.82
-97.97
-100.3
-96.39
-100.23
-82.08
-89.36
-87.49
-82.68
-85.76
-93.75
-95.49
-95.68
-92.43
-95.85
-84.44
-92.3
-97.09
-97.54
-92.3
-95.01
-96.3
-94.34
-97.09
-94.59
-91.76
-96.35
-88.07
-91.26
-91.07
-84.39
-98.83
-86.88
-88.64
-102.4
-92.29
-85.78
-96.52
-105.49
-93.59
-92.46
-96.59
-94.46
-97.5
-97.91
-89.16
-104.38
-93.88
-94.96
-93.58
-103.65
-109.76
-112.04
-111.53
-110.25
-104.22
-112.74
-105.26
-106.23
-99.63
-102.58
-96.5
-93.82
-94.4
-100.26
-104.03
-100.84
-111.61
-103.46
-106.65
-104.24
-108.95
-98.45
-97.94
-95.03
-93.27
-102.42
-98.57
-101.7
-96.55
-94.71
-97.71
-99.55
-108.83
-91.03
-104.34
-103.5
-91.63
-104.75
-103.26
-86.49
-103.18
-91.27
-102.25
-99.48
-103.39
-103.1
-93.41
-108.91
-108.69
-114.25
-101.25
-101.91
-102.83
-106.91
-99.45
-102.87
-100.98
-94.03
-98.3
-101.95
-90.29
-110.19
-97.3
-96.3
-88.72
-96.15
-93.59
-90.8
-91.21
-92.45
-100.96
-89.83
-86.28
-87.25
-90.53
-94.2
-88.74
-92.84
-85.58
-93.98
-95.14
-95.41
-89.49
-83.07
-95.7
-75.66
-90.31
-89.34
-83.04
-94.42
-95.64
-89.34
-87.43
-93.97
-88.84
-95.04
-96.0
-96.26
-99.95
-92.0
-101.72
-90.37
-91.05
-100.79
-103.71
-101.46
-99.47
-90.47
-96.93
-74.34
-92.6
-88.72
-89.63
-100.94
-93.37
-106.2
-89.77
-82.39
-87.78
-89.68
-92.66
-98.07
-92.02
-91.68
-103.05
-99.93
-94.82
-87.93
-105.24
-98.96
-92.93
-79.0
-78.91
-86.9
-93.8
-95.9
-84.32
-89.82
-98.83
-89.91
-82.19
-93.26
-96.58
-88.04
-90.31
-90.68
-96.34
-104.9
-99.01
-95.55
-94.47
-85.14
-90.32
-97.96
-89.91
-114.52
-106.98
-96.94
-93.06
-93.33
-90.31
-89.57
-102.47
-86.07
-103.03
-85.93
-98.65
-91.83
-100.02
-96.97
-97.88
-93.72
-103.26
-91.92
-97.98
-93.4
-92.64
-94.12
-96.46
-97.82
-95.43
-97.34
-108.1
-105.0
-106.91
-97.26
-94.71
-101.02
-104.02
-97.65
-97.51
-99.93
-108.31
-98.22
-99.28
-97.41
-102.91
-103.22
-98.21
-99.24
-98.09
-103.56
-108.78
-95.17
-84.84
-90.55
-106.86
-92.66
-94.85
-105.62
-99.96
-106.71
-101.6
-99.63
-98.47
-97.45
-101.72
-96.23
-98.94
-104.66
-103.77
-101.26
-99.51
-92.82
-90.13
-88.91
-95.16
-95.19
-94.64
-96.89
-88.15
-88.29
-96.69
-94.41
-87.97
-94.13
-84.1
-96.24
-89.53
-92.45
-86.09
-85.75
-88.81
-88.53
-96.43
-87.25
-92.39
-93.12
-81.89
-86.39
-84.48
-78.74
-99.98
-90.27
-90.15
-86.44
-78.71
-90.45
-82.07
-86.79
-85.55
-83.1
-80.46
-76.56
-77.18
-84.15
-81.37
-88.14
-84.54
-79.89
-77.94
-87.04
-84.63
-82.88
-87.12
-81.01
-72.12
-76.43
-81.43
-77.83
-78.48
-75.52
-71.89
-83.64
-75.37
-77.7
-83.36
-93.52
-89.6
-87.08
-91.2
-94.54
-100.76
-93.18
-90.42
-98.51
-90.93
-88.71
-89.27
-101.24
-101.54
-108.67
-95.4
-102.27
-109.91
-103.06
-95.92
-93.53
-90.38
-89.85
-98.28
-95.05
-89.31
-91.76
-75.4
-89.6
-91.92
-79.92
-89.46
-90.81
-84.55
-87.26
-97.87
-101.5
-90.59
-97.34
-90.3
-89.14
