-0.104
-0.362
-0.362
-0.373
-0.36
-0.481
-0.273
-0.44
-0.607
-0.479
-0.396
-0.313
-0.379
-0.576
-0.596
-0.274
-0.333
-0.427
-0.392
-0.285
-0.316
-0.36
-0.453
-0.367
-0.454
-0.391
-0.375
-0.493
-0.444
-0.443
-0.463
-0.288
-0.325
-0.321
-0.45
-0.264
-0.356
-0.444
-0.541
-0.396
-0.44
-0.387
-0.365
-0.465
-0.626
-0.533
-0.41
-0.41
-0.491
-0.326
-0.356
-0.472
-0.474
-0.596
-0.42
-0.238
-0.57
-0.244
-0.377
-0.306
-0.211
-0.47
-0.325
-0.424
-0.467
-0.415
-0.41
-0.423
-0.355
-0.436
-0.162
-0.252
-0.29
-0.41
-0.368
-0.349
-0.35
-0.105
-0.179
-0.43
-0.36
-0.169
-0.303
-0.204
-0.268
-0.188
-0.331
-0.38
-0.098
-0.224
-0.388
-0.142
-0.146
-0.165
-0.384
-0.262
-0.484
-0.315
-0.329
-0.47
-0.36
-0.306
-0.486
-0.261
-0.448
-0.369
-0.238
-0.386
-0.339
-0.333
-0.154
-0.229
-0.364
-0.431
-0.156
-0.471
-0.319
-0.451
-0.51
-0.455
-0.506
-0.389
-0.43
-0.481
-0.676
-0.527
-0.693
-0.584
-0.489
-0.635
-0.653
-0.536
-0.459
-0.502
-0.541
-0.571
-0.504
-0.677
-0.426
-0.494
-0.539
-0.654
-0.639
-0.653
-0.517
-0.403
-0.363
-0.668
-0.516
-0.602
-0.341
-0.388
-0.454
-0.426
-0.365
-0.575
-0.475
-0.524
-0.3
-0.356
-0.267
-0.33
-0.549
-0.561
-0.373
-0.382
-0.287
-0.161
-0.428
-0.483
-0.43
-0.536
-0.706
-0.546
-0.392
-0.48
-0.472
-0.35
-0.386
-0.447
-0.414
-0.423
-0.535
-0.383
-0.291
-0.277
-0.597
-0.341
-0.413
-0.421
-0.414
-0.416
-0.567
-0.592
-0.558
-0.599
-0.609
-0.428
-0.422
-0.556
-0.368
-0.44
-0.475
-0.494
-0.514
-0.447
-0.404
-0.597
-0.323
-0.469
-0.366
-0.405
-0.486
-0.444
-0.479
-0.539
-0.626
-0.502
-0.477
-0.427
-0.68
-0.653
-0.449
-0.585
-0.736
-0.63
-0.77
-0.718
-0.346
-0.507
-0.406
-0.566
-0.448
-0.496
-0.685
-0.56
-0.619
-0.513
-0.409
-0.427
-0.457
-0.508
-0.514
-0.623
-0.418
-0.317
-0.643
-0.402
-0.595
-0.549
-0.404
-0.404
-0.547
-0.547
-0.55
-0.527
-0.365
-0.493
-0.418
-0.39
-0.563
-0.604
-0.341
-0.568
-0.411
-0.448
-0.51
-0.526
-0.523
-0.462
-0.623
-0.453
-0.552
-0.614
-0.466
-0.736
-0.527
-0.403
-0.479
-0.56
-0.669
-0.505
-0.556
-0.657
-0.639
-0.472
-0.487
-0.716
-0.406
-0.366
-0.612
-0.469
-0.672
-0.669
-0.474
-0.513
-0.407
-0.477
-0.438
-0.533
-0.681
-0.491
-0.624
-0.376
-0.596
-0.88
-0.653
-0.586
-0.647
-0.412
-0.627
-0.777
-0.772
-0.739
-0.852
-0.588
-0.855
-0.63
-0.569
-0.614
-0.687
-0.592
-0.694
-0.52
-0.427
-0.611
-0.444
-0.55
-0.426
-0.589
-0.598
-0.657
-0.748
-0.458
-0.789
-0.574
-0.543
-0.732
-0.653
-0.906
-0.658
-0.669
-0.579
-0.548
-0.564
-0.646
-0.636
-0.314
-0.48
-0.581
-0.394
-0.514
-0.54
-0.548
-0.483
-0.51
-0.605
-0.529
-0.649
-0.561
-0.641
-0.438
-0.607
-0.443
-0.489
-0.372
-0.293
-0.663
-0.434
-0.543
-0.414
-0.528
-0.392
-0.511
-0.425
-0.38
-0.435
-0.459
-0.494
-0.298
-0.306
-0.344
-0.391
-0.413
-0.557
-0.437
-0.332
-0.371
-0.456
-0.349
-0.291
-0.436
-0.411
-0.241
-0.277
-0.262
-0.223
-0.418
-0.455
-0.309
-0.37
-0.44
-0.361
-0.394
-0.171
-0.44
-0.555
-0.379
-0.48
-0.336
-0.352
-0.674
-0.335
-0.423
-0.67
-0.274
-0.509
-0.328
-0.645
-0.646
-0.611
-0.507
-0.425
-0.486
-0.513
-0.469
-0.544
-0.633
-0.514
-0.382
-0.496
-0.415
-0.487
-0.345
-0.195
-0.298
-0.459
-0.045
-0.063
-0.205
-0.269
-0.352
-0.156
-0.183
-0.233
-0.407
-0.372
-0.177
-0.427
-0.264
-0.307
