-626.202
-518.464
-548.921
-546.167
-566.936
-542.041
-597.039
-596.668
-584.443
-606.933
-614.51
-598.054
-621.101
-630.511
-653.106
-657.787
-587.502
-587.88
-617.855
-528.552
-547.277
-535.829
-645.959
-641.514
-623.2
-657.001
-558.02
-604.659
-579.342
-547.345
-608.71
-596.431
-569.174
-556.153
-545.03
-600.15
-592.749
-619.276
-630.776
-606.192
-584.148
-575.139
-595.588
-587.311
-642.349
-660.717
-645.543
-628.968
-613.815
-638.227
-582.297
-624.511
-656.215
-628.474
-579.049
-603.456
-589.552
-557.324
-524.235
-588.52
-621.841
-596.592
-544.929
-566.116
-608.521
-594.282
-587.431
-624.179
-594.395
-644.283
-592.539
-561.309
-556.041
-609.337
-595.525
-537.109
-585.639
-509.734
-542.815
-493.59
-500.423
-501.984
-538.192
-555.323
-599.893
-545.829
-581.383
-563.681
-578.948
-567.935
-565.338
-512.085
-512.431
-540.858
-497.825
-532.195
-556.676
-537.639
-534.436
-535.674
-512.795
-515.821
-546.002
-586.586
-553.985
-561.324
-610.995
-592.592
-593.108
-574.117
-623.469
-511.862
-538.415
-578.908
-563.264
-579.3
-585.236
-565.145
-607.785
-592.392
-575.701
-615.881
-640.039
-617.324
-677.6
-657.444
-607.483
-600.769
-621.623
-596.695
-599.489
-598.246
-603.167
-595.118
-564.233
-590.22
-646.219
-613.761
-582.897
-622.448
-621.079
-622.666
-635.089
-601.619
-553.16
-583.766
-555.577
-505.759
-600.012
-569.184
-562.351
-578.148
-567.811
-587.252
-542.479
-624.335
-581.438
-600.156
-569.964
-545.338
-591.175
-575.572
-574.268
-591.649
-580.825
-611.319
-604.619
-604.253
-586.193
-547.229
-631.277
-622.141
-620.362
-546.025
-564.281
-554.326
-585.604
-621.011
-606.332
-554.888
-600.095
-536.239
-557.523
-614.045
-633.957
-597.513
-510.841
-539.935
-584.437
-541.071
-500.372
-526.405
-559.582
-514.329
-545.246
-535.068
-557.006
-521.432
-523.576
-495.834
-511.547
-554.91
-576.274
-558.147
-586.089
-530.488
-500.822
-498.605
-486.797
-538.93
-504.12
-493.041
-561.411
-549.623
-598.783
-553.629
-517.32
-518.427
-618.017
-598.61
-579.933
-558.032
-545.792
-593.452
-632.719
-528.288
-615.001
-580.604
-588.977
-591.165
-614.104
-554.853
-540.631
-553.314
-542.201
-579.601
-616.982
-559.924
-611.869
-603.429
-583.366
-574.232
-597.631
-573.395
-622.584
-583.454
-626.312
-585.326
-605.808
-580.235
-581.703
-638.859
-587.461
-615.589
-612.16
-582.089
-489.239
-554.865
-576.381
-560.422
-609.526
-634.834
-621.499
-617.565
-599.351
-635.545
-592.394
-566.296
-582.721
-645.374
-588.243
-635.064
-674.846
-645.735
-620.862
-658.645
-643.003
-685.103
-704.295
-665.334
-679.728
-662.801
-630.33
-628.208
-657.0
-644.946
-670.125
-673.95
-623.367
-672.992
-608.739
-613.357
-622.57
-645.035
-571.497
-654.864
-581.874
-574.185
-535.842
-546.135
-558.562
-575.996
-634.541
-604.141
-633.524
-636.124
-600.087
-638.669
-652.678
-620.394
-638.958
-636.265
-585.464
-618.521
-633.794
-679.703
-657.422
-611.372
-598.333
-621.4
-596.982
-640.606
-648.703
-592.867
-615.081
-619.356
-577.981
-547.142
-576.299
-587.089
-596.538
-616.117
-625.874
-595.075
-651.115
-573.878
-625.801
-611.375
-616.218
-579.832
-617.056
-646.89
-633.708
-612.043
-633.473
-634.524
-614.93
-614.991
-609.701
-623.647
-572.095
-591.706
-585.762
-568.727
-529.247
-542.436
-574.024
-573.935
-542.892
-564.482
-553.373
-533.047
-561.734
-516.785
-579.325
-544.168
-618.176
-629.635
-560.035
-585.282
-589.284
-586.868
-578.395
-564.908
-548.554
-617.84
-579.476
-576.701
-597.868
-521.005
-553.936
-514.769
-570.809
-521.134
-528.437
-526.4
-510.235
-502.769
-502.529
-570.622
-506.318
-508.706
-493.908
-537.272
-550.883
-561.116
-571.986
-513.15
-544.22
-517.014
-527.995
-500.337
-516.323
-516.26
-527.279
-489.781
-518.387
-517.161
-504.744
-555.172
-540.726
-591.648
-580.367
-568.416
-585.329
-572.476
-567.279
-522.089
-568.865
-557.782
-527.111
-564.502
-619.623
-607.334
-620.818
-599.023
-601.794
-611.517
-627.602
-552.301
-573.198
-545.516
-549.971
-559.961
-576.23
-560.262
-554.082
-482.209
-497.002
-546.508
-499.662
-532.262
-525.127
-517.291
-565.932
-568.44
-601.663
-566.4
-579.887
-619.018
-579.976
