-105.32
-114.65
-103.4
-96.61
-90.0
-99.1
-100.83
-87.77
-80.72
-100.47
-93.39
-94.0
-80.7
-90.85
-106.46
-99.78
-96.76
-93.18
-93.09
-106.75
-104.91
-94.61
-89.21
-107.07
-104.75
-87.99
-96.04
-73.93
-82.51
-76.86
-74.9
-70.85
-85.0
-90.92
-94.17
-85.63
-82.86
-84.91
-83.97
-89.96
-85.34
-79.32
-90.25
-100.12
-93.74
-89.05
-97.95
-87.41
-93.73
-76.66
-84.27
-77.34
-86.77
-96.51
-97.12
-95.04
-108.73
-98.84
-92.91
-101.53
-108.78
-83.56
-97.76
-98.65
-90.26
-98.7
-94.65
-94.64
-103.98
-108.01
-101.82
-89.46
-110.59
-102.11
-106.26
-115.36
-101.52
-95.82
-106.32
-107.32
-105.68
-106.09
-110.94
-90.97
-96.28
-90.18
-103.37
-105.06
-111.87
-104.35
-109.47
-113.25
-115.02
-119.98
-102.61
-100.66
-96.68
-109.7
-108.74
-91.91
-97.29
-96.53
-91.82
-101.73
-90.63
-115.05
-99.13
-118.09
-98.58
-83.97
-101.02
-96.55
-82.63
-103.64
-95.53
-107.6
-102.62
-108.65
-105.94
-101.37
-114.25
-107.31
-105.85
-96.82
-98.12
-97.62
-102.13
-104.97
-105.52
-104.64
-91.49
-101.99
-95.89
-90.5
-107.6
-96.12
-95.06
-82.27
-91.7
-89.17
-79.08
-85.09
-92.31
-91.47
-88.69
-89.25
-85.73
-92.66
-95.85
-83.63
