-84.36
-90.11
-77.37
-81.31
-76.37
-78.58
-88.64
-84.47
-83.87
-80.01
-83.53
-84.84
-85.88
-84.8
-82.59
-85.47
-86.41
-82.64
-88.39
-90.44
-84.15
-83.61
-87.22
-73.39
-81.81
-75.56
-72.95
-83.69
-79.52
-77.51
-71.49
-82.61
-82.64
-73.61
-73.72
-78.43
-83.74
-77.96
-77.95
-92.42
-79.5
-83.28
-79.54
-86.55
-83.87
-88.6
-79.12
-69.62
-75.65
-79.74
-82.11
-68.4
-81.33
-87.1
-89.55
-89.39
-92.9
-77.19
-93.57
-81.93
-75.21
-79.97
-75.1
-84.75
-78.0
-77.34
-84.75
-73.23
-76.09
-72.25
-74.84
-78.74
-82.38
-83.72
-69.4
-73.01
-75.67
-68.03
-74.03
-78.62
-75.4
-76.49
-79.59
-82.33
-81.15
-87.88
-84.89
-70.09
-76.7
-72.14
-75.29
-73.36
-73.13
-77.48
-70.72
-83.49
-66.38
-74.74
-76.39
-78.47
-72.45
-77.46
-78.65
-69.01
-75.3
-79.16
-72.44
-69.1
-75.29
-71.61
-70.85
-80.24
-80.95
-76.61
-75.02
-81.62
-70.09
-77.5
-73.74
-79.9
-80.44
-79.18
-74.69
-83.16
-82.26
-79.0
-78.54
-74.5
-69.06
-74.68
-77.51
-73.91
-70.71
-81.54
-79.15
-86.2
-67.28
-89.84
-81.86
-77.08
-75.37
-79.34
-81.81
-77.13
-78.94
-76.89
-92.46
-72.17
-74.22
-77.05
-87.61
-82.82
-83.07
-78.73
-81.83
-77.36
-67.89
-82.44
-77.82
-80.65
-79.06
-85.19
-78.69
-73.89
-63.87
-74.88
-70.41
-72.33
-82.14
-77.39
-81.99
-76.83
-73.62
-75.79
-78.67
-81.35
-94.72
-89.54
-88.7
-93.82
-77.21
-83.91
-93.33
-85.25
-79.43
-88.1
-87.24
-74.0
-75.07
-86.3
-82.43
-76.68
-90.95
-73.91
-78.79
-73.1
-75.45
-69.83
-77.4
-75.77
-73.27
