-0.407
-0.419
-0.361
-0.484
-0.265
-0.34
-0.471
-0.279
-0.33
-0.318
-0.201
-0.453
-0.479
-0.513
-0.257
-0.379
-0.525
-0.377
-0.317
-0.491
-0.333
-0.381
-0.426
-0.34
-0.291
-0.364
-0.324
-0.358
-0.474
-0.287
-0.259
-0.363
-0.358
-0.356
-0.222
-0.416
-0.439
-0.471
-0.41
-0.455
-0.455
-0.283
-0.376
-0.469
-0.45
-0.321
-0.523
-0.354
-0.289
-0.463
-0.385
-0.467
-0.485
-0.48
-0.368
-0.462
-0.52
-0.466
-0.394
-0.383
-0.458
-0.382
-0.255
-0.352
-0.374
-0.39
-0.389
-0.285
-0.178
-0.284
-0.316
-0.226
-0.194
-0.339
-0.148
-0.253
-0.284
-0.233
-0.281
-0.208
-0.367
-0.321
-0.424
-0.279
-0.301
-0.306
-0.364
-0.368
-0.347
-0.3
-0.158
-0.223
-0.232
-0.244
-0.166
-0.325
-0.289
-0.293
-0.266
-0.355
-0.306
-0.298
-0.315
-0.313
-0.386
-0.238
-0.261
-0.264
-0.313
-0.312
-0.337
-0.305
-0.293
-0.205
-0.21
-0.28
-0.264
-0.098
-0.214
-0.283
-0.234
-0.29
-0.219
-0.292
-0.322
-0.344
-0.357
-0.305
-0.275
-0.379
-0.262
-0.349
-0.317
-0.296
-0.358
-0.48
-0.301
-0.276
-0.369
-0.29
-0.173
-0.227
-0.204
-0.261
-0.272
-0.194
-0.247
-0.257
-0.337
-0.278
-0.23
-0.3
-0.325
-0.285
-0.372
-0.298
-0.247
-0.237
-0.261
-0.314
-0.287
-0.248
-0.337
-0.237
-0.184
-0.23
-0.233
-0.153
-0.153
-0.161
-0.212
-0.169
-0.243
-0.222
-0.132
-0.286
-0.282
-0.317
-0.23
-0.189
-0.144
-0.232
-0.342
-0.248
-0.193
-0.117
-0.163
-0.108
-0.173
-0.179
-0.254
-0.2
-0.291
-0.222
-0.364
-0.208
-0.201
-0.35
-0.222
-0.263
-0.241
