-566.064
-568.349
-544.36
-510.629
-527.383
-535.239
-504.31
-518.785
-504.353
-479.05
-507.165
-530.471
-544.696
-552.475
-535.749
-536.756
-545.819
-572.374
-534.783
-537.314
-511.912
-495.691
-525.835
-475.103
-467.246
-537.474
-565.076
-531.85
-481.58
-470.649
-530.21
-552.609
-486.552
-469.546
-496.708
-544.283
-554.996
-536.572
-552.347
-586.574
-602.208
-554.295
-550.595
-574.826
-579.961
-538.496
-508.285
-520.708
-501.675
-522.712
-527.592
-519.044
-501.709
-548.199
-527.705
-566.576
-491.464
-508.879
-564.845
-460.846
-510.616
-526.958
-529.74
-523.298
-536.169
-528.36
-558.964
-536.046
-499.645
-481.726
-507.353
-504.231
-485.846
-505.503
-497.708
-495.404
-491.497
-518.903
-543.02
-519.297
-498.198
-544.991
-553.888
-562.128
-546.365
-538.922
-602.633
-518.178
-553.192
-524.907
-506.256
-471.715
-546.341
-498.714
-497.678
-600.685
-484.785
-559.532
-579.993
-571.325
-516.805
-509.182
-527.316
-539.507
-531.373
-553.296
-541.408
-528.422
-527.609
-558.715
-555.075
-555.316
-576.237
-588.381
-583.289
-546.366
-581.216
-568.283
-575.599
-614.385
-555.387
-563.025
-636.87
-562.696
-615.69
-559.668
-578.404
-560.745
-547.551
-590.973
-557.014
-534.549
-572.86
-591.312
-601.222
-566.126
-557.216
-577.084
-633.308
-581.836
-530.323
-595.983
-598.98
-550.465
-604.264
-590.03
-618.27
-575.958
-611.841
-631.788
-621.15
-593.91
-557.668
-565.474
-561.342
-524.982
-506.166
-514.553
-529.745
-585.945
-516.013
-562.439
-495.738
-463.007
-436.342
-547.026
-460.984
-483.346
-546.874
-551.34
-620.867
-535.8
-539.982
-518.156
-488.792
-571.376
-588.638
-577.672
-530.835
-581.164
-536.521
-547.106
-589.865
-555.565
-599.645
-536.825
-586.191
-553.101
-546.317
-537.709
-553.975
-575.661
-598.99
-543.796
-549.203
-524.888
-546.082
-535.586
-495.01
-567.775
-519.717
