-89.58
-85.05
-85.14
-100.9
-86.39
-105.01
-88.68
-84.9
-90.66
-77.14
-77.17
-90.16
-85.55
-91.68
-74.83
-86.05
-98.5
-83.87
-69.85
-66.3
-73.11
-79.77
-83.61
-86.96
-69.74
-76.86
-77.78
-77.9
-82.2
-82.08
-87.7
-95.91
-97.81
-96.26
-88.84
-103.22
-99.8
-67.55
-93.49
-85.58
-83.61
-74.09
-88.18
-82.39
-74.17
-91.06
-75.51
-84.61
-88.5
-99.55
-80.36
-92.27
-82.29
-84.6
-79.82
-82.23
-72.76
-82.96
-77.51
-87.51
-86.65
-73.94
-83.74
-96.02
-87.18
-81.51
-88.64
-87.13
-75.99
-103.03
-82.92
-96.66
-107.13
-83.71
-95.41
-87.09
-91.53
-84.2
-75.66
-82.42
-90.23
-74.17
-83.06
-91.5
-80.97
-87.23
-73.8
-103.89
-91.06
-83.99
-76.99
-101.46
-93.38
-83.37
-99.6
-84.49
-92.76
-74.78
-79.27
-94.56
-89.07
-93.2
-85.88
-89.59
-92.18
-78.63
-70.65
-91.19
-94.18
-85.17
-71.71
-93.27
-83.69
-68.91
-55.23
-71.36
-64.49
-70.12
-74.13
-83.07
-89.21
-80.3
-75.72
-75.35
-72.38
-85.83
-94.07
-85.27
-91.01
-95.03
-84.5
-88.69
-92.35
-88.53
-83.81
-82.85
-93.45
-84.11
-83.8
-90.65
-92.29
-92.54
-88.05
-81.31
-85.89
-79.13
-85.96
-82.29
-77.43
-82.95
