-503.109
-542.61
-513.205
-528.571
-510.864
-566.249
-538.652
-524.232
-508.064
-574.036
-569.766
-541.252
-539.907
-564.423
-531.73
-548.358
-531.278
-539.014
-545.261
-607.645
-559.35
-549.456
-537.723
-524.329
-499.316
-571.029
-528.93
-555.214
-574.291
-549.498
-535.056
-543.524
-553.707
-608.164
-511.316
-530.335
-520.289
-568.897
-598.472
-523.845
-557.114
-487.65
-530.478
-481.762
-471.116
-417.093
-517.506
-598.982
-593.266
-506.425
-524.129
-533.124
-555.532
-484.589
-441.315
-449.429
-436.951
-465.333
-493.755
-508.564
-503.481
-539.763
-479.817
-525.884
-525.935
-557.691
-473.258
-458.829
-510.756
-524.405
-537.206
-540.555
-440.092
-499.805
-513.495
-538.02
-563.328
-512.349
-515.644
-515.308
-541.233
-479.202
-487.609
-493.552
-525.169
-479.397
-497.594
-462.968
-473.616
-485.642
-428.437
-492.613
-452.276
-507.266
-501.329
-503.658
-510.929
-518.283
-552.744
-518.409
-529.482
-539.825
-482.747
-522.925
-587.461
-562.189
-507.583
-535.469
-574.639
-549.042
-530.169
-540.347
-516.277
-499.45
-454.292
-484.886
-518.651
-547.741
-523.708
-580.495
-488.433
-525.329
-489.789
-481.003
-495.854
-501.742
-473.909
-510.937
-563.197
-524.426
-547.234
-540.62
-566.972
-571.921
-545.438
-536.687
-562.36
-555.968
-557.331
-552.219
-538.013
-534.052
-562.914
-584.43
-586.947
-595.986
-517.27
-553.173
-559.511
-524.689
-576.952
-561.822
-537.84
-562.452
-574.594
-508.994
-564.641
-603.446
-516.703
-594.742
-531.944
-617.414
-563.927
-533.503
-604.235
-548.566
-571.085
-575.843
-583.816
-565.217
-573.397
-587.714
-622.692
-556.004
-554.552
-552.207
-483.701
-521.973
-584.401
-566.533
-547.6
-488.435
-589.688
-594.823
-575.611
-569.652
-522.867
-529.408
-563.12
-556.245
-586.068
-613.519
-616.957
-552.16
-557.224
-566.008
-527.903
-508.563
-534.791
-550.775
-539.267
