-78.16
-74.04
-83.71
-89.15
-63.7
-81.95
-81.69
-79.42
-79.93
-79.23
-76.08
-75.22
-84.32
-80.83
-73.19
-87.93
-83.28
-76.79
-85.35
-86.93
-84.06
-76.15
-82.54
-76.84
-72.21
-84.56
-88.61
-95.77
-82.86
-90.9
-86.81
-80.71
-87.79
-85.72
-81.22
-80.51
-78.36
-80.04
-80.01
-82.44
-77.7
-76.98
-77.13
-73.34
-77.5
-76.34
-80.61
-86.24
-82.64
-76.2
-67.85
-81.1
-80.29
-71.46
-62.1
-72.28
-58.93
-64.19
-70.84
-67.67
-68.82
-69.47
-76.76
-69.76
-79.73
-75.77
-72.81
-71.8
-80.08
-78.55
-78.51
-79.29
-70.45
-67.95
-81.85
-77.49
-84.31
-77.9
-71.32
-77.27
-79.97
-72.92
-76.28
-73.43
-80.56
-75.57
-80.18
-69.11
-75.8
-80.72
-76.76
-76.46
-81.01
-74.91
-84.01
-78.62
-83.56
-78.91
-78.79
-78.59
-77.55
-76.92
-73.06
-85.65
-86.38
-83.9
-75.91
-76.87
-76.2
-85.27
-79.68
-75.32
-77.9
-78.9
-65.31
-76.2
-72.68
-76.35
-87.37
-82.19
-77.57
-83.16
-81.7
-78.55
-75.48
-73.97
-74.03
-77.27
-76.25
-74.82
-77.81
-77.83
-86.77
-83.31
-81.98
-77.99
-78.66
-86.12
-74.35
-75.4
-79.59
-76.07
-79.09
-87.53
-81.81
-79.7
-81.3
-82.17
-75.04
-81.67
-88.32
-81.92
-80.01
-81.26
-84.34
-81.42
-84.92
-83.35
-83.26
-86.73
-85.33
-85.72
-69.33
-69.91
-81.56
-77.83
-80.65
-86.6
-78.85
-84.4
-79.22
-80.26
-89.47
-85.83
-78.03
-79.03
-79.37
-86.3
-85.91
-81.79
-84.04
-78.57
-82.18
-87.64
-82.48
-81.88
-80.52
-90.14
-90.88
-87.54
-86.14
-85.34
-84.39
-78.31
-84.24
-85.79
-78.96
-75.6
-83.11
-73.97
-86.87
