-0.35
-0.301
-0.345
-0.33
-0.279
-0.361
-0.354
-0.255
-0.314
-0.294
-0.269
-0.253
-0.312
-0.341
-0.172
-0.296
-0.228
-0.319
-0.277
-0.217
-0.288
-0.165
-0.376
-0.326
-0.238
-0.334
-0.281
-0.311
-0.388
-0.389
-0.44
-0.232
-0.481
-0.366
-0.428
-0.394
-0.458
-0.299
-0.415
-0.381
-0.462
-0.427
-0.311
-0.288
-0.312
-0.307
-0.255
-0.367
-0.325
-0.237
-0.345
-0.239
-0.296
-0.247
-0.195
-0.146
-0.186
-0.064
-0.246
-0.271
-0.251
-0.244
-0.195
-0.336
-0.382
-0.189
-0.29
-0.273
-0.327
-0.391
-0.275
-0.328
-0.383
-0.259
-0.281
-0.231
-0.331
-0.289
-0.289
-0.255
-0.248
-0.244
-0.331
-0.358
-0.322
-0.308
-0.326
-0.293
-0.304
-0.327
-0.177
-0.214
-0.233
-0.296
-0.29
-0.29
-0.268
-0.417
-0.405
-0.283
-0.278
-0.382
-0.316
-0.282
-0.435
-0.436
-0.338
-0.352
-0.351
-0.375
-0.409
-0.423
-0.331
-0.336
-0.381
-0.384
-0.251
-0.318
-0.386
-0.443
-0.409
-0.419
-0.394
-0.412
-0.37
-0.502
-0.501
-0.329
-0.396
-0.322
-0.375
-0.448
-0.425
-0.341
-0.382
-0.281
-0.369
-0.329
-0.19
-0.376
-0.288
-0.259
-0.288
-0.462
-0.449
-0.449
-0.3
-0.452
-0.286
-0.321
-0.402
-0.346
-0.424
-0.359
-0.496
-0.345
-0.536
-0.536
-0.259
-0.336
-0.308
-0.255
-0.144
-0.249
-0.58
-0.425
-0.385
-0.552
-0.55
-0.589
-0.514
-0.458
-0.515
-0.389
-0.338
-0.293
-0.398
-0.396
-0.472
-0.411
-0.424
-0.374
-0.294
-0.451
-0.49
-0.446
-0.371
-0.4
-0.457
-0.447
-0.41
-0.5
-0.547
-0.479
-0.562
-0.613
-0.361
-0.502
-0.471
-0.514
-0.443
