-75.75
-82.08
-74.64
-66.42
-60.83
-66.6
-56.68
-57.66
-68.09
-63.19
-69.35
-68.19
-75.26
-81.59
-80.36
-75.24
-73.72
-72.46
-69.99
-77.17
-88.18
-82.39
-77.55
-79.06
-77.25
-84.08
-80.41
-71.72
-80.54
-91.44
-91.46
-83.48
-78.83
-82.4
-85.63
-81.91
-80.61
-67.06
-73.45
-77.06
-66.65
-84.01
-82.72
-85.79
-88.56
-88.34
-91.09
-91.63
-93.26
-90.05
-91.03
-91.12
-81.48
-79.65
-96.69
-92.08
-89.15
-84.46
-92.38
-98.22
-87.6
-73.76
-88.95
-92.26
-76.42
-83.1
-81.56
-81.35
-86.36
-89.23
-87.28
-83.61
-84.55
-84.58
-85.92
-83.69
-80.69
-77.6
-86.43
-83.09
-96.55
-97.33
-92.57
-91.02
-84.28
-85.11
-86.63
-87.48
-82.63
-90.07
-85.6
-75.02
-91.82
-91.46
-93.39
-91.66
-79.3
-83.33
-88.77
-77.8
-105.1
-95.23
-90.42
-85.94
-101.57
-79.99
-95.05
-97.54
-91.35
-95.47
-94.93
-91.57
-80.76
-72.48
-86.96
-99.91
-84.49
-89.4
-91.49
-82.3
-86.87
-88.48
-88.1
-76.86
-87.15
-77.47
-87.52
-84.12
-97.49
-81.74
-88.62
-76.91
-95.87
-100.18
-87.4
-90.97
-81.52
-90.82
-94.27
-97.82
-92.85
-101.0
-98.48
-77.59
-96.43
-90.99
-80.7
-83.42
-87.68
-78.85
