-108.94
-106.97
-126.24
-117.37
-114.18
-115.12
-127.37
-119.26
-117.65
-112.18
-118.39
-102.34
-108.04
-122.9
-113.03
-111.7
-118.2
-125.12
-114.52
-114.0
-116.25
-115.66
-113.98
-121.15
-115.25
-116.44
-103.13
-108.22
-105.95
-100.12
-116.35
-110.15
-115.78
-115.49
-107.42
-109.36
-118.72
-106.3
-112.16
-111.16
-113.66
-117.6
-111.85
-108.76
-116.05
-109.66
-121.23
-108.71
-102.8
-109.29
-105.7
-113.55
-100.95
-106.8
-110.85
-106.43
-100.74
-101.42
-108.77
-102.63
-108.4
-93.7
-108.45
-109.51
-101.76
-105.86
-108.74
-95.3
-100.97
-108.5
-106.42
-103.03
-100.65
-97.0
-111.3
-105.38
-105.71
-106.85
-102.83
-111.86
-111.88
-112.56
-107.78
-117.57
-100.49
-100.94
-109.95
-102.57
-119.95
-112.12
-103.42
-101.44
-110.94
-110.21
-108.64
-107.7
-114.31
-111.08
-112.77
-108.45
-107.96
-111.13
-113.3
-111.92
-112.99
-112.87
-101.87
-105.17
-107.4
-101.41
-121.55
-112.63
-110.7
-105.81
-115.3
-108.24
-107.54
-105.8
-113.25
-100.59
-123.0
-107.14
-109.28
-106.19
-103.45
-118.12
-117.64
-109.06
-105.91
-114.53
-115.08
-108.69
-117.69
-110.69
-111.1
-116.91
-111.01
-103.74
-109.2
-100.53
-111.78
-99.74
-107.17
-100.83
-105.15
-115.95
-106.26
-117.32
-103.07
-112.91
-105.76
-96.9
-106.87
-104.44
-104.79
-99.81
-107.13
-104.76
-97.53
-104.67
-110.67
-111.9
-103.52
-112.62
-97.15
-102.65
-97.86
-101.27
-91.93
-101.79
-114.25
-104.65
-107.46
-91.53
-98.35
-97.69
-96.81
-89.18
-99.81
-99.03
-102.49
-99.41
-91.42
-111.96
-103.58
-96.1
-99.61
-103.41
-101.75
-100.37
-98.81
-93.4
-93.14
-99.58
-102.82
-99.41
-97.05
-105.21
-101.0
-98.34
-96.08
-105.41
-100.29
-103.55
-91.99
-96.71
-102.38
-98.2
-95.49
-103.38
-98.09
-107.62
-104.68
-91.55
-100.52
-99.23
-96.55
-104.67
-114.93
-107.77
-105.07
-114.31
-100.45
-108.91
-105.94
-114.15
-121.93
-104.28
-106.59
-112.77
-108.12
-99.06
-101.88
-105.65
-101.52
-97.08
-98.19
-111.16
-102.39
-100.94
-103.16
-94.4
-100.89
-106.7
-98.77
-106.93
-112.15
-99.51
-111.22
-99.1
-100.28
-95.88
-102.17
-99.96
-106.5
-108.58
-109.47
-106.81
-104.64
-98.85
-97.2
-99.5
-103.33
-107.39
-105.59
-97.65
-115.28
-94.73
-95.44
-106.07
-91.98
-108.16
-102.99
-105.81
-101.51
-99.55
-104.2
-108.32
-107.34
-96.88
-109.56
-100.02
-102.16
-101.51
-97.66
-100.91
-111.01
-106.81
-104.1
-99.29
-104.56
-98.6
-102.26
-106.5
-96.11
-97.0
-102.6
-101.13
-104.46
-110.7
-117.84
-112.96
-100.44
-102.11
-112.61
-99.54
-100.69
-108.81
-109.85
-102.61
-109.81
-112.77
-99.69
-106.91
-107.77
-109.38
-109.42
-107.15
-98.55
-116.77
-112.6
-113.96
-108.95
-110.28
-110.21
-112.86
-115.98
-110.31
-106.59
-104.05
-110.27
-108.46
-107.3
-105.65
-107.86
-103.92
-107.3
-108.63
-105.2
-107.5
-101.49
-104.52
-95.41
-99.15
-114.89
-122.02
-119.65
-105.6
-115.54
-114.89
-106.85
-104.75
-104.31
-106.53
-119.43
-109.44
-115.65
-113.55
-115.55
-107.14
-112.85
-112.05
-117.32
-114.12
-101.53
-118.09
-118.35
-117.11
-117.71
-117.19
-114.8
-121.67
-123.57
-114.93
-119.94
-119.77
-110.73
-120.45
-104.95
-112.43
-113.79
-113.68
-109.98
-110.72
-118.48
-108.08
-102.81
-112.91
-111.59
-106.94
-113.55
-110.2
-114.02
-113.37
-110.47
-107.44
-117.9
-120.37
-110.21
-122.96
-117.63
-111.18
-115.41
-111.19
-110.7
-118.89
-116.47
-114.58
-108.06
-102.36
-113.1
-120.84
-113.2
-116.27
-116.08
-107.75
-116.96
-115.25
-111.57
-118.01
-110.29
-109.47
-116.79
-110.95
-115.56
-115.81
-114.78
-109.0
-117.24
-105.88
-120.17
-112.89
-124.74
-119.07
-122.08
-125.72
-119.32
-120.68
-109.15
-119.83
-119.12
-125.22
-112.07
-118.96
-117.96
-122.32
-127.76
-120.8
-122.83
-118.44
-117.1
