-703.665
-713.672
-749.515
-759.928
-752.318
-676.341
-736.079
-810.588
-724.976
-739.906
-718.244
-651.936
-680.601
-737.321
-740.47
-762.012
-798.736
-756.376
-718.599
-737.441
-736.026
-646.147
-694.861
-740.605
-733.22
-712.635
-729.973
-730.227
-713.696
-698.243
-684.498
-697.681
-692.899
-693.663
-666.653
-717.853
-721.703
-618.115
-691.815
-704.178
-718.708
-746.387
-737.314
-712.383
-716.928
-710.619
-707.724
-633.351
-684.664
-696.412
-675.146
-703.273
-675.161
-703.471
-736.937
-682.69
-695.839
-671.121
-681.524
-655.312
-675.82
-684.411
-735.535
-721.744
-717.082
-750.405
-681.194
-736.465
-667.22
-708.193
-682.585
-747.761
-679.684
-727.439
-722.22
-775.561
-727.625
-732.728
-694.501
-719.864
-733.648
-679.837
-772.89
-739.355
-732.293
-683.411
-760.856
-749.811
-746.592
-702.597
-702.929
-751.272
-691.026
-721.324
-751.881
-692.221
-741.173
-720.064
-732.359
-679.519
-747.125
-664.891
-704.705
-692.2
-679.143
-732.567
-681.876
-730.297
-753.301
-690.733
-758.84
-743.951
-689.913
-750.816
-737.406
-757.659
-729.109
-695.665
-725.504
-713.325
-753.138
-700.031
-753.52
-697.156
-741.621
-718.009
-774.578
-740.483
-734.934
-756.939
-764.591
-732.545
-730.027
-714.029
-735.963
-756.14
-658.537
-735.079
-689.937
-745.915
-735.473
-733.981
-724.976
-744.619
-732.178
-721.734
-733.376
-747.569
-685.787
-756.476
-633.243
-646.178
-679.828
-650.254
-697.656
-704.365
-682.45
-678.78
-696.037
-704.813
-755.345
-704.269
-733.356
-724.308
-668.721
-683.463
-673.581
-677.805
-622.83
-677.417
-678.215
-660.787
-673.617
-692.767
-722.192
-658.564
-668.344
-640.39
-683.716
-681.682
-703.706
-649.0
-590.952
-727.913
-694.155
-731.827
-732.361
-761.079
-750.155
-717.559
-738.898
-708.625
-721.762
-736.258
-707.466
-727.331
-714.074
-702.623
-666.875
-723.795
-705.581
-718.481
-741.37
-757.108
-722.09
-704.367
-740.16
-715.925
-711.728
-713.59
-746.252
-728.904
-687.398
-696.154
-775.968
-676.802
-727.477
-695.632
-749.763
-684.208
-707.983
-743.037
-726.107
-711.916
-737.436
-747.942
-769.045
-694.22
-723.717
-748.341
-685.085
-727.193
-709.839
-732.061
-741.839
-712.096
-699.865
-706.927
-649.162
-710.013
-724.766
-706.089
-722.127
-719.116
-707.326
-721.024
-733.477
-644.649
-711.881
-722.222
-719.08
-669.493
-722.47
-692.863
-700.513
-726.709
-726.051
-708.199
-683.122
-707.685
-710.298
-679.265
-724.072
-689.356
-691.287
-676.556
-655.622
-691.444
-683.661
-633.83
-598.119
-690.286
-642.382
-729.084
-653.736
-653.157
-694.453
-658.031
-682.623
-648.1
-703.383
-694.488
-681.355
-702.173
-713.171
-681.451
-698.103
-711.961
-725.109
-708.583
-720.512
-739.359
-685.16
-664.371
-704.567
-716.364
-670.943
-733.494
-755.246
-721.394
-686.279
-731.571
-694.235
-730.919
-730.73
-685.547
-738.133
-713.875
-710.11
-742.242
-769.379
-734.107
-697.882
-720.15
-689.984
-713.591
-687.195
-761.272
-720.508
-748.406
-757.928
-716.158
-708.68
-713.281
-667.064
-712.889
-793.61
-722.596
-748.475
-722.787
-688.765
-777.426
-773.098
-750.183
-701.641
-744.222
-706.559
-713.8
-716.831
-752.142
-717.021
-774.445
-749.234
-751.184
-733.662
-717.191
-739.953
-759.622
-805.201
-739.277
-734.06
-759.009
-752.122
-755.081
-716.426
-706.326
-689.29
-707.157
-638.203
-648.336
-668.637
-711.957
-653.938
-685.394
-655.088
-710.027
-767.526
-699.576
-703.915
-704.938
-699.299
-719.921
-758.262
-720.213
-709.164
-727.083
-680.82
-708.009
-698.635
-711.691
-682.528
-706.74
-650.707
-734.996
-719.53
-711.781
-698.578
-671.848
-705.48
-688.582
-665.888
-688.603
-712.141
-650.022
-664.406
-668.027
-727.247
-755.767
-709.372
-683.841
-754.06
-740.746
-787.811
-742.482
-697.444
-721.621
-747.038
-700.854
-754.866
-764.44
-728.589
-744.532
-750.456
-773.84
-783.527
-755.162
-741.294
-748.268
-751.977
-787.492
-749.666
-759.51
-745.726
-721.046
-786.504
-725.354
-782.924
-719.912
-742.833
-777.401
-720.651
-777.412
-783.649
-797.195
-762.466
-764.865
-779.141
-744.912
-755.832
-753.38
-769.695
-771.587
-760.116
-760.147
-807.324
-760.363
-754.375
-798.957
-780.184
-763.353
-796.616
