-0.406
-0.441
-0.413
-0.719
-0.479
-0.449
-0.505
-0.592
-0.447
-0.389
-0.413
-0.418
-0.49
-0.417
-0.597
-0.478
-0.606
-0.743
-0.52
-0.749
-0.618
-0.578
-0.573
-0.668
-0.713
-0.439
-0.514
-0.267
-0.307
-0.291
-0.517
-0.647
-0.479
-0.386
-0.48
-0.398
-0.521
-0.299
-0.514
-0.504
-0.51
-0.529
-0.506
-0.308
-0.641
-0.47
-0.465
-0.234
-0.49
-0.339
-0.488
-0.463
-0.475
-0.465
-0.465
-0.474
-0.317
-0.438
-0.394
-0.324
-0.415
-0.352
-0.413
-0.397
-0.344
-0.305
-0.478
-0.581
-0.434
-0.481
-0.5
-0.451
-0.421
-0.322
-0.444
-0.475
-0.586
-0.313
-0.48
-0.591
-0.464
-0.561
-0.549
-0.338
-0.498
-0.461
-0.573
-0.293
-0.473
-0.492
-0.419
-0.405
-0.555
-0.566
-0.538
-0.631
-0.47
-0.653
-0.598
-0.648
-0.245
-0.51
-0.449
-0.528
-0.55
-0.575
-0.445
-0.622
-0.487
-0.5
-0.454
-0.562
-0.537
-0.465
-0.607
-0.513
-0.35
-0.55
-0.418
-0.515
-0.637
-0.386
-0.249
-0.542
-0.416
-0.37
-0.37
-0.247
-0.311
-0.427
-0.462
-0.258
-0.447
-0.394
-0.386
-0.48
-0.386
-0.293
-0.505
-0.411
-0.36
-0.462
-0.452
-0.488
-0.48
-0.261
-0.435
-0.404
-0.374
-0.546
-0.532
-0.433
-0.63
-0.467
-0.466
-0.533
-0.511
-0.503
-0.362
-0.491
-0.668
-0.619
-0.49
-0.421
-0.391
-0.455
-0.512
-0.544
-0.309
-0.472
-0.277
-0.417
-0.487
-0.358
-0.332
-0.232
-0.382
-0.255
-0.283
-0.333
-0.454
-0.32
-0.223
-0.615
-0.579
-0.417
-0.419
-0.524
-0.427
-0.616
-0.622
-0.539
-0.585
-0.574
-0.561
-0.495
-0.508
-0.56
-0.469
-0.443
-0.483
-0.548
-0.69
-0.595
-0.48
-0.414
-0.5
-0.442
-0.59
-0.457
-0.792
-0.364
-0.438
-0.378
-0.489
-0.421
-0.517
-0.469
-0.512
-0.487
-0.499
-0.623
-0.584
-0.531
-0.569
-0.622
-0.61
-0.49
-0.53
-0.667
-0.455
-0.574
-0.49
-0.353
-0.534
-0.47
-0.552
-0.456
-0.464
-0.677
-0.493
-0.488
-0.361
-0.51
-0.544
-0.485
-0.463
-0.632
-0.507
-0.537
-0.484
-0.383
-0.423
-0.284
-0.387
-0.593
-0.38
-0.611
-0.48
-0.393
-0.389
-0.508
-0.724
-0.595
-0.641
-0.47
-0.466
-0.501
-0.441
-0.446
-0.315
-0.279
-0.49
-0.592
-0.393
-0.463
-0.46
-0.413
-0.69
-0.552
-0.632
-0.497
-0.288
-0.417
-0.428
-0.49
-0.611
-0.607
-0.516
-0.57
-0.649
-0.647
-0.505
-0.498
-0.45
-0.549
-0.482
-0.436
-0.6
-0.642
-0.484
-0.412
-0.345
-0.436
-0.448
-0.499
-0.356
-0.395
-0.609
-0.404
-0.372
-0.513
-0.415
-0.423
-0.417
-0.529
-0.413
-0.497
-0.451
-0.448
-0.348
-0.498
-0.402
-0.488
-0.487
-0.355
-0.638
-0.527
-0.449
-0.569
-0.533
-0.506
-0.571
-0.439
-0.591
-0.492
-0.427
-0.448
-0.38
-0.583
-0.477
-0.605
-0.426
-0.503
-0.423
-0.568
-0.516
-0.439
-0.514
-0.366
-0.424
-0.361
-0.52
-0.515
-0.627
-0.422
-0.599
-0.573
-0.5
-0.604
-0.625
-0.61
-0.556
-0.571
-0.419
-0.43
-0.546
-0.39
-0.245
-0.455
-0.5
-0.578
-0.522
-0.7
-0.463
-0.504
-0.475
-0.529
-0.574
-0.475
-0.451
-0.462
-0.509
-0.395
-0.495
-0.534
-0.701
-0.491
-0.565
-0.615
-0.568
-0.521
-0.375
-0.545
-0.516
-0.43
-0.487
-0.708
-0.504
-0.348
-0.645
-0.556
-0.452
-0.424
-0.584
-0.657
-0.558
-0.51
-0.501
-0.602
-0.541
-0.487
-0.49
-0.445
-0.531
-0.465
-0.516
-0.544
-0.628
-0.507
-0.492
-0.642
-0.488
-0.429
-0.435
-0.473
-0.448
-0.526
-0.633
-0.433
-0.606
-0.546
-0.33
-0.566
-0.6
-0.662
-0.462
-0.699
-0.516
-0.708
-0.566
-0.767
-0.613
-0.54
-0.59
-0.695
-0.484
-0.754
-0.707
-0.57
-0.578
