-107.57
-116.64
-112.62
-125.15
-120.56
-104.13
-103.03
-105.0
-115.67
-105.95
-112.37
-97.48
-104.36
-116.01
-113.29
-111.23
-114.79
-111.85
-102.81
-111.55
-114.86
-113.51
-107.15
-115.74
-114.62
-126.83
-110.68
-124.75
-112.63
-124.17
-122.43
-120.4
-132.79
-131.66
-121.68
-114.0
-111.8
-107.29
-133.07
-109.41
-118.45
-123.43
-116.21
-117.9
-126.57
-117.92
-125.0
-128.94
-112.42
-125.56
-118.67
-116.25
-128.8
-120.59
-131.44
-137.86
-107.68
-121.15
-126.63
-101.11
-125.91
-117.59
-115.72
-127.1
-132.58
-117.06
-112.63
-119.32
-116.17
-107.51
-117.67
-104.81
-125.89
-105.82
-112.01
-120.65
-124.39
-119.25
-118.02
-127.79
-118.23
-120.15
-121.82
-108.11
-119.17
-124.8
-111.87
-119.26
-110.06
-102.55
-112.53
-117.05
-109.45
-117.22
-110.75
-123.89
-108.43
-115.68
-106.46
-123.69
-108.89
-109.58
-113.3
-109.22
-110.6
-115.17
-117.46
-109.06
-117.01
-113.9
-133.22
-121.59
-114.63
-118.96
-100.61
-106.26
-104.18
-111.51
-103.74
-109.67
-112.61
-109.26
-102.68
-102.09
-100.48
-113.87
-92.07
-81.23
-97.06
-95.23
-109.43
-99.66
-107.32
-118.81
-100.23
-103.56
-114.67
-119.53
-121.95
-119.36
-119.77
-101.73
-118.91
-108.75
-111.53
-120.73
-104.9
-105.27
-97.88
-103.84
