-507.22
-528.11
-586.42
-599.427
-606.631
-584.181
-602.313
-607.861
-589.438
-594.724
-576.997
-534.454
-600.454
-548.553
-583.55
-575.984
-583.827
-551.138
-531.657
-559.854
-584.362
-528.623
-495.581
-501.285
-575.795
-538.009
-505.029
-540.051
-546.226
-598.386
-542.832
-512.29
-491.163
-529.545
-541.152
-543.353
-574.261
-554.014
-565.01
-588.835
-528.172
-558.721
-586.54
-479.373
-472.58
-509.047
-484.263
-479.688
-495.576
-530.102
-522.635
-524.139
-563.992
-561.216
-536.151
-575.585
-505.478
-530.13
-565.571
-486.867
-505.573
-519.601
-564.721
-644.074
-541.689
-572.619
-595.355
-561.479
-517.106
-528.801
-524.975
-501.176
-514.6
-514.559
-530.198
-506.468
-462.007
-488.279
-489.063
-489.165
-443.75
-442.921
-448.892
-439.311
-469.437
-475.63
-462.473
-412.897
-414.001
-438.602
-429.968
-459.092
-426.906
-426.465
-476.347
-428.653
-405.034
-436.826
-489.604
-491.449
-457.439
-458.737
-452.807
-459.455
-486.475
-447.112
-509.51
-498.151
-449.027
-492.165
-450.023
-501.698
-500.117
-494.939
-455.505
-503.603
-497.519
-464.823
-511.49
-495.93
-492.179
-495.824
-441.144
-527.541
-522.125
-421.153
-444.161
-456.357
-445.523
-500.481
-449.821
-490.149
-507.034
-487.983
-516.897
-481.855
-464.499
-475.021
-443.333
-472.664
-501.278
-455.436
-434.887
-491.579
-474.196
-466.573
-487.896
-481.73
-458.823
-510.012
-564.824
-470.694
-475.52
-549.773
-559.1
-525.244
-500.425
-482.529
-419.357
-431.479
-492.236
-529.229
-505.342
-480.076
-493.133
-538.312
-537.982
-437.904
-477.287
-490.771
-509.579
-439.039
-485.663
-485.614
-458.965
-464.676
-445.321
-506.201
-438.889
-454.506
-466.323
-425.39
-462.911
-448.161
-452.484
-413.596
-468.665
-414.641
-431.743
-404.483
-454.599
-473.267
-492.492
-446.144
-459.689
-447.23
-482.469
-464.32
-432.655
-474.338
-463.211
