-0.375
-0.292
-0.268
-0.343
-0.325
-0.327
-0.322
-0.359
-0.403
-0.345
-0.38
-0.373
-0.385
-0.315
-0.321
-0.34
-0.265
-0.259
-0.247
-0.344
-0.326
-0.297
-0.304
-0.253
-0.266
-0.219
-0.18
-0.243
-0.28
-0.269
-0.267
-0.237
-0.242
-0.246
-0.383
-0.255
-0.344
-0.353
-0.261
-0.234
-0.285
-0.441
-0.338
-0.189
-0.304
-0.172
-0.249
-0.243
-0.196
-0.373
-0.307
-0.192
-0.375
-0.346
-0.313
-0.384
-0.294
-0.273
-0.365
-0.288
-0.268
-0.252
-0.352
-0.364
-0.332
-0.283
-0.312
-0.206
-0.316
-0.264
-0.284
-0.233
-0.279
-0.213
-0.24
-0.298
-0.214
-0.434
-0.288
-0.249
-0.26
-0.19
-0.168
-0.134
-0.238
-0.188
-0.148
-0.296
-0.195
-0.235
-0.134
-0.238
-0.236
-0.206
-0.173
-0.197
-0.322
-0.25
-0.217
-0.262
-0.273
-0.234
-0.207
-0.198
-0.206
-0.255
-0.28
-0.383
-0.328
-0.326
-0.307
-0.323
-0.427
-0.249
-0.195
-0.265
-0.244
-0.223
-0.3
-0.283
-0.272
-0.437
-0.295
-0.274
-0.275
-0.264
-0.328
-0.283
-0.284
-0.212
-0.29
-0.228
-0.131
-0.292
-0.195
-0.261
-0.371
-0.224
-0.157
-0.287
-0.28
-0.216
-0.185
-0.237
-0.333
-0.208
-0.203
-0.278
-0.224
-0.31
-0.324
-0.266
-0.267
-0.304
-0.314
-0.34
-0.35
-0.354
-0.214
-0.191
-0.302
-0.337
-0.3
-0.317
-0.249
-0.271
-0.35
-0.276
-0.286
-0.217
-0.238
-0.178
-0.179
-0.301
-0.279
-0.112
-0.254
-0.167
-0.225
-0.3
-0.148
-0.118
-0.193
-0.236
-0.194
-0.181
-0.171
-0.224
-0.106
-0.235
-0.201
-0.292
-0.317
-0.296
-0.374
-0.241
-0.258
-0.314
-0.213
-0.301
-0.28
