-65.78
-68.16
-74.19
-78.61
-71.0
-71.35
-66.9
-67.31
-83.49
-70.11
-66.66
-86.08
-80.84
-85.44
-76.42
-69.83
-72.07
-80.82
-67.88
-75.18
-69.73
-66.33
-60.52
-58.55
-66.57
-61.41
-57.46
-55.63
-62.84
-67.89
-56.13
-50.61
-58.91
-52.32
-63.39
-66.39
-72.03
-52.43
-47.45
-48.58
-49.81
-52.98
-43.15
-39.88
-65.52
-61.26
-45.51
-66.2
-57.14
-62.46
-52.76
-52.6
-56.16
-55.68
-65.21
-62.57
-63.11
-56.82
-44.9
-52.85
-56.79
-52.29
-54.27
-57.42
-55.91
-63.33
-54.1
-56.35
-63.96
-64.63
-62.02
-53.97
-45.92
-62.9
-45.39
-46.68
-53.02
-53.05
-55.75
-56.03
-55.47
-48.83
-63.17
-70.43
-55.71
-55.75
-51.62
-50.84
-45.48
-60.02
-59.02
-57.31
-54.53
-58.97
-58.36
-47.5
-53.31
-56.95
-48.62
-54.76
-58.23
-49.28
-60.29
-67.53
-62.17
-69.1
-63.22
-56.52
-46.85
-43.74
-61.19
-58.55
-59.11
-59.96
-55.1
-65.57
-66.2
-57.01
-52.37
-64.62
-60.94
-52.91
-54.65
-53.7
-44.35
-55.36
-52.8
-51.53
-46.77
-53.76
-53.96
-42.42
-54.41
-51.98
-45.86
-55.95
-65.82
-46.44
-54.68
-44.02
-58.29
-46.49
-47.81
-45.28
-55.8
-44.38
-60.8
-56.26
-53.36
-63.43
