-71.71
-76.29
-86.13
-84.0
-83.3
-88.84
-84.51
-86.64
-92.19
-84.85
-85.82
-74.92
-80.83
-87.28
-85.69
-96.29
-81.57
-79.7
-76.95
-80.39
-84.25
-79.45
-81.88
-74.45
-73.56
-73.24
-74.56
-75.62
-82.96
-70.85
-76.89
-75.29
-67.45
-76.3
-80.94
-81.31
-83.51
-79.6
-84.21
-80.16
-76.5
-83.86
-76.98
-69.33
-75.45
-74.57
-64.24
-71.17
-72.85
-76.43
-78.35
-59.89
-82.37
-77.94
-69.98
-78.24
-74.87
-71.45
-86.98
-77.36
-76.97
-85.43
-78.81
-82.21
-81.97
-74.03
-82.2
-78.0
-77.11
-79.98
-71.05
-71.9
-73.53
-67.44
-72.5
-76.83
-62.98
-61.65
-68.66
-77.04
-67.49
-64.25
-66.39
-59.2
-68.49
-69.01
-76.54
-69.37
-63.16
-60.81
-70.85
-66.15
-62.07
-62.03
-64.52
-66.27
-68.63
-72.05
-72.24
-73.58
-62.75
-67.27
-55.81
-64.23
-62.48
-66.92
-70.7
-73.62
-69.81
-61.21
-69.52
-65.28
-62.27
-61.26
-61.48
-70.74
-64.31
-56.42
-61.91
-70.83
-68.97
-75.29
-52.82
-70.91
-61.91
-64.16
-60.36
-61.62
-68.5
-64.78
-72.69
-69.39
-61.33
-73.74
-71.32
-76.8
-58.63
-59.23
-58.32
-67.65
-61.15
-67.66
-64.44
-65.03
-70.42
-64.25
-67.71
-70.92
-63.55
-67.45
-63.47
-65.39
-74.35
-75.11
-75.0
-62.12
-75.92
-73.04
-63.28
-66.7
-70.15
-63.43
-78.03
-64.03
-70.7
-84.09
-71.02
-65.55
-63.44
-65.37
-69.2
-49.23
-61.83
-59.12
-62.8
-70.0
-61.2
-62.41
-50.3
-57.35
-62.35
-51.5
-67.73
-58.25
-50.54
-67.95
-68.1
-60.73
-55.28
-61.83
-62.64
-54.61
-64.44
-54.1
-67.09
-59.58
-68.85
-72.96
-59.91
-64.95
-66.74
