-98.73
-98.63
-100.29
-92.33
-102.29
-81.93
-105.94
-85.76
-100.37
-97.5
-95.64
-104.09
-95.62
-100.34
-102.57
-95.37
-100.34
-106.05
-83.15
-107.0
-101.98
-100.88
-96.04
-105.78
-103.75
-111.18
-112.3
-99.74
-104.53
-101.63
-97.94
-99.57
-91.14
-103.65
-94.72
-107.75
-98.45
-101.96
-115.54
-101.64
-107.28
-111.24
-97.58
-110.02
-103.42
-102.32
-98.52
-107.06
-114.41
-103.1
-100.21
-110.1
-103.0
-105.16
-107.19
-106.1
-109.55
-106.62
-112.08
-107.64
-111.96
-106.0
-106.59
-107.73
-103.86
-101.85
-100.63
-111.64
-97.57
-92.88
-100.04
-109.51
-109.56
-108.55
-113.45
-118.48
-99.25
-115.97
-103.21
-105.68
-117.97
-107.52
-115.41
-111.94
-119.17
-123.63
-123.26
-114.96
-109.12
-118.84
-120.34
-124.88
-118.89
-119.46
-102.69
-115.97
-121.52
-114.07
-110.1
-105.84
-105.33
-100.99
-113.53
-110.4
-120.03
-127.16
-132.25
-126.93
-123.46
-125.72
-111.13
-116.03
-121.26
-116.07
-120.64
-124.91
-111.73
-108.31
-116.89
-118.03
-115.53
-123.94
-117.13
-122.56
-114.92
-113.24
-118.46
-124.57
-128.7
-120.08
-122.42
-125.85
-108.55
-111.55
-116.77
-108.76
-122.21
-116.54
-128.17
-125.35
-126.18
-114.39
-119.85
-125.41
-115.18
-121.0
-123.52
-130.62
-123.81
-123.66
-128.19
-125.74
-127.21
-140.13
-116.42
-126.12
-122.92
-119.08
-127.63
-119.11
-131.99
-128.37
-131.72
-128.49
-121.23
-132.08
-127.43
-132.24
-122.47
-132.59
-123.23
-124.97
-122.83
-98.85
-125.69
-121.21
-122.64
-112.21
-124.89
-123.42
-117.44
-117.13
-126.6
-122.54
-130.91
-109.21
-128.6
-120.44
-116.72
-120.02
-123.38
-122.45
-125.47
-132.32
-125.64
-137.73
-120.48
-121.98
-126.85
-126.25
-115.69
-113.74
-119.57
-120.93
-119.22
-118.44
-111.59
-123.9
-127.67
-126.94
-120.53
-118.58
-118.84
-110.92
-107.64
-116.0
-114.94
-116.54
-125.55
-125.03
-107.59
-108.43
-108.3
-107.92
-113.36
-109.61
-117.39
-114.62
-119.5
-116.42
-113.93
-108.33
-120.57
-111.74
-112.07
-111.22
-110.47
-116.3
-106.14
-115.82
-106.28
-111.46
-115.97
-103.7
-111.3
-109.78
-119.17
-113.17
-110.3
-117.05
-113.85
-104.72
-115.87
-120.49
-111.96
-106.23
-109.38
-109.4
-112.39
-116.98
-123.27
-114.05
-124.17
-125.61
-118.51
-116.93
-120.91
-122.49
-104.7
-115.41
-115.11
-120.36
-114.46
-124.24
-109.76
-106.62
-114.09
-117.18
-116.53
-124.11
-110.54
-110.74
-122.82
-120.69
-117.34
-117.0
-121.74
-120.81
-124.45
-126.54
-123.78
-123.99
-115.17
-127.38
-122.53
-114.64
-121.3
-123.11
-118.87
-117.08
-118.85
-119.87
-117.99
-116.48
-126.87
-120.28
-112.1
-120.31
-116.59
-123.68
-127.95
-119.27
-118.47
-115.9
-107.68
-115.99
-119.97
-121.97
-115.54
-117.38
-121.59
-124.84
-131.52
-124.79
-123.6
-118.16
-118.23
-123.67
-123.78
-120.31
-121.55
-117.79
-121.32
-130.04
-125.48
-122.71
-107.75
-117.84
-108.79
-122.78
-122.99
-122.88
-117.38
-120.61
-138.73
-125.66
-128.49
-132.63
-130.43
-126.63
-119.85
-130.52
-114.88
-106.12
-120.06
-127.59
-122.31
-113.06
-108.22
-112.72
-117.42
-116.59
-117.65
-122.3
-116.57
-110.77
-124.86
-129.19
-124.69
-119.63
-135.77
-121.77
-127.87
-115.13
-107.71
-108.66
-113.29
-127.04
-109.24
-112.05
-100.22
-105.01
-112.95
-113.61
-116.21
-117.84
-111.03
-114.98
-105.87
-114.79
-104.4
-117.37
-107.21
-102.98
-114.09
-118.23
-115.2
-116.84
-123.48
-123.93
-125.72
-116.36
-126.34
-129.72
-130.92
-124.09
-122.26
-122.99
-122.01
-119.77
-121.34
-121.51
-118.0
-125.18
-126.65
-122.5
-117.52
-119.25
-120.95
-122.0
-120.65
-132.25
-124.57
-126.41
-127.2
-116.79
-129.5
-114.65
-124.88
-131.11
-120.91
-117.84
-114.02
-114.35
-123.25
-118.49
-121.74
-123.24
-126.9
-121.33
-112.63
-122.86
-129.63
-123.01
-126.75
-129.34
-135.65
-133.78
-115.66
-124.15
-113.31
