-0.445
-0.508
-0.488
-0.454
-0.542
-0.29
-0.425
-0.405
-0.334
-0.458
-0.465
-0.444
-0.462
-0.411
-0.479
-0.569
-0.394
-0.526
-0.395
-0.434
-0.617
-0.62
-0.599
-0.58
-0.434
-0.364
-0.52
-0.412
-0.264
-0.403
-0.384
-0.391
-0.402
-0.364
-0.379
-0.441
-0.597
-0.331
-0.482
-0.595
-0.476
-0.387
-0.493
-0.457
-0.385
-0.393
-0.633
-0.43
-0.399
-0.525
-0.54
-0.467
-0.47
-0.273
-0.446
-0.5
-0.421
-0.647
-0.469
-0.345
-0.461
-0.374
-0.553
-0.467
-0.505
-0.446
-0.638
-0.388
-0.47
-0.508
-0.571
-0.608
-0.665
-0.492
-0.531
-0.591
-0.332
-0.443
-0.315
-0.499
-0.53
-0.563
-0.66
-0.574
-0.557
-0.728
-0.648
-0.752
-0.544
-0.557
-0.624
-0.606
-0.988
-0.703
-0.508
-0.518
-0.798
-0.47
-0.439
-0.53
-0.474
-0.589
-0.49
-0.49
-0.615
-0.52
-0.614
-0.66
-0.62
-0.569
-0.629
-0.532
-0.836
-0.639
-0.736
-0.717
-0.716
-0.531
-0.555
-0.676
-0.505
-0.582
-0.639
-0.565
-0.606
-0.797
-0.609
-0.731
-0.917
-0.567
-0.496
-0.557
-0.632
-0.512
-0.691
-0.591
-0.589
-0.534
-0.543
-0.656
-0.671
-0.501
-0.583
-0.543
-0.718
-0.879
-0.462
-0.609
-0.615
-0.616
-0.586
-0.421
-0.623
-0.648
-0.64
-0.613
-0.736
-0.707
-0.781
-0.574
-0.476
-0.631
-0.47
-0.268
-0.598
-0.463
-0.604
-0.541
-0.448
-0.591
-0.469
-0.535
-0.574
-0.543
-0.667
-0.459
-0.428
-0.64
-0.392
-0.441
-0.474
-0.372
-0.414
-0.538
-0.476
-0.309
-0.544
-0.385
-0.408
-0.486
-0.348
-0.541
-0.507
-0.56
-0.723
-0.469
-0.591
-0.374
-0.55
-0.578
-0.753
-0.545
-0.46
-0.594
-0.361
-0.435
-0.33
-0.379
-0.607
-0.449
-0.514
-0.549
-0.463
-0.604
-0.63
-0.599
-0.643
-0.504
-0.452
-0.695
-0.65
-0.363
-0.406
-0.554
-0.597
-0.642
-0.688
-0.683
-0.456
-0.629
-0.579
-0.49
-0.592
-0.507
-0.687
-0.594
-0.729
-0.477
-0.442
-0.592
-0.685
-0.621
-0.418
-0.657
-0.505
-0.531
-0.623
-0.61
-0.723
-0.626
-0.527
-0.625
-0.593
-0.367
-0.601
-0.627
-0.481
-0.69
-0.549
-0.701
-0.55
-0.454
-0.712
-0.479
-0.392
-0.515
-0.444
-0.583
-0.706
-0.465
-0.607
-0.425
-0.423
-0.381
-0.413
-0.41
-0.47
-0.6
-0.413
-0.503
-0.498
-0.566
-0.48
-0.645
-0.549
-0.596
-0.599
-0.571
-0.522
-0.75
-0.555
-0.685
-0.629
-0.527
-0.659
-0.891
-0.538
-0.835
-0.774
-0.638
-0.796
-0.706
-0.622
-0.691
-0.781
-0.874
-0.767
-0.818
-0.98
-0.793
-0.638
-0.73
-0.885
-0.677
-0.724
-0.67
-0.873
-0.817
-0.764
-0.692
-0.596
-0.756
-0.92
-0.848
-0.95
-0.921
-0.734
-0.785
-0.837
-0.81
-0.707
-0.691
-0.645
-0.622
-0.577
-0.703
-0.489
-0.665
-0.55
-0.502
-0.826
-0.597
-0.674
-0.851
-0.593
-0.729
-0.823
-0.638
-0.767
-0.84
-0.896
-0.982
-0.593
-0.547
-0.675
-0.565
-0.7
-0.627
-0.631
-0.629
-0.629
-0.771
-0.763
-0.693
-0.807
-0.781
-0.792
-0.678
-0.763
-0.821
-0.792
-0.601
-0.611
-0.626
-0.65
-0.535
-0.651
-0.842
-0.772
-0.514
-0.623
-0.618
-0.503
-0.755
-0.721
-0.677
-0.683
-0.572
-0.594
-0.617
-0.691
-0.602
-0.489
-0.406
-0.609
-0.664
-0.437
-0.651
-0.539
-0.647
-0.728
-0.839
-0.798
-0.622
-0.779
-0.766
-0.622
-0.664
-0.976
-0.79
-0.601
-0.695
-0.559
-0.658
-0.493
-0.585
-0.522
-0.72
-0.664
-0.646
-0.516
-0.665
-0.608
-0.595
-0.709
-0.726
-0.657
-0.797
-0.723
-0.649
-0.45
-0.703
-0.461
-0.772
-0.828
-0.604
-0.687
-0.612
-0.628
-0.58
-0.602
-0.759
-0.548
-0.547
-0.601
-0.826
-0.851
-0.703
-0.552
-0.676
-0.757
