-713.348
-713.803
-667.091
-694.931
-740.658
-722.046
-707.495
-660.245
-659.493
-684.837
-702.434
-697.911
-677.898
-679.855
-650.363
-707.965
-693.097
-651.945
-625.884
-690.216
-672.716
-734.598
-677.908
-708.714
-770.322
-732.806
-658.605
-680.633
-683.604
-692.006
-672.179
-661.587
-615.844
-640.09
-667.147
-691.375
-669.867
-718.019
-665.175
-679.921
-704.297
-721.334
-699.188
-707.896
-689.483
-709.801
-747.52
-696.197
-751.137
-743.607
-713.665
-741.653
-687.337
-656.352
-713.989
-735.177
-718.131
-725.897
-729.029
-709.578
-744.554
-731.128
-689.325
-648.658
-691.002
-730.373
-718.694
-725.264
-699.024
-724.724
-712.889
-712.024
-731.363
-723.408
-764.688
-730.044
-761.908
-689.711
-728.87
-743.213
-780.455
-741.464
-732.301
-759.906
-758.052
-765.547
-754.721
-742.491
-780.245
-758.252
-787.795
-804.447
-809.25
-769.768
-715.455
-749.106
-783.966
-814.049
-754.835
-729.129
-776.264
-804.196
-744.842
-781.008
-770.542
-851.784
-816.338
-789.057
-797.457
-783.409
-805.362
-810.537
-783.733
-785.444
-781.592
-784.128
-800.652
-839.753
-789.429
-783.592
-821.11
-815.82
-833.519
-805.43
-808.788
-845.594
-784.848
-784.257
-841.661
-754.513
-752.123
-794.312
-785.658
-732.363
-815.87
-801.103
-803.257
-788.453
-784.294
-849.955
-803.143
-763.215
-789.405
-823.114
-834.357
-805.504
-794.221
-787.548
-798.16
-842.971
-815.138
-825.028
-749.777
-830.209
-810.9
-862.984
-831.874
-859.266
-836.226
-849.765
-804.005
-818.236
-806.185
-781.693
-804.02
-794.566
-840.582
-791.656
-824.15
-818.464
-814.749
-718.021
-804.402
-794.775
-786.069
-787.904
-799.128
-797.95
-771.247
-752.496
-798.289
-791.582
-830.35
-787.698
-770.13
-752.754
-763.882
-704.695
-747.023
-765.048
-759.57
-748.475
-789.999
-810.116
-764.876
-768.879
-733.504
-778.053
-781.057
-776.754
-759.441
-776.065
-821.143
-825.032
-784.19
-738.65
-733.995
-785.025
-763.28
-787.474
-774.373
-761.154
-803.998
-776.399
-782.675
-774.068
-799.953
-760.653
-789.881
-783.474
-792.918
-784.065
-796.72
-744.218
-750.939
-812.586
-779.777
-775.172
-752.223
-762.226
-811.626
-812.77
-821.324
-796.93
-780.309
-762.549
-793.427
-713.839
-733.796
-767.337
-779.226
-780.075
-762.482
-826.03
-808.202
-803.034
-850.409
-791.141
-759.227
-823.953
-794.484
-802.526
-830.338
-793.777
-736.644
-784.507
-790.798
-769.301
-806.418
-783.665
-810.534
-771.438
-772.312
-756.309
-780.421
-785.88
-762.212
-821.794
-828.864
-833.034
-751.416
-765.712
-781.364
-785.232
-814.972
-841.519
-780.061
-775.366
-802.723
-767.929
-781.592
-798.221
-833.181
-836.355
-830.364
-834.509
-869.268
-781.721
-834.802
-845.472
-805.26
-844.867
-822.836
-852.2
-803.055
-816.527
-856.569
-780.788
-833.452
-871.989
-821.2
-817.442
-848.995
-881.718
-871.357
-881.492
-817.767
-830.795
-792.746
-822.745
-838.131
-832.253
-832.492
-854.112
-789.395
-803.935
-803.488
-786.478
-801.159
-730.279
-895.388
-784.687
-857.854
-844.651
-887.63
-801.028
-798.486
-778.039
-778.845
-732.074
-829.257
-831.099
-834.372
-828.033
-835.246
-820.659
-783.793
-798.449
-781.948
-785.148
-805.193
-872.569
-791.059
-831.145
-867.759
-871.807
-861.561
-880.708
-888.703
-861.624
-856.081
-820.678
-866.042
-814.156
-835.211
-765.341
-802.668
-848.902
-794.904
-834.897
-780.287
-760.897
-792.004
-831.573
-810.518
-860.89
-836.694
-872.21
-862.086
-849.656
-795.736
-793.992
-821.918
-815.215
-777.79
-739.772
-789.601
-805.755
-840.858
-763.865
-754.095
-760.339
-752.004
-791.607
-792.841
-744.218
-822.317
-782.909
-785.465
-799.401
-802.249
-751.434
-702.573
-732.487
-793.092
-728.183
-796.531
-844.204
-773.319
-837.02
-848.589
-826.051
-811.898
-900.272
-844.496
-921.526
-846.023
-860.041
-848.606
-813.406
-796.572
-857.08
-883.873
-853.408
-893.361
-841.188
-859.196
-858.381
-879.278
-809.487
-834.276
-868.678
-874.938
-823.752
-868.77
-799.364
-864.635
-826.286
-789.39
-897.779
-875.769
-863.101
-800.686
-849.294
-831.951
-811.12
-813.12
-757.692
-824.479
-816.819
-801.625
-839.561
-814.753
-824.411
-835.291
-865.07
-842.068
-808.935
-803.319
-881.176
-851.618
