-127.23
-122.95
-128.06
-109.66
-123.52
-123.06
-125.07
-119.34
-138.37
-118.05
-132.65
-116.7
-124.04
-119.61
-123.97
-119.99
-115.12
-132.96
-126.69
-117.93
-133.0
-115.53
-125.9
-123.61
-129.43
-138.49
-125.63
-132.0
-135.07
-130.38
-136.32
-125.36
-139.35
-134.09
-130.11
-126.42
-133.71
-142.3
-135.89
-134.67
-140.71
-142.22
-150.78
-124.74
-121.24
-133.7
-145.89
-129.03
-127.04
-114.88
-127.39
-129.15
-116.8
-132.05
-128.62
-140.34
-151.35
-141.98
-137.55
-142.02
-147.25
-140.99
-145.06
-141.62
-157.15
-147.38
-153.53
-138.58
-146.2
-148.65
-147.19
-151.24
-148.93
-151.86
-145.01
-156.26
-145.67
-141.6
-147.31
-135.32
-127.79
-150.18
-130.85
-126.92
-147.86
-138.39
-138.51
-136.16
-151.23
-144.85
-150.49
-137.24
-143.16
-155.94
-147.35
-145.24
-132.95
-148.42
-146.44
-160.5
-147.11
-148.51
-148.65
-149.54
-147.65
-155.8
-154.92
-153.02
-151.47
-149.51
-151.14
-144.54
-146.66
-152.28
-148.63
-152.93
-154.62
-147.37
-154.25
-152.78
-140.36
-133.77
-145.24
-145.31
-150.14
-146.26
-150.24
-148.62
-139.03
-145.75
-146.86
-153.74
-151.82
-152.23
-140.78
-141.88
-150.56
-133.24
-136.51
-134.09
-126.89
-146.8
-147.96
-149.53
-146.25
-143.56
-131.96
-149.49
-137.73
-137.9
