-0.911
-0.899
-0.825
-0.939
-0.611
-0.757
-0.943
-1.024
-0.885
-0.7
-0.982
-0.921
-0.976
-0.91
-0.983
-0.806
-0.799
-1.05
-0.81
-0.903
-0.848
-0.617
-0.737
-0.746
-0.591
-0.769
-0.914
-0.801
-0.816
-0.843
-0.842
-0.75
-0.746
-0.809
-0.961
-0.919
-0.622
-0.635
-0.766
-0.661
-0.759
-0.801
-0.825
-0.65
-0.536
-0.796
-0.788
-0.856
-0.774
-0.722
-0.79
-0.858
-0.717
-0.687
-0.764
-0.784
-0.747
-0.775
-0.787
-0.767
-0.847
-0.739
-0.71
-0.65
-0.643
-0.617
-0.692
-0.587
-0.745
-0.571
-0.72
-0.723
-0.804
-0.798
-0.72
-0.426
-0.518
-0.744
-0.578
-0.597
-0.523
-0.637
-0.565
-0.499
-0.638
-0.58
-0.576
-0.742
-0.715
-0.613
-0.774
-0.744
-0.648
-0.731
-0.726
-0.71
-0.606
-0.553
-0.641
-0.565
-0.597
-0.646
-0.671
-0.602
-0.551
-0.539
-0.706
-0.643
-0.438
-0.77
-0.614
-0.682
-0.653
-0.766
-0.734
-0.615
-0.601
-0.595
-0.782
-0.826
-0.887
-0.667
-0.847
-0.82
-0.756
-0.799
-0.748
-0.835
-0.769
-0.749
-0.816
-0.726
-0.846
-0.793
-0.839
-0.921
-0.682
-0.853
-0.878
-0.816
-0.863
-0.98
-0.852
-0.893
-0.894
-0.8
-0.896
-0.797
-0.788
-0.88
-0.695
-0.766
-0.664
-0.847
-0.848
-0.858
-0.803
-0.955
-0.908
-0.835
-0.935
-0.926
-0.987
-0.924
-0.993
-0.912
-0.965
-0.818
-0.854
-0.763
-0.831
-0.588
-0.666
-0.833
-0.783
-0.792
-0.94
-0.811
-0.871
-0.746
-0.899
-0.897
-0.761
-0.819
-1.034
-1.14
-1.041
-1.021
-0.691
-1.002
-0.949
-0.989
-0.917
-0.673
-0.882
-0.819
-0.612
-0.849
-0.796
-0.565
-0.91
-0.654
-0.697
-0.834
-0.757
-0.783
-0.576
-0.638
-0.823
-0.81
-0.498
-0.452
-0.62
-0.614
-0.75
-0.76
-0.661
-0.67
-0.661
-0.568
-0.667
-0.806
-0.827
-0.761
-0.65
-0.664
-0.761
-0.547
-0.738
-0.656
-0.624
-0.583
-0.594
-0.602
-0.41
-0.633
-0.734
-0.734
-0.78
-0.602
-0.649
-0.704
-0.709
-1.009
-0.755
-0.843
-0.857
-0.561
-0.92
-0.72
-0.912
-0.801
-0.686
-0.873
-0.904
-0.863
-0.76
-1.047
-0.7
-0.815
-0.686
-0.535
-0.581
-0.666
-0.702
-0.718
-0.648
-0.678
-0.539
-0.684
-0.657
-0.545
-0.725
-0.578
-0.837
-0.602
-0.829
-0.806
-0.703
-0.696
-0.801
-0.819
-0.778
-0.604
-0.622
-0.472
-0.609
-0.7
-0.629
-0.486
-0.613
-0.648
-0.668
-0.555
-0.563
-0.552
-0.537
-0.526
-0.528
-0.751
-0.693
-0.539
-0.559
-0.608
-0.713
-0.708
-0.706
-0.944
-0.583
-0.715
-0.624
-0.906
-0.767
-0.568
-0.637
-0.65
-0.654
-0.597
-0.699
-0.574
-0.628
-0.537
-0.652
-0.611
-0.713
-0.6
-0.597
-0.73
-0.754
-0.722
-0.605
-0.715
-0.688
-0.79
-0.528
-0.576
-0.722
-0.742
-0.735
-0.644
-0.396
-0.763
-0.686
-0.575
-0.499
-0.502
-0.624
-0.594
-0.548
-0.582
-0.701
-0.775
-0.69
-0.691
-0.875
-0.513
-0.672
-0.699
-0.725
-0.733
-0.784
-0.533
-0.625
-0.706
-0.651
-0.864
-0.713
-0.861
-0.821
-0.654
-0.7
-0.546
-0.581
-0.687
-0.645
-0.615
-0.611
-0.655
-0.782
-0.901
-0.736
-0.569
-0.713
-0.613
-0.679
-0.615
-0.549
-0.608
-0.826
-0.853
-0.601
-0.746
-0.555
-0.782
-0.842
-0.71
-0.783
-0.792
-0.826
-0.854
-0.566
-0.589
-0.575
-0.795
-0.706
-0.55
-0.736
-0.829
-0.639
-0.591
-0.882
-0.813
-0.857
-0.946
-0.654
-0.721
-0.821
-0.816
-0.868
-0.96
-0.541
-0.643
-0.782
-0.81
-0.885
-0.576
-0.651
-0.614
-0.629
-0.888
-0.938
-0.744
-0.853
-0.818
-0.75
-0.736
-0.716
-0.633
-0.702
-0.71
-0.572
-0.604
-0.611
-0.694
-0.647
-0.685
-0.529
-0.626
-0.694
-0.498
-0.6
