-123.7
-113.15
-122.42
-117.86
-117.19
-117.66
-114.27
-117.77
-116.23
-108.89
-114.56
-115.85
-119.93
-111.09
-120.5
-108.82
-106.83
-103.8
-108.82
-120.15
-113.04
-110.99
-114.42
-109.23
-113.97
-94.11
-114.47
-103.36
-106.2
-95.34
-105.77
-99.3
-100.58
-104.28
-99.53
-99.88
-107.85
-119.34
-110.17
-95.89
-100.66
-107.5
-99.21
-104.15
-107.91
-108.1
-103.28
-116.88
-101.83
-96.38
-105.81
-111.51
-117.32
-119.42
-118.5
-106.91
-116.38
-113.37
-101.0
-107.51
-105.68
-103.36
-112.2
-115.05
-119.32
-97.61
-114.85
-94.03
-106.22
-114.29
-99.97
-108.73
-107.44
-116.26
-102.44
-93.58
-101.92
-104.35
-109.31
-122.42
-114.82
-106.8
-115.66
-106.49
-111.7
-115.09
-114.59
-116.17
-110.09
-114.88
-119.41
-128.54
-121.26
-112.06
-120.64
-123.43
-127.9
-123.87
-112.06
-114.86
-113.93
-118.01
-95.25
-120.34
-134.11
-121.28
-129.61
-127.86
-134.09
-110.86
-120.67
-127.75
-133.16
-109.98
-123.28
-111.76
-126.19
-109.28
-116.48
-121.98
-114.97
-119.38
-118.12
-118.28
-122.3
-117.76
-124.27
-116.73
-118.52
-116.75
-122.13
-111.78
-129.89
-118.75
-137.18
-126.08
-124.52
-121.83
-122.69
-130.77
-123.5
-140.01
-117.73
-115.86
-118.64
-113.63
-101.14
-117.98
-115.27
-96.09
