-909.421
-895.234
-837.798
-875.736
-769.011
-827.296
-886.243
-908.247
-888.625
-795.886
-807.531
-831.603
-870.792
-814.117
-859.092
-788.095
-836.897
-845.159
-814.881
-892.831
-845.688
-802.132
-834.063
-801.541
-778.925
-778.427
-836.268
-783.899
-828.32
-850.78
-806.158
-809.992
-778.161
-811.567
-858.225
-851.34
-794.017
-798.215
-808.555
-775.194
-782.06
-811.494
-833.825
-783.532
-758.375
-765.845
-771.691
-773.354
-789.008
-764.604
-749.901
-795.59
-767.891
-806.518
-782.04
-768.705
-777.178
-779.831
-758.218
-786.783
-711.974
-756.156
-700.822
-713.77
-734.925
-691.159
-759.165
-710.125
-785.148
-756.892
-724.267
-752.122
-786.665
-720.277
-729.226
-714.614
-731.456
-714.777
-736.126
-706.697
-710.99
-681.62
-673.996
-690.046
-679.93
-678.123
-640.675
-734.696
-720.715
-688.652
-675.602
-662.097
-659.913
-709.621
-738.473
-709.969
-737.999
-752.637
-717.383
-714.883
-766.125
-746.863
-713.571
-768.478
-789.368
-740.801
-776.857
-778.055
-749.33
-739.325
-707.998
-737.057
-743.7
-670.958
-830.23
-746.624
-731.033
-728.676
-767.064
-821.574
-807.827
-766.1
-795.168
-803.004
-757.631
-813.522
-774.728
-767.51
-798.71
-747.915
-845.112
-844.802
-840.304
-814.805
-825.435
-829.09
-855.981
-782.215
-879.127
-855.945
-799.429
-905.656
-825.547
-873.696
-827.455
-823.878
-852.111
-850.111
-892.553
-836.811
-819.053
-813.592
-791.865
-809.558
-911.63
-828.947
-858.653
-892.961
-895.995
-830.227
-867.083
-912.644
-872.702
-847.376
-879.473
-861.144
-853.482
-854.058
-847.762
-871.646
-791.738
-839.887
-837.971
-853.038
-814.135
-830.51
-848.739
-814.286
-785.903
-777.679
-813.49
-826.862
-831.281
-834.736
-842.347
-825.215
-854.573
-810.443
-858.211
-858.075
-819.055
-862.51
-852.773
-823.234
-830.193
-789.163
-798.24
-839.076
-782.586
-783.085
-783.041
-765.207
-735.809
-742.256
-770.034
-792.901
-796.711
-728.391
-753.375
-758.208
-763.855
-714.233
-728.825
-706.945
-655.181
-757.979
-698.429
-732.286
-787.619
-767.643
-776.231
-804.446
-766.643
-781.6
-723.768
-752.493
-737.102
-743.783
-744.461
-771.567
-702.266
-757.724
-747.854
-725.687
-708.693
-787.407
-803.736
-768.376
-792.725
-753.312
-758.298
-799.764
-814.507
-820.245
-828.427
-805.478
-786.154
-798.651
-785.234
-825.062
-809.915
-828.161
-858.555
-808.708
-818.149
-822.592
-800.907
-799.847
-825.121
-819.348
-724.77
-715.808
-746.133
-783.922
-778.545
-828.144
-813.286
-845.249
-771.612
-797.151
-746.686
-743.458
-713.772
-748.702
-851.247
-774.265
-841.957
-800.438
-838.772
-795.694
-765.879
-821.857
-841.617
-790.23
-756.819
-723.484
-689.913
-727.804
-754.48
-742.735
-740.964
-727.857
-745.31
-769.537
-747.805
-725.657
-668.725
-647.025
-713.441
-797.721
-746.43
-702.353
-732.531
-766.56
-799.028
-817.744
-817.971
-781.333
-790.265
-744.652
-786.358
-810.315
-771.262
-776.031
-767.088
-776.65
-805.999
-795.882
-761.91
-734.599
-763.035
-795.521
-784.735
-817.626
-751.164
-838.504
-759.019
-773.454
-796.743
-835.303
-809.945
-802.559
-807.911
-770.688
-746.062
-717.089
-794.573
-780.5
-779.826
-739.763
-728.068
-816.894
-787.146
-760.331
-768.253
-823.096
-737.205
-763.728
-741.542
-741.497
-846.005
-816.946
-861.35
-802.63
-797.763
-776.192
-828.79
-780.111
-848.716
-860.757
-794.492
-810.681
-791.462
-783.094
-778.681
-790.439
-784.33
-763.603
-778.089
-763.209
-794.957
-782.994
-764.205
-791.815
-738.858
-786.488
-793.226
-771.954
-785.427
-779.061
-801.503
-766.717
-777.893
-748.68
-753.531
-773.693
-764.829
-759.846
-772.744
-809.96
-768.704
-722.333
-690.855
-756.557
-768.093
-750.438
-758.484
-741.322
-787.352
-739.989
-844.99
-797.59
-776.538
-797.084
-765.859
-796.433
-728.766
-782.432
-787.37
-704.102
-761.862
-768.434
-781.575
-798.749
-795.913
-840.857
-764.111
-755.064
-783.716
-794.933
-798.496
-752.2
-807.332
-833.771
-832.199
-819.045
-790.126
-808.419
-838.869
-827.189
-819.859
-794.186
-847.727
-830.846
-809.418
-754.839
-821.264
-792.637
-779.311
-729.514
-744.509
-771.494
-775.971
-717.405
-733.711
-771.007
-794.472
-785.985
-795.05
-753.738
-758.827
