-113.2
-119.05
-114.17
-124.83
-115.13
-115.87
-110.21
-130.21
-110.79
-108.23
-112.69
-118.72
-126.56
-126.77
-133.68
-123.24
-120.49
-114.31
-124.47
-125.86
-115.91
-117.37
-130.81
-117.17
-122.15
-111.63
-115.95
-96.53
-111.62
-116.37
-111.18
-107.67
-115.79
-121.38
-107.28
-118.74
-115.56
-118.01
-111.19
-118.46
-105.92
-116.93
-118.38
-108.83
-107.99
-113.04
-109.77
-111.12
-111.1
-111.45
-103.95
-113.33
-116.05
-108.82
-114.55
-118.1
-122.27
-116.87
-110.2
-111.42
-105.61
-113.67
-115.86
-100.15
-108.82
-103.73
-117.8
-108.35
-112.25
-113.88
-114.22
-107.33
-112.73
-105.06
-107.44
-99.75
-103.23
-105.88
-101.73
-95.55
-102.75
-98.53
-107.59
-107.69
-103.03
-106.84
-106.31
-119.03
-113.92
-109.75
-111.02
-112.48
-101.08
-106.44
-115.49
-117.01
-111.97
-105.26
-101.58
-107.72
-112.28
-108.82
-113.28
-118.67
-114.49
-107.67
-112.25
-112.01
-105.55
-104.68
-116.33
-118.1
-110.52
-113.23
-102.98
-113.84
-108.44
-98.47
-103.37
-122.45
-102.52
-107.67
-115.98
-123.17
-106.97
-105.49
-104.91
-106.91
-104.61
-119.66
-119.08
-114.64
-113.41
-111.26
-118.82
-124.16
-116.39
-114.37
-113.38
-115.69
-117.68
-126.32
-114.4
-115.09
-109.01
-118.89
-118.22
-113.6
-116.74
-117.01
-121.67
-108.04
-110.53
-114.02
-113.38
-119.19
-120.13
-116.92
-136.0
-120.64
-132.6
-122.87
-127.75
-116.6
-118.24
-120.11
-128.61
-112.27
-116.77
-119.21
-112.38
-116.78
-113.22
-123.49
-120.9
-120.97
-130.12
-118.7
-116.95
-113.6
-131.38
-122.11
-113.37
-109.93
-115.89
-115.37
-112.3
-119.21
-118.27
-124.83
-122.1
-128.06
-116.47
-116.68
-113.36
-113.36
-101.62
-109.41
-105.47
-103.06
-103.51
-99.1
-89.96
-98.45
-93.08
-99.24
-96.94
-97.83
-100.95
-103.0
-95.35
-82.15
-83.8
-91.61
-94.68
-91.83
-100.03
-102.05
-97.62
-98.59
-105.88
-99.36
-105.81
-100.16
-97.26
-93.91
-96.37
-92.27
-96.54
-101.87
-95.46
-102.61
-92.14
-87.59
-88.73
-91.54
-105.98
-99.2
-108.45
-101.4
-102.85
-92.3
-107.21
-114.15
-94.5
-107.66
-109.88
-95.67
-116.65
-122.91
-119.72
-122.6
-119.66
-117.38
-122.18
-117.15
-120.67
-125.45
-114.04
-111.46
-111.64
-106.39
-111.0
-112.48
-116.91
-117.17
-103.94
-115.6
-105.51
-104.7
-90.13
-94.13
-100.28
-94.92
-111.19
-113.69
-114.6
-106.08
-107.3
-110.89
-116.48
-115.56
-104.05
-109.16
-99.66
-91.38
-99.31
-98.07
-101.18
-108.05
-100.16
-105.11
-99.21
-104.34
-101.69
-98.67
-89.52
-102.31
-102.2
-102.78
-112.46
-104.89
-104.1
-108.56
-115.81
-94.85
-121.79
-113.46
-97.72
-104.52
-101.93
-115.87
-116.65
-102.12
-115.54
-111.76
-121.85
-105.37
-110.4
-108.67
-120.98
-120.62
-123.75
-117.22
-119.04
-121.87
-117.26
-115.8
-121.83
-112.86
-117.21
-110.71
-110.0
-114.9
-105.89
-102.49
-113.87
-117.75
-123.08
-107.15
-103.76
-106.89
-109.37
-110.23
-101.24
-104.07
-109.64
-102.53
-109.4
-105.48
-118.99
-124.6
-117.61
-108.97
-116.81
-119.47
-128.07
-104.58
-119.85
-112.93
-115.8
-107.53
-110.98
-113.79
-105.83
-106.57
-105.74
-103.59
-114.47
-106.1
-107.88
-103.38
-103.28
-106.8
-109.9
-101.74
-113.08
-108.49
-105.08
-112.56
-106.47
-107.18
-107.15
-105.66
-104.85
-93.84
-105.84
-107.39
-107.32
-103.33
-113.05
-109.02
-107.13
-103.18
-105.65
-99.31
-103.27
-100.26
-109.92
-106.95
-116.39
-110.38
-101.29
-112.3
-98.79
-106.1
-109.62
-115.65
-110.74
-104.39
-117.16
-99.01
-114.85
-111.59
-109.27
-119.02
-110.79
-112.73
-107.7
-113.8
-116.3
-108.43
-124.04
-124.31
-122.2
-115.5
-116.7
-115.89
-108.42
-123.03
-114.5
-109.15
-116.21
-117.48
-123.5
-118.23
-102.57
-112.86
-113.01
-108.49
-105.5
-106.49
-107.61
-107.29
-113.67
-120.36
-112.05
-121.95
-118.75
-96.65
-111.43
