-42.47
-48.79
-42.23
-43.4
-41.46
-42.9
-49.13
-48.79
-49.19
-47.75
-49.62
-54.64
-50.21
-47.14
-42.97
-49.27
-45.71
-38.93
-48.72
-36.36
-47.44
-36.54
-46.41
-43.9
-48.84
-50.58
-43.6
-47.41
-44.55
-37.47
-40.91
-41.28
-40.8
-48.4
-48.12
-48.5
-48.62
-52.14
-41.85
-46.01
-40.58
-33.44
-48.91
-46.04
-47.19
-47.61
-41.26
-44.84
-49.49
-46.59
-44.5
-47.63
-52.72
-48.53
-46.89
-54.15
-53.12
-53.35
-52.22
-39.03
-36.82
-48.21
-51.4
-40.1
-47.4
-49.33
-52.35
-42.44
-45.91
-47.47
-42.2
-43.18
-43.17
-42.82
-54.36
-36.66
-40.64
-43.46
-44.75
-50.89
-53.77
-46.04
-40.33
-54.53
-53.88
-47.15
-46.98
-41.56
-51.43
-46.38
-48.13
-49.06
-51.76
-46.09
-47.41
-37.15
-47.88
-48.12
-52.44
-57.49
-59.02
-57.01
-46.62
-43.93
-49.21
-46.9
-44.86
-49.94
-51.92
-55.59
-54.01
-52.0
-46.88
-51.34
-50.61
-52.01
-51.11
-49.44
-49.12
-50.75
-47.43
-50.27
-48.73
-49.07
-50.62
-53.95
-58.07
-56.2
-54.98
-50.08
-36.96
-55.59
-45.35
-39.72
-44.13
-43.96
-46.85
-53.34
-47.76
-44.26
-53.0
-43.62
-54.93
-56.37
-53.64
-55.27
-54.06
-41.49
-54.52
-46.66
