-0.257
-0.19
-0.212
-0.279
-0.189
-0.238
-0.264
-0.203
-0.225
-0.193
-0.217
-0.179
-0.209
-0.115
-0.247
-0.183
-0.261
-0.21
-0.2
-0.146
-0.175
-0.231
-0.223
-0.273
-0.07
-0.208
-0.192
-0.185
-0.215
-0.134
-0.229
-0.236
-0.185
-0.229
-0.291
-0.214
-0.158
-0.133
-0.21
-0.212
-0.27
-0.253
-0.184
-0.275
-0.248
-0.264
-0.141
-0.27
-0.214
-0.279
-0.233
-0.169
-0.202
-0.141
-0.131
-0.186
-0.278
-0.196
-0.198
-0.21
-0.401
-0.252
-0.264
-0.192
-0.198
-0.207
-0.21
-0.194
-0.111
-0.17
-0.243
-0.213
-0.159
-0.157
-0.26
-0.214
-0.15
-0.19
-0.143
-0.191
-0.109
-0.234
-0.178
-0.255
-0.271
-0.207
-0.158
-0.23
-0.234
-0.286
-0.168
-0.281
-0.175
-0.239
-0.105
-0.135
-0.089
-0.17
-0.24
-0.243
-0.1
-0.163
-0.061
-0.167
-0.288
-0.139
-0.1
-0.248
-0.309
-0.216
-0.111
-0.155
-0.203
-0.334
-0.214
-0.23
-0.238
-0.204
-0.152
-0.194
-0.195
-0.179
-0.324
-0.166
-0.18
-0.178
-0.29
-0.23
-0.219
-0.146
-0.2
-0.221
-0.27
-0.267
-0.182
-0.149
-0.168
-0.281
-0.291
-0.249
-0.208
-0.246
-0.264
-0.285
-0.242
-0.382
-0.199
-0.191
-0.23
-0.129
-0.197
-0.138
-0.246
-0.209
-0.236
-0.154
-0.266
-0.18
-0.271
-0.205
-0.144
-0.245
-0.117
-0.182
-0.199
-0.134
-0.172
-0.323
-0.234
-0.34
-0.245
-0.275
-0.223
-0.17
-0.256
-0.268
-0.253
-0.206
-0.291
-0.154
-0.095
-0.191
-0.146
-0.147
-0.195
-0.19
-0.171
-0.222
-0.211
-0.193
-0.252
-0.23
-0.187
-0.164
-0.103
-0.308
-0.117
-0.28
-0.24
-0.216
-0.28
-0.19
-0.214
-0.237
-0.279
-0.283
-0.322
-0.221
-0.293
-0.228
-0.248
-0.305
-0.282
-0.254
-0.062
-0.218
-0.24
-0.075
-0.176
-0.285
-0.385
-0.236
-0.184
-0.271
-0.236
-0.222
-0.228
-0.286
-0.222
-0.293
-0.14
-0.228
-0.249
-0.231
-0.288
-0.211
-0.193
-0.258
-0.244
-0.242
-0.321
-0.288
-0.213
-0.217
-0.181
-0.262
-0.282
-0.245
-0.136
-0.231
-0.203
-0.161
-0.235
-0.297
-0.298
-0.323
-0.179
-0.222
-0.355
-0.267
-0.216
-0.21
-0.29
-0.181
-0.183
-0.242
-0.199
-0.227
-0.249
-0.247
-0.282
-0.309
-0.355
-0.353
-0.312
-0.222
-0.205
-0.302
-0.33
-0.289
-0.196
-0.188
-0.206
-0.214
-0.333
-0.257
-0.186
-0.252
-0.32
-0.322
-0.319
-0.243
-0.32
-0.302
-0.202
-0.319
-0.17
-0.196
-0.148
-0.321
-0.225
-0.227
-0.356
-0.211
-0.241
-0.242
-0.243
-0.3
-0.236
-0.196
-0.225
-0.206
-0.133
-0.122
-0.255
-0.172
-0.21
-0.244
-0.306
-0.287
-0.2
-0.313
-0.155
-0.219
-0.314
-0.241
-0.322
-0.231
-0.121
-0.146
-0.091
-0.142
-0.14
-0.118
-0.097
-0.221
-0.175
-0.303
-0.218
-0.172
-0.239
-0.198
-0.236
-0.256
-0.202
-0.131
-0.232
-0.294
-0.146
-0.121
-0.218
-0.284
-0.257
-0.195
-0.193
-0.228
-0.257
-0.195
-0.303
-0.155
-0.225
-0.173
-0.208
-0.133
-0.19
-0.211
-0.184
-0.173
-0.205
-0.231
-0.164
-0.088
-0.232
-0.231
-0.136
-0.177
-0.188
-0.125
-0.195
-0.237
-0.175
-0.26
-0.174
-0.149
-0.203
-0.271
-0.215
-0.209
-0.114
-0.111
-0.207
-0.152
-0.249
-0.326
-0.293
-0.297
-0.211
-0.088
-0.228
-0.19
-0.252
-0.25
-0.265
-0.148
-0.268
-0.355
-0.162
-0.193
-0.178
-0.169
-0.398
-0.213
-0.342
-0.223
-0.218
-0.246
-0.143
-0.194
-0.188
-0.355
-0.171
-0.087
-0.163
-0.264
-0.158
-0.127
-0.194
-0.077
-0.196
-0.069
-0.126
-0.205
-0.13
-0.123
-0.229
-0.179
-0.11
-0.165
-0.204
-0.208
-0.093
-0.15
-0.083
-0.058
-0.14
-0.088
-0.212
-0.076
-0.235
-0.173
-0.171
-0.173
-0.094
-0.239
-0.211
-0.241
