-378.625
-375.704
-398.813
-369.861
-394.449
-357.036
-366.837
-382.823
-366.58
-365.349
-371.924
-354.267
-352.629
-409.724
-380.673
-350.972
-397.746
-391.2
-425.466
-393.816
-408.673
-390.461
-423.416
-403.021
-443.458
-438.295
-407.406
-451.85
-445.664
-456.932
-468.028
-424.584
-474.421
-403.406
-433.158
-440.558
-412.825
-424.201
-442.112
-422.703
-419.888
-386.619
-423.736
-442.284
-426.374
-449.323
-388.629
-418.519
-383.108
-385.525
-417.827
-426.192
-394.997
-374.799
-391.578
-362.329
-408.222
-409.239
-419.101
-390.788
-435.763
-417.847
-433.169
-422.471
-367.194
-439.433
-425.85
-421.156
-425.067
-420.657
-426.861
-396.514
-415.507
-391.425
-423.948
-424.394
-350.701
-421.686
-401.233
-378.06
-407.811
-410.042
-406.75
-410.427
-413.77
-429.541
-445.007
-388.521
-419.91
-421.878
-376.522
-398.7
-443.901
-422.519
-423.405
-437.73
-402.501
-441.937
-406.6
-452.93
-425.667
-405.892
-436.196
-447.307
-407.689
-432.923
-467.705
-465.111
-456.024
-423.305
-409.456
-465.732
-457.414
-403.103
-436.989
-395.75
-411.517
-388.656
-414.693
-411.902
-392.772
-394.009
-386.206
-404.365
-416.753
-398.602
-405.764
-389.654
-416.376
-443.063
-404.389
-435.812
-397.622
-460.941
-393.544
-405.891
-415.567
-395.3
-450.449
-426.789
-421.601
-434.956
-408.555
-420.766
-442.212
-396.244
-426.443
-401.531
-466.334
-484.868
-445.683
-456.977
-441.137
-458.439
-450.077
-434.052
-420.578
-415.832
-470.702
-449.33
-427.661
-450.831
-438.4
-412.149
-412.145
-450.091
-451.556
-410.733
-433.026
-430.143
-411.935
-449.643
-427.296
-464.202
-451.384
-449.281
-479.52
-476.852
-462.018
-433.497
-435.881
-440.256
-400.468
-401.401
-377.067
-392.538
-364.703
-402.457
-393.111
-405.693
-425.36
-436.37
-453.808
-464.31
-480.808
-445.885
-450.732
-403.617
-438.085
-440.419
-421.933
-409.573
-374.005
-402.012
-417.567
-403.192
-424.131
-425.774
-474.864
-384.801
-449.604
-468.606
-440.976
-430.85
-412.62
-421.431
-442.043
-378.783
-417.252
-408.408
-450.445
-443.466
-411.746
-405.163
-433.372
-424.653
-450.895
-462.733
-405.801
-424.505
-440.215
-436.779
-433.417
-434.188
-420.721
-436.781
-431.741
-452.593
-447.145
-408.006
-433.087
-408.822
-437.51
-446.679
-461.607
-412.926
-440.925
-405.669
-393.594
-440.475
-410.437
-405.894
-393.515
-395.438
-384.766
-377.95
-392.138
-387.993
-438.016
-401.829
-416.501
-375.715
-384.638
-410.382
-427.513
-422.759
-388.046
-370.776
-444.065
-429.805
-430.615
-414.9
-389.711
-448.526
-428.026
-430.437
-432.809
-451.673
-441.818
-464.93
-412.454
-428.884
-447.297
-422.112
-419.288
-386.206
-389.195
-383.442
-446.239
-428.892
-422.692
-448.214
-461.298
-415.248
-440.682
-444.406
-445.592
-420.758
-411.872
-461.035
-401.453
-400.774
-449.207
-405.009
-427.691
-429.044
-409.813
-427.87
-413.272
-433.424
-411.809
-347.949
-332.167
-350.843
-348.252
-358.183
-372.165
-408.788
-334.046
-376.37
-414.675
-398.26
-425.95
-410.854
-374.436
-378.988
-407.52
-384.889
-365.674
-416.846
-352.229
-375.295
-368.685
-349.753
-383.205
-366.527
-391.019
-336.742
-320.618
-391.381
-330.38
-369.555
-350.406
-430.06
-372.558
-416.733
-434.241
-429.1
-384.257
-378.83
-410.138
-383.724
-395.456
-414.853
-379.071
-392.222
-382.986
-444.167
-400.583
-365.167
-380.193
-435.548
-378.624
-443.857
-393.91
-445.369
-396.036
-444.857
-441.763
-388.999
-414.243
-426.632
-385.122
-442.166
-437.023
-423.593
-406.204
-445.665
-469.443
-500.381
-400.536
-387.236
-431.088
-397.644
-426.729
-424.89
-412.382
-429.442
-384.614
-441.812
-437.404
-416.56
-435.139
-430.049
-421.993
-448.386
-455.727
-411.281
-414.148
-362.418
-406.085
-386.201
-401.128
-401.799
-449.557
-407.719
-399.734
-388.63
-379.775
-371.559
-427.01
-408.853
-440.144
-434.443
-416.16
-446.013
-377.001
-428.596
-383.235
-416.396
-473.382
-437.217
-450.528
-393.686
-449.334
-416.902
-463.585
-444.144
-462.321
-448.479
-469.772
-427.105
-437.515
-463.245
-412.26
-432.016
-389.614
-431.477
-385.233
-393.088
-402.74
-426.639
-343.276
-371.377
-365.467
-349.079
-429.203
-376.756
-466.064
-411.824
-375.009
-362.474
-403.868
-368.125
-351.238
-322.452
