-48.58
-47.95
-53.27
-52.06
-50.51
-48.85
-43.74
-46.9
-47.35
-44.6
-45.84
-47.41
-41.39
-45.5
-48.02
-46.15
-46.81
-41.96
-43.81
-47.31
-42.41
-47.81
-50.32
-46.74
-52.5
-50.43
-49.13
-61.91
-58.26
-57.64
-60.58
-56.45
-55.1
-55.07
-50.33
-52.27
-51.56
-50.78
-48.91
-51.11
-57.37
-53.51
-51.21
-51.04
-49.96
-53.72
-47.58
-56.91
-53.57
-48.18
-50.3
-51.0
-49.5
-49.2
-45.39
-51.47
-48.41
-43.41
-45.37
-53.0
-48.34
-53.21
-47.28
-47.08
-45.67
-44.03
-48.69
-43.09
-46.49
-43.15
-50.81
-41.37
-50.52
-48.24
-48.17
-49.47
-47.17
-45.16
-47.52
-46.16
-47.98
-49.82
-46.49
-45.85
-48.24
-52.42
-48.0
-54.42
-47.44
-44.07
-44.72
-47.45
-54.17
-48.17
-55.98
-52.77
-50.27
-51.74
-50.88
-52.33
-51.08
-56.26
-47.06
-48.85
-53.75
-55.38
-52.09
-51.83
-56.16
-45.7
-44.58
-48.13
-55.96
-45.24
-54.05
-56.16
-51.45
-56.14
-52.01
-51.6
-47.1
-41.2
-50.88
-44.97
-43.75
-50.98
-49.07
-54.32
-49.69
-52.28
-49.91
-53.69
-51.3
-58.72
-50.83
-46.34
-50.36
-48.85
-52.13
-51.81
-45.38
-47.74
-54.08
-51.2
-47.01
-41.7
-52.25
-53.01
-60.22
-48.31
-55.26
-59.36
-51.26
-52.6
-49.79
-46.81
-52.95
-51.78
-58.02
-59.52
-51.78
-58.03
-54.38
-57.97
-52.84
-59.01
-55.98
-54.21
-52.03
-54.75
-50.32
-49.93
-49.66
-51.61
-52.76
-50.43
-52.26
-57.29
-55.43
-56.2
-50.97
-53.76
-52.45
-48.96
-46.57
-54.79
-50.21
-55.77
-52.75
-51.23
-57.13
-56.18
-61.1
-50.12
-59.61
-59.93
-54.33
-55.01
-57.56
-48.68
-54.15
-48.75
-47.04
-55.03
-57.48
-45.87
-55.42
-50.42
-60.61
-47.18
-60.56
-60.34
-65.1
-53.8
-57.5
-53.49
-63.88
-51.05
-59.43
-58.19
-67.05
-58.77
-50.78
-61.04
-56.95
-56.7
-59.81
-53.59
-55.85
-53.09
-58.19
-60.21
-53.88
-57.41
-60.88
-47.96
-54.79
-57.92
-50.35
-52.02
-46.26
-51.0
-55.43
-58.25
-51.47
-52.39
-51.27
-54.25
-48.52
-52.17
-51.86
-55.02
-55.18
-51.46
-53.3
-50.31
-53.45
-53.32
-56.67
-57.22
-54.51
-48.08
-52.53
-54.86
-47.96
-57.44
-53.39
-47.16
-53.6
-57.54
-52.16
-57.21
-56.28
-54.99
-53.4
-60.97
-51.04
-60.16
-59.02
-50.81
-58.66
-53.17
-60.4
-54.6
-51.43
-53.55
-43.9
-48.45
-59.66
-57.25
-63.83
-53.41
-59.64
-57.59
-53.91
-54.57
-53.25
-61.36
-51.36
-62.65
-61.76
-58.05
-54.35
-51.78
-51.88
-55.74
-54.9
-62.98
-53.76
-53.42
-54.47
-40.29
-43.19
-42.52
-43.62
-52.07
-45.26
-46.21
-41.34
-48.08
-49.74
-57.58
-56.71
-48.05
-54.72
-48.82
-52.79
-55.33
-46.95
-59.68
-56.33
-45.7
-48.92
-51.1
-50.77
-51.15
-54.86
-52.58
-45.05
-53.59
-43.55
-42.94
-34.1
-47.57
-49.28
-49.41
-59.73
-55.57
-62.05
-48.39
-60.28
-62.05
-54.98
-59.09
-56.54
-50.5
-45.58
-52.61
-50.79
-48.79
-44.79
-54.81
-49.75
-52.55
-47.34
-56.56
-47.93
-50.18
-48.67
-51.1
-56.72
-57.53
-54.37
-55.65
-56.42
-55.26
-51.23
-56.34
-60.59
-65.34
-52.85
-52.46
-48.77
-44.62
-57.05
-58.65
-59.31
-57.58
-56.91
-57.3
-52.98
-64.21
-58.16
-56.81
-65.81
-66.36
-58.38
-50.88
-57.03
-54.31
-67.29
-57.06
-55.98
-55.1
-63.53
-61.34
-50.88
-45.56
-51.94
-49.43
-54.1
-60.75
-66.0
-62.42
-52.25
-47.88
-57.22
-54.21
-54.09
-60.39
-55.75
-62.6
-65.88
-60.22
-61.95
-59.04
-57.11
-58.58
-58.82
-57.74
-59.92
-61.17
-65.89
-59.8
-58.85
-59.25
-54.03
-60.2
-61.11
-54.51
-49.45
-53.89
-46.63
-56.8
-54.97
-48.23
-58.16
-48.74
-61.59
-56.47
-52.79
-54.76
-49.19
-47.47
-40.18
-43.22
