-617.576
-684.063
-648.869
-567.611
-633.916
-613.276
-598.281
-616.38
-639.083
-634.436
-627.78
-658.119
-593.846
-568.827
-595.574
-585.034
-626.958
-606.316
-645.807
-602.087
-593.909
-644.543
-636.349
-624.966
-571.383
-624.305
-650.234
-577.63
-594.685
-605.997
-627.862
-589.758
-624.083
-612.919
-627.201
-603.875
-592.716
-618.449
-558.581
-659.135
-650.003
-668.734
-620.415
-633.332
-617.702
-642.964
-655.708
-645.034
-567.21
-644.204
-644.96
-638.885
-677.097
-688.344
-637.223
-629.281
-635.765
-650.133
-655.035
-654.833
-644.557
-663.416
-657.866
-585.665
-571.004
-585.082
-610.454
-585.963
-600.712
-611.974
-629.851
-623.575
-585.56
-612.981
-651.688
-611.178
-652.724
-643.155
-654.458
-672.699
-701.391
-692.985
-623.376
-663.657
-622.991
-623.498
-618.768
-624.124
-616.296
-649.599
-653.322
-609.448
-611.987
-691.878
-568.843
-631.447
-618.865
-643.442
-607.422
-551.674
-609.118
-672.169
-641.394
-603.869
-596.38
-583.615
-589.499
-567.023
-526.993
-594.867
-611.787
-603.043
-598.752
-625.308
-733.457
-654.139
-659.83
-670.91
-689.193
-669.51
-625.084
-706.713
-611.066
-598.674
-641.755
-639.748
-660.286
-603.007
-612.819
-640.51
-646.606
-635.646
-631.693
-707.842
-617.067
-617.324
-629.523
-685.052
-619.076
-640.994
-650.877
-657.519
-656.813
-661.438
-685.905
-670.603
-624.919
-615.522
-614.162
-638.029
-664.187
-664.259
-638.894
-640.45
-655.359
-605.648
-660.357
-627.771
-637.344
-654.153
-666.632
-654.236
-625.756
-636.238
-626.799
-673.834
-671.766
-603.484
-656.259
-617.031
-691.976
-705.798
-668.916
-696.913
-650.293
-654.088
-616.419
-588.939
-600.794
-625.977
-627.943
-566.365
-639.364
-627.567
-616.142
-585.839
-572.322
-640.754
-680.137
-592.739
-580.583
-602.46
-640.847
-636.299
-633.432
-660.459
-625.38
-698.609
-658.821
-627.573
-610.833
-514.352
-595.432
-601.764
-634.081
-695.447
-683.767
-665.959
-714.552
-644.751
-657.589
-680.303
-620.781
-675.56
-625.55
-671.686
-645.351
-677.692
-584.138
-617.674
-650.39
-653.111
-633.327
-612.878
-658.754
-669.03
-676.434
-605.417
-665.853
-639.976
-665.542
-676.55
-652.713
-602.397
-629.178
-609.638
-619.402
-647.37
-692.928
-657.729
-692.401
-694.929
-750.528
-727.521
-634.349
-657.459
-647.803
-613.61
-645.688
-635.021
-625.744
-623.843
-640.447
-603.608
-658.829
-623.638
-615.645
-633.976
-605.444
-659.771
-673.196
-645.561
-610.004
-657.372
-673.354
-588.493
-684.128
-623.717
-616.231
-572.618
-631.816
-623.453
-559.84
-611.795
-632.015
-574.999
-622.648
-595.937
-612.703
-625.718
-590.297
-640.219
-694.594
-623.424
-648.571
-602.079
-646.659
-597.641
-594.817
-597.437
-572.398
-581.491
-515.752
-575.65
-629.024
-555.861
-543.518
-635.036
-615.871
-649.357
-689.971
-594.773
-549.072
-642.628
-556.642
-573.905
-607.424
-614.45
-624.209
-606.158
-642.68
-592.711
-603.928
-605.439
-612.144
-643.368
-589.845
-565.242
-581.746
-582.566
-599.083
-603.238
-624.48
-601.08
-586.783
-582.609
-584.822
-568.887
-575.68
-586.486
-611.013
-589.945
-635.828
-639.099
-614.905
-617.909
-621.721
-628.676
-605.43
-609.635
-579.693
-585.409
-555.878
-576.724
-555.448
-556.53
-602.959
-562.004
-575.016
-579.081
-566.438
-610.005
-618.587
-582.089
-646.911
-525.7
-607.502
-632.456
-552.638
-595.177
-587.563
-610.595
-582.312
-561.914
-572.149
-610.038
-634.945
-656.561
-656.775
-594.796
-602.747
-584.366
-547.944
-619.817
-642.982
-642.811
-664.925
-630.227
-659.903
-671.607
-632.946
-637.624
-576.944
-676.102
-699.65
-636.533
-653.342
-637.655
-649.223
-642.219
-650.106
-667.166
-627.734
-649.059
-683.48
-678.477
-614.088
-597.553
-601.02
-544.225
-617.648
-584.799
-651.96
-659.432
-601.528
-656.916
-616.477
-614.836
-631.683
-632.044
-650.484
-613.852
-593.771
-604.935
-562.74
-568.625
-523.67
-548.434
-567.79
-494.119
-557.527
-536.572
-597.937
-580.188
-577.453
-611.83
-616.491
-614.254
-617.847
-664.992
-636.174
-636.525
-596.083
-603.978
-595.078
-614.12
-640.367
-597.682
-590.568
-606.448
-630.947
-585.413
-604.632
-612.39
-610.039
-539.861
-574.022
-649.283
-660.962
-633.337
-619.808
