-0.401
-0.754
-0.529
-0.431
-0.455
-0.42
-0.405
-0.528
-0.314
-0.479
-0.497
-0.491
-0.492
-0.492
-0.284
-0.42
-0.411
-0.394
-0.546
-0.455
-0.229
-0.528
-0.315
-0.358
-0.459
-0.345
-0.43
-0.169
-0.507
-0.272
-0.414
-0.456
-0.649
-0.694
-0.5
-0.541
-0.493
-0.486
-0.353
-0.379
-0.446
-0.215
-0.216
-0.431
-0.378
-0.365
-0.516
-0.418
-0.507
-0.546
-0.454
-0.497
-0.602
-0.567
-0.448
-0.453
-0.404
-0.47
-0.671
-0.579
-0.527
-0.579
-0.603
-0.596
-0.645
-0.506
-0.602
-0.332
-0.47
-0.479
-0.449
-0.516
-0.389
-0.668
-0.386
-0.441
-0.353
-0.333
-0.551
-0.598
-0.444
-0.343
-0.499
-0.63
-0.534
-0.546
-0.687
-0.54
-0.437
-0.495
-0.415
-0.557
-0.442
-0.696
-0.596
-0.721
-0.505
-0.444
-0.746
-0.717
-0.563
-0.486
-0.533
-0.589
-0.691
-0.515
-0.389
-0.402
-0.619
-0.626
-0.558
-0.416
-0.725
-0.449
-0.429
-0.441
-0.644
-0.287
-0.429
-0.325
-0.205
-0.299
-0.501
-0.468
-0.512
-0.54
-0.498
-0.451
-0.375
-0.571
-0.446
-0.46
-0.31
-0.337
-0.395
-0.485
-0.582
-0.414
-0.251
-0.191
-0.432
-0.385
-0.23
-0.359
-0.581
-0.598
-0.615
-0.524
-0.224
-0.482
-0.472
-0.237
-0.386
-0.556
-0.411
-0.361
-0.406
-0.727
-0.359
-0.59
-0.222
-0.367
-0.368
-0.428
-0.315
-0.322
-0.324
-0.304
-0.482
-0.492
-0.353
-0.512
-0.416
-0.478
-0.479
-0.389
-0.233
-0.35
-0.386
-0.365
-0.327
-0.435
-0.395
-0.416
-0.253
-0.468
-0.272
-0.406
-0.497
-0.383
-0.5
-0.412
-0.271
-0.326
-0.315
-0.503
-0.509
-0.528
-0.289
-0.147
-0.362
-0.125
-0.114
-0.377
-0.367
-0.356
-0.432
-0.301
-0.406
-0.196
-0.307
-0.34
-0.359
-0.471
-0.28
-0.317
-0.428
-0.265
-0.147
-0.315
-0.403
-0.325
-0.414
-0.273
-0.381
-0.287
-0.267
-0.425
-0.434
-0.328
-0.342
-0.468
-0.337
-0.367
-0.442
-0.373
-0.421
-0.359
-0.324
-0.38
-0.298
-0.419
-0.568
-0.419
-0.471
-0.461
-0.413
-0.407
-0.505
-0.449
-0.467
-0.394
-0.368
-0.42
-0.46
-0.368
-0.384
-0.488
-0.44
-0.461
-0.536
-0.303
-0.254
-0.353
-0.308
-0.293
-0.407
-0.291
-0.503
-0.252
-0.346
-0.392
-0.329
-0.195
-0.25
-0.397
-0.299
-0.233
-0.548
-0.287
-0.309
-0.293
-0.232
-0.229
-0.263
-0.272
-0.288
-0.291
-0.202
-0.327
-0.316
-0.361
-0.329
-0.282
-0.292
-0.318
-0.37
-0.237
-0.159
-0.224
-0.15
-0.303
-0.167
-0.356
-0.305
-0.166
-0.4
-0.277
-0.315
-0.316
-0.318
-0.215
-0.303
-0.305
-0.357
-0.383
-0.386
-0.184
-0.35
-0.317
-0.313
-0.375
-0.387
-0.403
-0.477
-0.322
-0.249
-0.378
-0.508
-0.215
-0.388
-0.329
-0.435
-0.348
-0.131
-0.265
-0.411
-0.34
-0.424
-0.431
-0.309
-0.338
-0.42
-0.445
-0.315
-0.341
-0.391
-0.375
-0.291
-0.422
-0.159
-0.523
-0.503
-0.389
-0.281
-0.277
-0.33
-0.256
-0.177
-0.2
-0.289
-0.371
-0.32
-0.554
-0.321
-0.38
-0.468
-0.375
-0.566
-0.324
-0.447
-0.426
-0.493
-0.58
-0.564
-0.361
-0.58
-0.27
-0.578
-0.487
-0.449
-0.482
-0.403
-0.616
-0.51
-0.533
-0.61
-0.369
-0.318
-0.619
-0.595
-0.503
-0.494
-0.704
-0.618
-0.519
-0.236
-0.486
-0.477
-0.449
-0.382
-0.456
-0.382
-0.374
-0.391
-0.61
-0.472
-0.47
-0.63
-0.552
-0.525
-0.424
-0.373
-0.409
-0.369
-0.3
-0.394
-0.378
-0.252
-0.356
-0.303
-0.276
-0.1
-0.382
-0.312
-0.278
-0.388
-0.261
-0.27
-0.398
-0.262
-0.289
-0.394
-0.224
-0.299
-0.26
-0.336
-0.3
-0.329
-0.448
-0.339
-0.399
-0.369
-0.293
-0.26
-0.289
-0.259
-0.242
-0.319
-0.371
-0.221
