-105.82
-111.97
-113.28
-95.23
-109.39
-99.42
-105.35
-103.76
-106.69
-98.03
-109.13
-106.6
-102.04
-96.93
-107.09
-104.89
-107.75
-99.0
-106.98
-103.08
-105.91
-109.51
-107.34
-106.39
-109.2
-106.79
-104.77
-101.88
-94.0
-107.73
-108.83
-106.37
-109.34
-108.63
-108.17
-112.35
-103.75
-107.37
-107.2
-100.21
-106.0
-110.11
-109.97
-101.63
-108.52
-109.01
-104.27
-108.21
-104.05
-114.3
-106.13
-108.23
-109.93
-107.19
-108.74
-101.56
-99.6
-111.64
-118.26
-106.58
-98.94
-96.65
-101.39
-98.49
-90.42
-106.2
-97.95
-92.06
-98.99
-100.11
-99.64
-99.46
-101.16
-107.93
-111.75
-109.14
-106.35
-107.8
-97.57
-119.12
-110.36
-99.78
-100.72
-108.14
-88.54
-101.08
-104.6
-101.75
-105.29
-92.08
-111.14
-106.31
-109.8
-106.53
-97.38
-110.91
-98.16
-96.02
-105.14
-95.14
-92.91
-98.22
-102.32
-107.88
-94.43
-91.99
-94.16
-100.87
-96.93
-98.46
-101.18
-104.47
-97.8
-101.8
-107.99
-111.51
-110.99
-114.57
-119.13
-112.46
-117.45
-116.36
-116.34
-107.81
-108.79
-103.52
-100.32
-106.0
-99.4
-104.43
-99.71
-102.14
-107.9
-106.95
-112.64
-110.44
-104.93
-108.17
-105.15
-99.4
-105.1
-107.49
-115.61
-106.55
-99.65
-108.8
-103.29
-107.8
-108.78
-108.52
-105.93
-103.99
-106.99
-105.83
-108.41
-98.93
-111.65
-99.22
-107.53
-103.0
-106.37
-111.57
-101.16
-106.7
-108.19
-102.6
-107.35
-113.51
-97.19
-98.13
-99.71
-104.57
-109.12
-107.21
-107.92
-105.64
-104.41
-92.39
-106.25
-99.16
-91.57
-101.07
-96.97
-103.93
-105.74
-106.02
-98.86
-106.85
-93.42
-99.96
-101.49
-104.78
-107.3
-103.94
-111.23
-103.53
-111.04
-115.07
-96.84
-103.98
-102.93
-102.98
-86.04
-97.98
-102.49
-104.14
-100.84
-99.92
-109.82
-101.69
-92.68
-103.87
-113.48
-111.89
-109.43
-112.55
-109.8
-100.17
-92.94
-105.03
-107.01
-99.52
-98.19
-99.71
-105.71
-100.01
-100.22
-104.67
-104.32
-108.63
-111.0
-103.99
-93.68
-98.2
-99.86
-101.27
-103.5
-107.14
-89.3
-108.71
-105.48
-94.31
-115.57
-107.06
-111.57
-95.09
-106.68
-93.16
-103.87
-94.43
-109.47
-97.53
-100.16
-99.24
-98.5
-103.03
-102.05
-102.13
-98.98
-104.59
-102.84
-108.97
-100.77
-87.65
-105.83
-104.75
-95.8
-98.52
-101.88
-101.19
-100.33
-79.85
-93.67
-93.33
-99.16
-87.93
-97.13
-94.72
-85.18
-81.01
-85.0
-101.69
-102.68
-97.43
-102.86
-90.35
-111.09
-99.08
-101.9
-92.8
-104.29
-95.4
-85.98
-97.2
-96.07
-101.35
-92.38
-94.04
-101.67
-99.04
-96.87
-97.68
-89.8
-105.21
-93.61
-98.52
-103.81
-89.81
-93.7
-90.73
-100.3
-98.77
-87.41
-96.32
-93.89
-98.2
-90.21
-78.96
-88.06
-94.24
-92.46
-94.42
-93.67
-95.78
-87.36
-95.96
-93.7
-91.64
-93.97
-89.36
-94.02
-91.19
-92.43
-99.32
-100.55
-96.5
-104.45
-92.37
-92.12
-101.89
-98.08
-97.63
-103.41
-100.85
-84.99
-94.18
-97.02
-94.3
-91.04
-101.19
-98.84
-106.21
-99.21
-97.51
-99.89
-90.31
-86.91
-102.97
-84.79
-96.41
-89.95
-88.43
-97.57
-89.73
-95.52
-90.15
-103.06
-108.47
-108.69
-98.01
-113.0
-99.71
-95.41
-112.94
-105.27
-88.41
-108.78
-108.08
-106.18
-100.78
-110.8
-104.05
-94.85
-112.98
-109.31
-107.88
-108.74
-102.81
-104.07
-99.76
-97.57
-101.98
-98.5
-100.41
-104.26
-112.34
-104.42
-100.37
-91.56
-92.26
-100.13
-95.67
-99.51
-103.44
-98.4
-91.9
-102.93
-107.35
-99.84
-104.32
-97.83
-97.96
-94.17
-97.85
-94.15
-97.72
-90.22
-98.77
-91.91
-87.73
-96.27
-85.46
-87.27
-97.37
-91.92
-97.38
-108.92
-99.44
-96.16
-96.18
-95.22
-107.95
-98.8
-88.3
-92.33
-101.69
-101.43
-93.67
-100.96
-95.71
-101.18
-99.13
-99.8
-97.86
-106.88
-95.65
-99.63
-99.71
-97.7
-102.0
-91.8
