-112.44
-115.5
-120.5
-105.46
-109.3
-111.48
-108.14
-105.53
-111.05
-110.17
-104.01
-100.96
-104.69
-106.08
-95.73
-104.19
-110.97
-85.04
-87.4
-101.28
-96.2
-105.71
-92.55
-100.16
-110.65
-94.13
-109.94
-112.87
-98.94
-111.37
-114.43
-104.52
-99.58
-108.15
-96.08
-88.96
-93.99
-108.37
-104.31
-94.77
-100.4
-101.84
-110.1
-108.53
-88.52
-104.3
-95.25
-94.63
-98.37
-83.22
-88.06
-103.13
-100.11
-93.06
-90.8
-86.33
-74.09
-91.09
-89.6
-93.16
-94.82
-101.37
-94.27
-96.29
-118.93
-112.0
-117.2
-114.26
-130.97
-130.36
-120.22
-111.86
-114.07
-111.63
-114.29
-120.69
-110.62
-104.51
-85.69
-103.53
-103.94
-98.02
-106.68
-110.8
-125.42
-105.55
-101.98
-113.82
-96.47
-89.97
-101.54
-116.8
-109.7
-111.48
-112.32
-114.69
-114.05
-101.82
-90.34
-100.14
-103.55
-102.19
-110.67
-96.07
-100.26
-100.47
-110.59
-100.52
-106.45
-99.62
-107.82
-103.53
-101.26
-102.76
-106.67
-93.58
-110.13
-104.96
-112.49
-97.66
-106.06
-112.08
-106.11
-112.52
-106.59
-102.16
-100.42
-99.26
-96.54
-89.79
-95.16
-91.25
-99.68
-103.39
-98.88
-105.83
-92.52
-102.14
-101.41
-92.68
-98.82
-104.17
-107.31
-107.81
-104.27
-107.78
-112.9
-118.66
-109.41
-111.77
