-56.76
-59.24
-58.47
-65.21
-65.94
-65.7
-65.87
-63.58
-69.49
-66.21
-68.13
-59.06
-71.23
-53.89
-73.03
-64.12
-71.07
-62.01
-75.72
-79.73
-76.24
-78.26
-62.89
-76.77
-78.31
-86.39
-79.88
-99.76
-82.26
-86.69
-81.09
-80.3
-72.82
-86.17
-79.21
-92.84
-88.72
-80.34
-98.08
-85.75
-86.95
-103.19
-90.81
-99.24
-95.79
-97.56
-95.86
-102.05
-104.94
-98.47
-99.45
-77.02
-92.45
-94.97
-96.53
-88.69
-96.55
-92.62
-92.92
-95.52
-108.38
-101.91
-97.21
-104.08
-108.11
-99.85
-104.45
-97.92
-104.93
-94.19
-89.33
-105.53
-83.4
-90.59
-82.87
-88.76
-92.66
-96.88
-92.58
-98.23
-82.74
-100.39
-103.86
-97.46
-107.06
-115.32
-118.32
-104.0
-113.71
-115.97
-103.54
-113.75
-115.72
-102.63
-107.37
-107.37
-96.0
-93.86
-99.6
-106.43
-86.38
-87.07
-90.12
-78.34
-85.4
-92.38
-73.61
-80.45
-80.64
-79.68
-75.99
-73.97
-83.13
-80.77
-82.06
-84.41
-66.69
-84.65
-78.53
-79.19
-90.82
-89.2
-87.91
-69.79
-81.95
-97.29
-79.01
-89.4
-90.62
-84.4
-80.68
-78.94
-80.68
-89.52
-82.88
-93.63
-91.53
-81.65
-84.26
-95.9
-84.78
-103.14
-86.19
-79.77
-91.75
-80.54
-67.44
-90.91
-84.09
-100.33
