-0.178
-0.271
-0.164
-0.212
-0.159
-0.229
-0.294
-0.132
-0.178
-0.193
-0.122
-0.249
-0.099
-0.119
-0.296
-0.199
-0.125
-0.165
-0.232
-0.265
-0.29
-0.259
-0.273
-0.274
-0.252
-0.313
-0.286
-0.265
-0.256
-0.249
-0.2
-0.167
-0.335
-0.241
-0.119
-0.177
-0.224
-0.167
-0.235
-0.264
-0.255
-0.156
-0.215
-0.182
-0.183
-0.136
-0.157
-0.195
-0.09
-0.171
-0.118
-0.163
-0.225
-0.143
-0.183
-0.251
-0.222
-0.21
-0.299
-0.267
-0.178
-0.225
-0.25
-0.222
-0.229
-0.232
-0.2
-0.105
-0.204
-0.19
-0.143
-0.22
-0.291
-0.237
-0.257
-0.214
-0.283
-0.299
-0.412
-0.352
-0.211
-0.242
-0.25
-0.278
-0.207
-0.336
-0.232
-0.203
-0.256
-0.129
-0.243
-0.21
-0.304
-0.34
-0.347
-0.249
-0.229
-0.368
-0.248
-0.257
-0.372
-0.203
-0.288
-0.282
-0.328
-0.248
-0.248
-0.29
-0.2
-0.235
-0.328
-0.31
-0.361
-0.349
-0.387
-0.382
-0.281
-0.244
-0.358
-0.271
-0.316
-0.323
-0.264
-0.298
-0.328
-0.269
-0.289
-0.408
-0.419
-0.415
-0.283
-0.363
-0.377
-0.3
-0.423
-0.351
-0.36
-0.421
-0.433
-0.324
-0.449
-0.337
-0.443
-0.352
-0.414
-0.427
-0.4
-0.336
-0.384
-0.441
-0.338
-0.275
-0.313
-0.259
-0.331
-0.337
-0.316
-0.333
-0.308
-0.295
-0.362
-0.266
-0.206
-0.299
-0.282
-0.316
-0.288
-0.28
-0.289
-0.195
-0.291
-0.254
-0.193
-0.184
-0.255
-0.2
-0.38
-0.257
-0.382
-0.22
-0.167
-0.295
-0.29
-0.305
-0.423
-0.273
-0.336
-0.46
-0.326
-0.232
-0.389
-0.366
-0.358
-0.406
-0.313
-0.318
-0.422
-0.376
-0.239
-0.299
-0.265
