-58.08
-66.8
-69.97
-71.32
-59.81
-64.15
-57.73
-63.74
-44.15
-59.88
-54.59
-53.2
-59.71
-56.9
-68.91
-64.94
-68.21
-65.41
-71.55
-61.05
-58.06
-63.37
-70.22
-61.13
-66.79
-63.41
-67.12
-64.73
-64.9
-66.05
-68.91
-65.92
-59.02
-65.09
-74.18
-68.59
-60.3
-66.95
-61.31
-71.14
-65.61
-60.37
-65.27
-63.12
-67.07
-60.17
-63.33
-60.08
-56.2
-57.69
-63.14
-64.53
-59.19
-62.33
-62.54
-69.86
-65.16
-68.05
-67.66
-67.04
-62.87
-69.88
-67.93
-61.97
-64.47
-58.11
-70.65
-62.07
-69.79
-67.64
-70.51
-72.26
-71.17
-68.99
-74.16
-75.11
-76.33
-86.54
-80.01
-82.24
-83.36
-81.88
-77.65
-81.84
-85.52
-85.94
-83.71
-87.75
-93.74
-85.77
-83.59
-94.67
-84.77
-86.8
-86.74
-84.21
-84.99
-90.92
-95.89
-89.85
-87.64
-72.89
-92.65
-88.53
-88.62
-89.44
-83.96
-85.72
-89.37
-92.07
-95.57
-92.76
-89.11
-78.73
-88.25
-86.67
-95.73
-87.31
-92.59
-83.94
-80.85
-92.89
-79.36
-85.17
-78.06
-82.51
-80.73
-89.78
-90.36
-89.75
-85.88
-98.46
-94.11
-87.1
-99.56
-94.57
-106.21
-95.81
-103.0
-101.22
-93.42
-93.96
-103.62
-93.22
-92.78
-95.31
-99.94
-87.23
-96.69
-89.54
-77.51
-82.63
-78.37
-78.56
-80.53
-82.27
-66.44
-76.17
-84.14
-79.86
-78.51
-74.13
-71.94
-84.13
-75.06
-78.62
-77.0
-84.84
-80.71
-80.5
-83.18
-84.95
-73.54
-69.21
-81.3
-81.57
-87.5
-83.02
-87.18
-70.42
-86.83
-80.98
-72.76
-88.57
-79.68
-78.48
-85.24
-85.59
-88.98
-89.71
-83.47
-91.96
-80.23
-82.74
-80.52
-89.19
-79.98
-77.85
-80.91
-100.6
-93.92
