-469.169
-450.457
-485.097
-535.194
-502.688
-470.986
-498.058
-479.868
-414.443
-339.802
-365.053
-375.992
-434.45
-457.606
-442.582
-447.268
-447.835
-417.332
-446.334
-407.149
-432.316
-449.012
-450.545
-453.817
-413.127
-423.255
-473.007
-480.689
-500.479
-482.927
-456.538
-472.55
-461.639
-486.218
-488.396
-408.886
-419.355
-491.073
-462.343
-473.959
-446.846
-480.22
-473.402
-463.817
-480.431
-501.217
-402.597
-424.192
-411.632
-439.72
-477.959
-446.24
-459.262
-454.04
-448.802
-465.381
-422.408
-434.346
-467.342
-486.616
-437.772
-462.71
-485.349
-433.013
-461.412
-449.451
-455.281
-411.337
-477.89
-479.868
-504.814
-452.991
-513.274
-503.544
-532.113
-522.633
-534.412
-599.973
-574.647
-538.077
-532.579
-524.373
-546.567
-561.689
-536.994
-577.027
-560.706
-573.041
-599.605
-572.514
-591.13
-618.344
-584.183
-647.914
-623.104
-622.943
-613.992
-627.966
-597.944
-598.713
-606.832
-527.931
-614.739
-566.033
-602.276
-571.568
-601.033
-587.697
-587.958
-595.521
-651.19
-640.857
-622.577
-619.22
-615.681
-638.379
-580.011
-625.75
-631.293
-584.403
-603.946
-655.755
-562.674
-598.908
-591.261
-559.223
-576.3
-600.433
-627.888
-619.275
-605.455
-668.602
-660.327
-627.438
-619.64
-683.679
-625.461
-674.004
-690.49
-689.041
-641.212
-658.184
-678.272
-662.766
-645.193
-624.579
-648.908
-593.041
-558.923
-621.829
-561.094
-557.874
-614.01
-574.417
-581.93
-571.359
-541.281
-583.209
-523.943
-549.247
-526.045
-513.338
-550.126
-570.638
-585.658
-576.619
-558.686
-579.49
-549.009
-538.423
-601.857
-571.873
-526.908
-533.832
-556.744
-605.327
-580.997
-578.067
-602.472
-567.094
-538.094
-564.595
-577.533
-575.071
-546.857
-568.03
-587.112
-576.874
-602.579
-588.32
-570.521
-636.554
-601.543
-581.418
-593.226
-560.061
-555.269
-601.334
-586.254
-581.956
-606.741
