-0.221
-0.238
-0.218
-0.316
-0.355
-0.395
-0.361
-0.343
-0.214
-0.152
-0.382
-0.25
-0.254
-0.364
-0.272
-0.259
-0.259
-0.333
-0.233
-0.252
-0.389
-0.309
-0.246
-0.264
-0.411
-0.365
-0.592
-0.441
-0.28
-0.334
-0.576
-0.416
-0.25
-0.393
-0.415
-0.405
-0.379
-0.372
-0.341
-0.395
-0.23
-0.326
-0.347
-0.438
-0.368
-0.31
-0.381
-0.313
-0.434
-0.396
-0.309
-0.347
-0.481
-0.388
-0.346
-0.523
-0.503
-0.435
-0.449
-0.348
-0.358
-0.535
-0.418
-0.486
-0.447
-0.56
-0.561
-0.561
-0.42
-0.441
-0.431
-0.42
-0.595
-0.451
-0.269
-0.457
-0.383
-0.461
-0.53
-0.478
-0.446
-0.457
-0.404
-0.374
-0.419
-0.522
-0.581
-0.472
-0.117
-0.343
-0.403
-0.364
-0.539
-0.5
-0.506
-0.517
-0.573
-0.359
-0.369
-0.48
-0.401
-0.526
-0.526
-0.259
-0.6
-0.423
-0.374
-0.37
-0.28
-0.366
-0.33
-0.401
-0.467
-0.373
-0.396
-0.328
-0.358
-0.188
-0.318
-0.257
-0.329
-0.443
-0.254
-0.333
-0.248
-0.349
-0.344
-0.277
-0.316
-0.331
-0.418
-0.422
-0.426
-0.489
-0.435
-0.456
-0.429
-0.5
-0.426
-0.407
-0.445
-0.425
-0.35
-0.43
-0.328
-0.493
-0.494
-0.487
-0.512
-0.44
-0.45
-0.545
-0.389
-0.179
-0.549
-0.492
-0.404
-0.435
-0.51
-0.389
-0.247
-0.41
-0.474
-0.465
-0.448
-0.474
-0.528
-0.428
-0.367
-0.393
-0.453
-0.43
-0.321
-0.323
-0.454
-0.421
-0.496
-0.333
-0.627
-0.267
-0.512
-0.297
-0.514
-0.551
-0.573
-0.426
-0.403
-0.426
-0.471
-0.49
-0.386
-0.587
-0.363
-0.657
-0.419
-0.394
-0.289
-0.525
-0.39
-0.541
-0.427
-0.724
-0.455
-0.509
-0.72
-0.32
-0.356
-0.624
-0.418
-0.588
-0.372
-0.533
-0.419
-0.465
-0.434
-0.387
-0.386
-0.5
-0.497
-0.466
-0.615
-0.324
-0.343
-0.463
-0.379
-0.403
-0.433
-0.341
-0.171
-0.369
-0.42
-0.389
-0.501
-0.499
-0.44
-0.381
-0.524
-0.369
-0.469
-0.351
-0.622
-0.34
-0.391
-0.486
-0.579
-0.617
-0.501
-0.62
-0.598
-0.433
-0.535
-0.422
-0.436
-0.587
-0.453
-0.443
-0.676
-0.468
-0.299
-0.46
-0.38
-0.385
-0.64
-0.609
-0.393
-0.603
-0.619
-0.268
-0.494
-0.512
-0.42
-0.514
-0.528
-0.319
-0.399
-0.34
-0.387
-0.514
-0.48
-0.562
-0.465
-0.572
-0.4
-0.434
-0.595
-0.484
-0.513
-0.505
-0.364
-0.46
-0.488
-0.441
-0.384
-0.439
-0.306
-0.596
-0.33
-0.523
-0.596
-0.442
-0.456
-0.392
-0.471
-0.364
-0.521
-0.515
-0.394
-0.554
-0.529
-0.429
-0.422
-0.547
-0.448
-0.52
-0.465
-0.327
-0.321
-0.321
-0.498
-0.516
-0.387
-0.552
-0.556
-0.529
-0.538
-0.448
-0.506
-0.48
-0.487
-0.374
-0.509
-0.297
-0.289
-0.369
-0.378
-0.479
-0.51
-0.415
-0.454
-0.503
-0.337
-0.402
-0.412
-0.517
-0.518
-0.271
-0.422
-0.42
-0.538
-0.448
-0.504
-0.433
-0.445
-0.653
-0.526
-0.393
-0.669
-0.444
-0.52
-0.64
-0.52
-0.477
-0.364
-0.448
-0.27
-0.352
-0.473
-0.66
-0.472
-0.504
-0.633
-0.534
-0.581
-0.437
-0.339
-0.452
-0.494
-0.533
-0.396
-0.639
-0.541
-0.356
-0.425
-0.389
-0.475
-0.476
-0.374
-0.506
-0.565
-0.402
-0.306
-0.459
-0.359
-0.482
-0.464
-0.476
-0.478
-0.557
-0.608
-0.598
-0.575
-0.558
-0.362
-0.545
-0.551
-0.363
-0.467
-0.495
-0.44
-0.558
-0.495
-0.404
-0.517
-0.487
-0.409
-0.63
-0.368
-0.382
-0.404
-0.462
-0.409
-0.535
-0.554
-0.566
-0.621
-0.61
-0.597
-0.587
-0.416
-0.512
-0.46
-0.462
-0.405
-0.486
-0.422
-0.331
-0.565
-0.475
-0.362
-0.415
-0.409
-0.365
-0.578
-0.569
-0.346
-0.691
-0.644
-0.722
-0.43
-0.614
-0.35
