-112.21
-115.21
-112.82
-111.86
-111.96
-100.16
-118.76
-111.48
-109.5
-106.16
-123.58
-120.48
-131.17
-124.43
-124.67
-116.72
-124.58
-126.26
-128.31
-125.43
-125.19
-121.11
-121.52
-127.67
-131.57
-127.69
-112.38
-120.59
-128.91
-121.63
-121.34
-127.13
-114.25
-132.85
-112.93
-137.66
-128.35
-126.49
-122.51
-122.27
-117.17
-115.25
-116.12
-108.99
-103.03
-110.31
-99.7
-106.19
-113.76
-97.94
-107.54
-105.63
-111.43
-98.95
-128.98
-113.93
-109.45
-120.21
-117.92
-123.38
-100.11
-115.73
-110.0
-114.01
-111.27
-133.77
-119.64
-119.16
-109.67
-136.59
-115.61
-117.37
-112.83
-113.44
-112.42
-121.35
-125.69
-122.31
-117.73
-117.47
-119.31
-126.45
-110.36
-123.77
-132.8
-130.94
-123.87
-128.47
-121.84
-109.59
-121.94
-128.85
-125.05
-122.06
-127.48
-129.42
-132.29
-121.62
-121.07
-121.3
-121.46
-126.84
-123.91
-104.57
-126.93
-126.52
-133.56
-120.06
-124.61
-120.2
-122.68
-109.88
-118.33
-98.38
-121.43
-118.69
-129.13
-121.47
-113.91
-128.73
-104.45
-117.22
-105.52
-111.13
-112.37
-111.33
-107.08
-104.46
-122.17
-107.35
-120.84
-125.85
-125.51
-118.09
-127.62
-125.37
-125.08
-125.9
-125.32
-138.78
-125.68
-137.52
-151.24
-138.61
-142.57
-136.71
-153.09
-134.54
-119.24
-139.46
