-642.812
-616.584
-609.59
-614.391
-580.381
-602.361
-610.481
-651.499
-596.27
-635.398
-628.529
-647.796
-640.675
-659.585
-644.97
-629.182
-600.379
-605.896
-618.734
-610.466
-658.395
-619.412
-569.704
-597.587
-604.493
-583.942
-617.362
-656.599
-633.437
-656.053
-648.898
-637.727
-674.183
-663.563
-632.917
-640.886
-644.074
-641.003
-641.49
-635.071
-638.798
-542.076
-613.87
-604.557
-625.32
-572.793
-620.536
-549.443
-620.223
-619.413
-620.936
-664.016
-665.401
-661.085
-644.387
-585.452
-654.68
-696.402
-649.168
-668.784
-693.571
-706.422
-686.114
-722.909
-705.304
-687.279
-700.738
-760.098
-733.135
-682.582
-712.974
-693.028
-715.575
-682.973
-740.409
-721.59
-643.796
-695.216
-727.126
-759.578
-726.828
-757.339
-732.181
-760.037
-747.251
-732.921
-687.177
-696.69
-689.425
-743.144
-681.948
-691.961
-672.249
-644.887
-664.984
-631.96
-669.109
-644.055
-667.349
-663.455
-635.683
-634.291
-672.035
-628.34
-697.808
-619.951
-644.992
-621.134
-647.838
-637.156
-590.223
-630.475
-590.043
-597.266
-655.671
-716.753
-660.071
-687.665
-628.958
-696.018
-615.337
-672.916
-665.32
-669.003
-623.888
-674.187
-671.566
-687.044
-690.332
-690.906
-665.873
-722.289
-666.572
-729.398
-685.492
-677.153
-701.118
-717.0
-729.428
-655.025
-685.397
-688.675
-674.922
-664.425
-686.402
-658.812
-650.608
-621.156
-633.988
-669.847
-633.286
-638.13
-661.0
-612.15
-657.126
-672.43
-673.903
-647.696
-655.383
-652.241
-660.263
-663.259
-635.7
-572.75
-671.097
-624.728
-658.546
-660.19
-623.283
-629.488
-636.299
-613.806
-605.686
-636.346
-640.786
-629.528
-628.624
-638.604
-673.851
-646.46
-661.484
-664.547
-657.728
-669.924
-686.809
-662.689
-711.689
-689.469
-713.379
-704.338
-694.254
-706.259
-719.23
-705.444
-726.615
-700.676
-752.261
-698.876
-673.897
-741.155
-681.633
-745.489
-661.282
-672.33
-690.118
-639.573
-686.411
-741.862
-690.229
-715.35
-695.123
-735.42
-696.823
-665.01
-647.792
-642.493
-693.901
-659.522
-651.19
-622.904
-649.863
-675.313
-646.392
-619.002
-605.479
-699.848
-599.473
-616.449
-677.347
-677.408
-712.341
-699.201
-708.104
-663.634
-635.798
-699.567
-661.127
-690.312
-659.607
-666.866
-699.26
-699.428
-672.369
-703.846
-694.283
-696.792
-670.238
-726.284
-670.162
-668.097
-688.181
-693.51
-703.349
-654.444
-705.114
-709.161
-678.993
-626.508
-657.377
-664.717
-630.58
-644.681
-706.703
-682.779
-639.963
-616.514
-656.035
-624.211
-645.601
-633.483
-657.021
-634.601
-673.965
-641.348
-689.271
-627.582
-697.854
-626.082
-638.658
-658.192
-593.356
-694.163
-634.254
-590.567
-605.593
-689.533
-674.835
-636.947
-623.786
-632.519
-641.462
-691.456
-675.356
-648.177
-695.128
-686.084
-643.791
-665.057
-648.388
-729.805
-676.887
-694.389
-729.806
-682.017
-705.127
-704.16
-696.402
-693.927
-660.103
-713.063
-680.58
-676.083
-718.386
-697.457
-716.166
-725.7
-599.152
-686.324
-722.079
-710.952
-672.77
-708.756
-645.82
-650.776
-653.77
-681.556
-663.252
-641.153
-631.69
-595.74
-650.495
-647.149
-661.387
-688.122
-640.747
-632.701
-680.04
-625.168
-607.998
-608.543
-629.764
-595.456
-575.082
-613.527
-622.927
-621.659
-564.09
-663.782
-652.107
-594.408
-616.053
-680.075
-731.207
-647.186
-638.566
-627.758
-646.187
-600.881
-610.978
-624.323
-663.886
-646.242
-621.667
-596.58
-592.318
-621.316
-656.034
-626.357
-538.731
-574.598
-623.659
-657.717
-575.183
-707.396
-695.169
-653.885
-633.076
-622.349
-615.773
-646.326
-683.542
-650.96
-591.697
-627.66
-662.644
-666.875
-620.344
-539.902
-689.774
-649.194
-653.911
-629.883
-641.925
-643.962
-636.733
-654.89
-615.559
-634.007
-710.448
-714.994
-666.498
-650.086
-628.049
-616.709
-648.902
-720.806
-658.673
-686.461
-653.782
-670.682
-632.497
-634.525
-629.972
-695.241
-666.652
-674.297
-689.358
-719.921
-697.5
-711.145
-715.745
-684.56
-723.336
-708.626
-717.327
-719.688
-685.568
-674.538
-675.781
-598.111
-569.824
-586.602
-631.071
-680.734
-656.553
-648.59
-644.021
-626.178
-651.346
-638.737
-649.553
-631.936
-669.653
-703.243
-631.657
-675.059
-695.444
-670.781
-652.792
-625.986
-601.961
