-102.36
-106.33
-104.48
-106.21
-103.7
-100.66
-100.32
-108.82
-101.89
-112.32
-110.84
-114.1
-113.39
-113.16
-105.99
-102.36
-107.92
-97.32
-99.7
-103.59
-107.09
-111.45
-105.56
-102.79
-104.21
-107.56
-112.94
-108.52
-115.66
-107.97
-116.55
-103.29
-104.3
-108.36
-107.29
-106.89
-112.35
-104.84
-108.85
-104.92
-89.54
-96.04
-105.2
-102.47
-108.08
-110.06
-108.78
-99.24
-104.36
-99.32
-104.03
-109.68
-111.18
-105.56
-111.12
-100.3
-109.68
-112.34
-105.86
-100.31
-113.47
-113.09
-113.12
-111.63
-113.3
-112.47
-107.61
-111.05
-111.77
-114.83
-119.7
-108.33
-110.48
-121.25
-119.63
-117.29
-111.26
-107.71
-113.09
-113.59
-114.74
-118.67
-113.03
-116.41
-118.27
-124.96
-122.57
-115.41
-106.58
-110.04
-119.05
-114.51
-102.84
-103.76
-99.98
-106.13
-103.22
-103.35
-101.69
-98.5
-99.12
-104.78
-100.67
-99.96
-112.91
-101.39
-109.44
-111.66
-112.06
-111.54
-104.03
-102.61
-100.3
-106.62
-98.33
-113.13
-114.44
-105.12
-105.13
-125.47
-111.1
-108.39
-109.79
-107.19
-105.94
-112.59
-117.35
-102.66
-114.69
-110.58
-110.15
-119.37
-109.29
-116.34
-112.79
-117.64
-101.72
-107.85
-122.07
-110.81
-103.9
-109.92
-110.59
-113.41
-110.5
-107.84
-113.04
-101.66
-107.02
-111.95
-114.39
-113.14
-115.94
-106.32
-117.68
-120.6
-121.76
-116.49
-113.27
-111.52
-111.34
-109.48
-110.55
-106.09
-112.46
-108.5
-119.78
-106.52
-112.2
-119.11
-117.98
-117.88
-106.72
-107.26
-106.55
-111.55
-104.51
-111.67
-108.17
-100.12
-116.48
-108.09
-107.34
-108.64
-117.21
-116.23
-116.19
-119.6
-112.81
-118.45
-113.07
-121.56
-126.89
-110.22
-117.55
-111.4
-122.89
-115.93
-116.3
-120.63
-108.89
-98.36
-111.81
-102.89
-107.21
-110.63
-119.62
-125.0
-115.5
-118.55
-121.12
-118.65
-114.34
-117.16
-115.37
-107.33
-112.96
-110.72
-106.37
-105.77
-110.77
-106.49
-118.12
-108.76
-111.72
-104.95
-114.05
-108.03
-110.58
-116.4
-118.23
-120.34
-109.36
-108.99
-117.16
-123.64
-115.31
-113.09
-104.15
-103.46
-116.36
-113.4
-111.74
-116.38
-112.28
-125.05
-115.99
-114.08
-109.09
-115.59
-119.31
-114.32
-112.4
-105.9
-110.96
-107.0
-110.52
-112.05
-103.7
-107.62
-108.46
-111.24
-112.5
-111.8
-115.83
-114.59
-104.07
-102.4
-116.76
-106.76
-114.64
-104.38
-103.81
-113.3
-120.16
-115.48
-102.65
-98.08
-106.72
-111.46
-106.68
-115.94
-117.88
-110.74
-110.89
-107.14
-114.02
-114.37
-102.77
-105.73
-114.64
-111.34
-105.31
-106.84
-114.59
-112.86
-106.98
-112.46
-104.31
-116.54
-116.99
-116.52
-122.0
-116.07
-122.84
-126.14
-109.02
-117.96
-119.7
-116.05
-112.24
-113.04
-121.25
-115.61
-120.67
-122.12
-103.13
-102.07
-117.64
-113.18
-118.42
-110.48
-104.76
-109.82
-113.8
-111.21
-110.14
-109.57
-106.54
-96.1
-113.96
-111.0
-112.01
-106.32
-113.28
-111.27
-115.25
-110.57
-102.23
-106.75
-106.42
-103.26
-103.54
-109.07
-107.88
-104.66
-106.25
-109.04
-100.3
-111.17
-106.7
-98.82
-115.37
-107.43
-108.02
-108.15
-106.36
-106.23
-108.59
-109.49
-106.76
-109.32
-103.03
-102.41
-98.98
-112.17
-108.5
-106.34
-104.78
-111.54
-106.33
-105.31
-113.11
-122.54
-115.85
-108.23
-104.46
-97.34
-103.26
-115.73
-111.52
-102.53
-110.83
-104.35
-106.41
-110.14
-107.13
-104.08
-114.78
-110.78
-107.16
-109.81
-107.02
-109.77
-113.51
-116.01
-117.24
-104.15
-117.77
-114.89
-113.3
-104.9
-106.2
-116.24
-112.5
-115.66
-118.77
-122.85
-105.77
-116.21
-105.76
-105.4
-115.53
-123.82
-110.61
-116.72
-115.46
-115.91
-111.29
-113.8
-114.44
-117.14
-125.47
-125.39
-117.02
-123.01
-115.62
-109.24
-107.92
-102.81
-97.56
-109.22
-101.85
-112.14
-111.97
-112.14
-117.66
-112.01
-102.93
-98.91
-105.47
-118.24
-114.19
-115.04
-104.71
-108.16
-114.22
-112.59
-111.65
-116.31
-112.54
