-58.82
-57.17
-47.48
-54.02
-61.91
-59.72
-56.89
-61.85
-64.37
-62.98
-49.76
-55.19
-59.09
-62.1
-59.71
-49.85
-57.79
-62.09
-59.83
-57.45
-64.87
-65.26
-79.24
-72.24
-62.91
-65.69
-66.16
-66.41
-67.67
-72.68
-63.38
-80.63
-76.71
-63.85
-71.88
-82.2
-83.29
-78.7
-67.13
-65.19
-80.45
-79.82
-65.8
-71.58
-70.76
-75.89
-72.79
-62.38
-59.92
-67.64
-73.56
-61.72
-70.43
-64.34
-62.83
-61.28
-63.59
-61.47
-57.26
-61.39
-63.46
-70.69
-46.97
-61.82
-54.69
-58.67
-64.89
-61.63
-61.8
-68.84
-64.6
-59.84
-52.04
-65.99
-60.7
-53.32
-51.57
-47.38
-47.9
-54.57
-69.41
-60.19
-71.44
-67.22
-54.18
-51.32
-57.95
-57.28
-66.54
-72.05
-55.12
-54.44
-61.32
-64.22
-70.17
-53.12
-60.48
-60.66
-52.35
-51.47
-52.72
-59.95
-58.91
-66.05
-66.11
-60.82
-74.52
-73.1
-72.15
-78.81
-74.22
-73.69
-78.57
-76.73
-66.43
-67.28
-70.46
-72.09
-71.14
-63.52
-72.75
-63.86
-76.47
-77.06
-70.96
-72.35
-66.38
-65.6
-70.45
-76.8
-75.07
-71.68
-77.77
-79.1
-79.43
-64.83
-72.8
-63.91
-74.33
-68.99
-71.1
-80.43
-79.25
-69.43
-60.16
-70.21
-66.38
-74.7
-71.2
-67.78
