-62.76
-61.8
-62.65
-58.1
-66.75
-69.02
-73.65
-70.01
-68.46
-70.0
-69.23
-72.86
-69.67
-75.84
-70.98
-68.53
-69.44
-69.08
-68.77
-66.82
-64.35
-60.15
-71.77
-61.32
-59.49
-69.89
-63.06
-74.27
-65.95
-66.07
-67.22
-65.04
-65.2
-72.55
-74.19
-78.13
-58.94
-69.38
-71.01
-74.05
-71.45
-71.21
-74.42
-68.03
-66.78
-75.52
-74.03
-68.28
-62.6
-72.33
-68.23
-69.29
-60.38
-69.5
-70.05
-74.17
-70.64
-78.99
-77.69
-75.23
-71.43
-70.82
-79.05
-76.27
-75.03
-71.46
-73.94
-71.18
-74.05
-65.01
-62.88
-67.51
-73.39
-68.04
-72.85
-76.93
-75.15
-75.29
-67.68
-78.95
-70.95
-82.38
-82.71
-75.52
-80.28
-81.0
-81.49
-76.02
-73.3
-74.14
-80.52
-77.8
-67.83
-86.05
-78.4
-77.33
-82.27
-73.49
-74.39
-77.86
-79.31
-78.09
-75.24
-66.08
-67.91
-70.1
-67.16
-76.38
-70.51
-63.04
-70.45
-71.84
-65.97
-69.78
-70.99
-71.44
-72.77
-68.66
-75.74
-76.24
-76.4
-66.58
-61.67
-77.25
-76.0
-64.88
-70.36
-63.02
-62.42
-66.73
-70.66
-73.69
-76.85
-71.74
-70.74
-67.0
-68.91
-75.11
-79.54
-77.31
-78.55
-71.56
-70.79
-73.64
-74.48
-68.05
-79.45
-76.28
-70.17
-68.85
-73.36
-79.44
-78.31
-83.06
-73.93
-76.98
-79.44
-83.46
-83.5
-78.65
-86.22
-86.03
-78.86
-72.95
-74.85
-75.0
-71.7
-72.05
-77.03
-66.63
-71.77
-70.35
-79.27
-76.04
-82.61
-77.35
-81.37
-79.44
-84.6
-83.12
-75.16
-78.28
-79.93
-85.82
-87.91
-74.21
-72.48
-77.72
-68.81
-71.11
-74.19
-79.69
-76.17
-72.66
-72.79
-79.17
-80.47
-75.11
-78.84
-74.01
-76.26
-79.19
-75.68
-78.93
-84.91
-77.03
-85.5
-81.76
-73.99
-74.81
-74.92
-79.06
-66.65
-79.37
-69.51
-70.86
-68.12
-63.67
-69.07
-76.49
-70.94
-74.1
-72.84
-84.12
-73.63
-82.08
-75.27
-70.72
-77.77
-76.94
-75.61
-79.52
-78.31
-72.06
-75.7
-67.68
-75.43
-76.8
-66.59
-77.43
-77.14
-82.27
-79.11
-79.73
-78.88
-78.62
-74.13
-76.11
-76.26
-76.82
-78.67
-75.47
-73.35
-78.71
-71.0
-75.93
-68.38
-70.1
-72.19
-65.35
-75.21
-79.3
-76.96
-73.18
-78.37
-69.87
-81.43
-78.02
-77.78
-75.39
-80.2
-71.32
-74.14
-76.21
-77.49
-77.04
-82.08
-78.19
-71.21
-72.13
-72.32
-80.16
-75.55
-74.97
-75.34
-64.32
-70.34
-61.78
-69.92
-69.81
-66.34
-63.34
-73.13
-63.5
-60.61
-59.19
-68.58
-67.66
-73.33
-70.96
-66.39
-72.35
-59.88
-68.95
-63.87
-66.46
-75.21
-66.98
-64.38
-65.71
-67.92
-64.37
-68.83
-69.47
-71.05
-73.18
-57.9
-65.61
-66.78
-64.96
-65.95
-59.32
-60.1
-55.25
-63.55
-59.13
-66.18
-65.49
-66.2
-59.31
-62.15
-56.98
-66.01
-61.74
-62.02
-59.65
-62.91
-64.45
-65.11
-65.7
-62.25
-61.33
-59.74
-64.24
-68.33
-65.8
-58.96
-59.6
-61.17
-58.11
-54.18
-56.1
-58.41
-54.16
-58.91
-52.52
-48.94
-48.21
-53.12
-46.39
-53.8
-54.41
-53.34
-45.61
-49.76
-45.75
-50.1
-52.31
-48.23
-51.09
-58.0
-58.32
-58.15
-55.43
-52.02
-59.86
-63.12
-62.57
-69.03
-63.34
-58.74
-64.58
-63.2
-61.86
-50.36
-63.23
-63.76
-68.27
-62.32
-64.4
-64.71
-70.49
-60.85
-66.68
-61.99
-55.96
-45.1
-59.43
-59.92
-63.36
-61.99
-60.36
-64.14
-71.58
-64.32
-66.68
-58.46
-66.32
-59.19
-69.29
-59.31
-56.65
-61.63
-56.8
-64.99
-63.67
-63.87
-57.1
-50.59
-56.43
-53.39
-54.19
-54.14
-61.67
-59.92
-59.46
-55.9
-57.67
-60.61
-65.74
-53.61
-57.24
-56.75
-54.83
-54.84
-54.97
-53.03
-63.26
-64.5
-67.04
-62.28
-59.88
-61.55
-57.81
-63.53
-57.87
-61.38
-59.91
-59.58
-59.27
-57.25
-63.54
-65.03
-64.8
-66.46
-57.89
-58.93
-68.15
-67.02
-62.87
-66.52
-65.68
-62.44
-50.61
-67.22
-60.25
-70.1
-65.97
-67.04
-67.14
-67.9
-66.38
-73.17
-64.53
-66.66
-61.69
-63.1
-61.28
-64.37
-65.56
-67.99
-63.3
-66.38
-72.23
-63.44
-67.42
-66.08
-64.71
-67.13
-63.69
-74.38
-66.21
-70.37
-67.82
-71.04
-61.93
-61.41
-62.11
-68.64
-61.32
-66.46
-60.26
-58.67
-55.56
-64.67
-53.11
-62.01
-55.0
-59.34
-66.86
-59.46
-60.45
-58.48
-66.04
-60.02
-57.82
-63.6
-55.59
-58.79
-59.07
-59.68
-54.08
-61.56
-57.34
-61.7
-70.33
-60.75
-66.91
-57.8
-63.06
-62.35
-61.86
-50.54
-53.28
-64.72
-62.37
-66.18
-58.53
-54.25
-60.43
-70.2
-60.04
-59.94
-67.66
-67.96
-49.19
-48.96
-35.63
-51.47
-51.51
-59.33
-65.96
-67.19
-64.27
-64.84
-60.83
-61.42
-63.53
-57.11
-62.79
-65.24
-68.21
-65.73
-66.95
-71.13
-73.97
-62.76
-75.27
-70.66
-70.47
-63.51
-57.88
-63.35
-70.11
-64.75
-61.86
-63.78
-61.72
-67.51
-76.0
-74.95
-49.95
-67.36
-71.33
-74.06
-65.99
-68.42
-58.74
-71.73
-62.6
-65.57
-67.79
-69.44
-76.26
-78.95
-64.08
-70.45
-81.57
-68.81
-76.01
-69.7
-70.6
-71.31
-67.84
-78.72
-72.69
-71.39
-71.94
-82.73
-67.74
-74.07
-58.47
-73.41
-69.17
-72.46
-77.69
-73.06
-75.25
-75.7
-69.34
-65.3
-78.52
-70.89
-75.15
-71.15
-70.09
-73.88
-62.6
-63.53
-81.08
-72.59
-71.54
-73.02
-74.07
-75.91
-85.32
-70.11
-76.25
-81.0
