-439.09
-452.894
-435.316
-435.803
-464.127
-471.196
-503.166
-471.608
-572.033
-533.037
-450.461
-506.321
-553.981
-473.355
-517.666
-478.517
-521.907
-505.201
-482.616
-448.538
-493.711
-492.284
-500.548
-471.902
-468.209
-483.422
-506.488
-508.358
-514.537
-470.281
-464.058
-490.701
-486.444
-518.645
-511.536
-517.137
-534.11
-526.006
-472.335
-500.149
-473.996
-483.402
-473.032
-525.296
-489.661
-479.617
-447.708
-447.176
-444.384
-470.363
-448.42
-496.762
-456.062
-451.586
-508.523
-452.505
-502.272
-511.137
-493.412
-476.032
-468.283
-536.823
-466.961
-502.871
-487.655
-445.889
-431.182
-465.265
-438.927
-440.177
-496.994
-482.298
-535.46
-530.714
-493.694
-501.96
-514.977
-525.426
-503.916
-513.142
-522.625
-537.185
-507.057
-497.063
-514.865
-535.848
-538.552
-531.619
-510.334
-499.725
-525.942
-508.666
-481.507
-513.834
-556.656
-525.466
-562.497
-540.676
-528.128
-508.607
-558.982
-561.071
-514.566
-530.081
-498.809
-505.133
-523.751
-504.358
-499.612
-499.859
-483.098
-528.016
-491.218
-505.381
-499.142
-457.73
-502.773
-508.741
-465.354
-519.674
-497.237
-520.403
-494.123
-520.061
-479.546
-443.641
-451.16
-436.318
-429.337
-476.564
-502.816
-509.094
-530.605
-500.905
-468.215
-445.274
-455.903
-496.007
-477.324
-460.134
-531.192
-426.488
-488.274
-468.718
-468.058
-469.299
-454.808
-445.552
-454.856
-456.666
-460.051
-477.857
-473.629
-457.297
-520.759
-459.128
-535.468
-516.905
-464.223
-555.811
-492.466
-528.554
-499.942
-546.987
-480.084
-519.679
-543.592
-535.772
-578.456
-512.273
-541.055
-517.326
-525.625
-565.855
-542.772
-543.061
-490.816
-522.535
-498.219
-517.573
-523.067
-517.136
-519.818
-514.84
-497.522
-498.421
-503.358
-486.243
-526.982
-545.589
-504.596
-544.719
-579.26
-490.343
-458.584
-498.65
-516.616
-499.369
-534.238
-548.758
-504.187
-510.077
-483.888
-545.208
-551.351
-525.829
-550.547
-510.398
-501.799
-536.793
-538.254
-559.798
-525.095
-551.693
-512.551
-505.841
-450.882
-448.309
-469.21
-481.836
-518.741
-535.871
-508.077
-512.389
-562.648
-541.947
-526.234
-500.731
-501.584
-499.116
-521.824
-545.131
-532.78
-487.574
-498.11
-438.904
-474.562
-491.749
-489.495
-489.935
-483.732
-512.441
-507.429
-521.394
-540.457
-538.292
-526.441
-528.721
-551.134
-569.806
-504.361
-536.089
-563.864
-507.08
-523.094
-528.346
-534.887
-518.17
-495.196
-494.424
-509.747
-520.228
-489.626
-506.608
-521.135
-481.922
-542.395
-507.811
-519.802
-527.186
-528.2
-497.208
-513.583
-507.56
-520.347
-512.471
-532.947
-547.344
-524.099
-507.765
-525.74
-534.739
-503.054
-486.009
-482.274
-516.187
-525.367
-479.928
-458.856
-500.174
-405.547
-446.995
-488.335
-465.283
-462.028
-465.93
-433.21
-422.762
-458.746
-437.548
-442.451
-428.898
-429.19
-443.966
-433.118
-496.285
-524.828
-446.416
-442.349
-498.136
-462.773
-482.53
-432.953
-464.847
-461.634
-469.066
-431.297
-440.695
-471.881
-448.984
-410.206
-389.737
-397.344
-413.092
-419.408
-348.904
-388.862
-402.107
-399.479
-389.799
-385.386
-402.444
-366.543
-416.585
-380.307
-382.154
-392.712
-353.551
-409.004
-411.281
-388.903
-377.9
-379.82
-355.375
-412.876
-346.196
-339.615
-403.062
-370.004
-409.856
-381.402
-375.268
-405.878
-392.417
-383.691
-355.036
-380.781
-357.069
-409.376
-377.658
-372.13
-368.838
-385.792
-381.927
-396.325
-387.212
-356.611
-360.449
-370.644
-357.12
-398.855
-398.366
-377.359
-374.738
-411.521
-352.66
-373.358
-378.07
-426.729
-375.674
-392.189
-400.601
-344.03
-395.682
-353.351
-412.109
-423.908
-400.395
-367.941
-353.061
-409.81
-389.035
-406.244
-402.521
-423.073
-386.069
-391.019
-410.236
-406.838
-378.323
-420.298
-373.068
-392.255
-437.333
-405.308
-427.07
-415.4
-399.659
-378.963
-383.912
-347.776
-387.892
-381.414
-363.376
-348.378
-373.296
-368.826
-379.304
-345.708
-356.621
-347.24
-355.614
-390.517
-410.188
-397.111
-406.479
-416.59
-404.405
-421.085
-390.621
-373.333
-386.448
-424.983
-392.478
-372.724
-384.584
-434.796
-450.789
-460.244
-472.83
-429.493
-399.98
-411.562
-452.962
-438.415
-424.953
-405.839
-431.281
-419.457
-427.769
-410.484
-403.514
-431.823
-461.091
-448.609
-414.374
-442.846
-455.876
-399.781
-427.495
-428.923
-409.357
-465.477
-432.447
-482.732
-442.336
-470.199
-447.643
-466.166
-484.293
-486.914
-441.768
-463.298
-477.295
-476.075
-465.085
-451.33
-457.014
-475.921
-457.914
-430.414
-479.869
-443.502
-475.582
-464.143
-455.963
-455.742
-452.793
-472.106
-455.539
-464.637
-455.084
-460.006
-446.65
-468.63
-433.199
-422.475
-422.377
-484.902
-465.099
-443.081
-401.838
-404.259
-412.12
-421.884
-393.376
-412.847
-391.923
-383.008
-444.784
-392.878
-406.356
-395.197
-367.719
-422.126
-390.901
-427.933
-364.747
-340.329
-389.507
-376.264
-401.911
-418.504
-421.132
-414.946
-387.097
-363.978
-387.266
-382.575
-419.979
-355.697
-400.358
-356.518
-373.7
-397.976
-381.463
-386.916
-358.573
-324.085
-408.97
-422.865
-404.646
-424.175
-382.775
-391.601
-332.834
-327.274
-299.747
-327.145
-334.572
-362.34
-355.084
-384.332
-385.562
-381.253
-358.94
-380.379
-387.505
-397.965
-407.142
-409.852
-445.751
-415.383
-421.391
-433.385
-416.588
-410.891
-421.18
-409.821
-412.913
-367.492
-373.227
-368.769
-428.787
-370.224
-359.521
-404.991
-359.42
-390.57
-437.4
-444.178
-366.55
-422.644
-406.204
-479.92
-409.882
-430.41
-394.541
-424.682
-389.664
-390.44
-402.052
-401.693
-452.401
-457.842
-429.405
-409.293
-487.723
-469.591
-433.159
-485.949
-438.752
-479.954
-432.993
-454.957
-445.483
-428.831
-465.489
-452.213
-429.103
-432.467
-416.527
-456.589
-407.427
-418.557
-447.523
-495.279
-485.398
-446.771
-437.754
-413.769
-482.444
-436.269
-450.865
-450.34
-432.428
-461.391
-393.451
-407.675
-490.919
-477.271
-493.693
-457.892
-474.341
-442.114
-513.5
-427.666
-497.908
-507.572
