-0.456
-0.339
-0.362
-0.287
-0.434
-0.433
-0.331
-0.3
-0.34
-0.347
-0.289
-0.319
-0.374
-0.345
-0.234
-0.293
-0.235
-0.275
-0.316
-0.33
-0.391
-0.256
-0.41
-0.224
-0.199
-0.279
-0.323
-0.272
-0.305
-0.377
-0.391
-0.274
-0.385
-0.298
-0.345
-0.363
-0.369
-0.345
-0.362
-0.355
-0.308
-0.345
-0.296
-0.319
-0.38
-0.416
-0.376
-0.185
-0.295
-0.276
-0.254
-0.295
-0.218
-0.308
-0.312
-0.304
-0.299
-0.222
-0.168
-0.218
-0.31
-0.343
-0.269
-0.264
-0.284
-0.223
-0.219
-0.229
-0.297
-0.187
-0.234
-0.303
-0.204
-0.398
-0.319
-0.308
-0.358
-0.443
-0.291
-0.345
-0.265
-0.422
-0.291
-0.311
-0.253
-0.356
-0.314
-0.361
-0.365
-0.373
-0.344
-0.37
-0.307
-0.484
-0.311
-0.285
-0.376
-0.394
-0.377
-0.375
-0.392
-0.234
-0.359
-0.406
-0.32
-0.384
-0.347
-0.23
-0.327
-0.337
-0.317
-0.325
-0.257
-0.279
-0.223
-0.298
-0.205
-0.308
-0.256
-0.421
-0.311
-0.399
-0.371
-0.204
-0.306
-0.245
-0.192
-0.293
-0.18
-0.264
-0.262
-0.368
-0.256
-0.341
-0.318
-0.305
-0.379
-0.3
-0.382
-0.448
-0.357
-0.298
-0.37
-0.337
-0.331
-0.323
-0.423
-0.398
-0.427
-0.261
-0.343
-0.41
-0.362
-0.461
-0.305
-0.303
-0.275
-0.277
-0.405
-0.433
-0.454
-0.24
-0.375
-0.474
-0.283
-0.359
-0.279
-0.404
-0.349
-0.32
-0.282
-0.45
-0.296
-0.421
-0.219
-0.287
-0.357
-0.273
-0.262
-0.294
-0.277
-0.368
-0.296
-0.295
-0.337
-0.328
-0.328
-0.302
-0.254
-0.306
-0.279
-0.365
-0.253
-0.268
-0.336
-0.417
-0.356
-0.351
-0.383
-0.291
-0.387
-0.308
-0.3
-0.32
-0.479
-0.425
-0.386
-0.359
-0.521
-0.351
-0.416
-0.355
-0.382
-0.458
-0.387
-0.408
-0.384
-0.345
-0.337
-0.432
-0.458
-0.438
-0.381
-0.438
-0.371
-0.537
-0.404
-0.405
-0.418
-0.313
-0.454
-0.428
-0.392
-0.31
-0.289
-0.365
-0.251
-0.443
-0.308
-0.419
-0.383
-0.348
-0.388
-0.326
-0.279
-0.368
-0.272
-0.341
-0.34
-0.302
-0.342
-0.386
-0.373
-0.335
-0.351
-0.387
-0.478
-0.362
-0.41
-0.406
-0.264
-0.328
-0.476
-0.364
-0.39
-0.409
-0.365
-0.373
-0.261
-0.437
-0.321
-0.303
-0.346
-0.371
-0.37
-0.368
-0.443
-0.354
-0.365
-0.372
-0.374
-0.303
-0.394
-0.445
-0.384
-0.331
-0.345
-0.266
-0.318
-0.332
-0.344
-0.299
-0.445
-0.317
-0.369
-0.311
-0.327
-0.252
-0.249
-0.296
-0.163
-0.234
-0.352
-0.231
-0.294
-0.316
-0.414
-0.244
-0.298
-0.151
-0.329
-0.357
-0.307
-0.369
-0.295
-0.311
-0.274
-0.177
-0.246
-0.355
-0.28
-0.333
-0.329
-0.235
-0.416
-0.258
-0.349
-0.325
-0.329
-0.271
-0.226
-0.26
-0.379
-0.3
-0.343
-0.345
-0.308
-0.284
-0.296
-0.268
-0.345
-0.259
-0.28
-0.261
-0.154
-0.17
-0.36
-0.192
-0.245
-0.319
-0.274
-0.283
-0.33
-0.292
-0.207
-0.267
-0.245
-0.276
-0.247
-0.215
-0.356
-0.284
-0.307
-0.262
-0.26
-0.244
-0.362
-0.283
-0.273
-0.261
-0.317
-0.312
-0.161
-0.205
-0.235
-0.299
-0.253
-0.263
-0.283
-0.102
-0.145
-0.196
-0.321
-0.4
-0.369
-0.385
-0.354
-0.281
-0.349
-0.367
-0.234
-0.359
-0.259
-0.38
-0.259
-0.36
-0.362
-0.23
-0.447
-0.368
-0.417
-0.379
-0.339
-0.51
-0.284
-0.302
-0.423
-0.366
-0.398
-0.441
-0.364
-0.348
-0.289
-0.351
-0.382
-0.311
-0.332
-0.452
-0.327
-0.349
-0.357
-0.299
-0.251
-0.368
-0.303
-0.236
-0.244
-0.172
-0.221
-0.233
-0.311
-0.318
-0.303
-0.239
-0.276
-0.193
-0.322
-0.186
-0.245
-0.297
-0.192
-0.227
-0.344
-0.232
-0.259
-0.254
-0.205
-0.194
-0.258
-0.197
-0.192
-0.247
-0.17
-0.142
-0.027
-0.294
-0.132
-0.286
-0.296
-0.149
-0.168
-0.247
-0.229
-0.241
-0.341
-0.364
-0.414
-0.387
-0.401
-0.264
-0.25
-0.351
-0.457
-0.36
-0.334
-0.261
-0.318
-0.357
-0.182
-0.33
-0.309
-0.3
-0.34
-0.23
-0.34
-0.33
-0.291
-0.276
-0.362
-0.24
-0.302
-0.212
-0.249
-0.286
-0.32
-0.29
-0.262
-0.246
-0.346
-0.254
-0.22
-0.161
-0.196
-0.301
-0.302
-0.273
-0.229
-0.258
-0.207
-0.288
-0.221
-0.335
-0.078
-0.298
-0.201
-0.197
-0.249
-0.175
-0.184
-0.269
-0.228
-0.289
-0.224
-0.235
-0.205
-0.22
-0.205
-0.259
-0.126
-0.194
-0.095
-0.26
-0.257
-0.382
-0.204
-0.26
-0.304
-0.261
-0.19
-0.274
-0.308
-0.266
-0.346
-0.208
-0.25
-0.232
-0.261
-0.201
-0.123
-0.272
-0.297
-0.259
-0.315
-0.346
-0.303
-0.278
-0.271
-0.291
-0.337
-0.338
-0.326
-0.291
-0.17
-0.276
-0.325
-0.264
-0.255
-0.362
-0.386
-0.396
-0.315
-0.302
-0.304
-0.319
-0.211
-0.249
-0.224
-0.131
-0.298
-0.319
-0.275
-0.306
-0.215
-0.22
-0.285
-0.271
-0.347
-0.21
-0.334
-0.273
-0.214
-0.192
-0.252
-0.193
-0.225
-0.226
-0.21
-0.285
-0.226
-0.254
-0.307
-0.193
-0.212
-0.228
-0.208
-0.261
-0.124
-0.181
-0.334
-0.28
-0.235
-0.336
-0.326
-0.244
-0.292
-0.253
-0.219
-0.196
-0.232
-0.161
-0.215
-0.35
-0.402
-0.329
-0.352
-0.2
-0.32
-0.324
-0.347
-0.386
-0.332
-0.277
-0.404
-0.25
-0.293
-0.359
-0.423
-0.312
-0.168
