-794.635
-734.087
-659.521
-788.672
-744.004
-753.813
-742.175
-800.008
-783.532
-743.422
-783.471
-753.455
-804.014
-811.254
-768.171
-766.26
-748.941
-760.4
-756.297
-731.126
-783.015
-782.615
-804.169
-766.695
-759.942
-718.149
-700.372
-744.724
-762.846
-773.246
-775.315
-776.943
-793.227
-750.504
-769.307
-767.867
-776.647
-769.696
-771.869
-752.005
-725.267
-729.407
-720.545
-775.743
-760.188
-750.697
-737.513
-698.79
-683.823
-709.647
-708.531
-702.774
-715.944
-680.266
-664.288
-693.12
-677.581
-677.821
-720.537
-703.6
-728.493
-731.893
-711.19
-742.715
-725.698
-683.19
-784.249
-751.047
-716.009
-720.035
-669.234
-699.55
-694.411
-705.458
-725.018
-741.538
-750.268
-732.293
-725.692
-662.205
-714.356
-701.648
-755.122
-719.398
-768.026
-723.894
-736.773
-746.401
-725.705
-780.847
-752.837
-773.434
-720.675
-721.127
-698.183
-702.778
-713.34
-762.922
-768.099
-760.286
-690.103
-723.48
-743.095
-662.885
-683.99
-708.438
-725.049
-716.735
-691.34
-731.475
-759.863
-704.929
-726.215
-696.859
-736.537
-736.41
-685.205
-707.067
-756.321
-779.872
-722.359
-687.577
-791.787
-774.55
-752.36
-714.431
-731.04
-760.263
-699.301
-710.49
-689.808
-698.315
-666.312
-700.929
-669.377
-696.539
-666.054
-672.856
-663.932
-741.688
-768.179
-715.905
-703.953
-694.875
-745.272
-710.769
-711.502
-733.336
-734.344
-726.194
-757.549
-726.806
-727.65
-737.993
-753.287
-772.245
-774.978
-755.676
-726.87
-772.441
-704.122
-698.506
-706.514
-722.584
-678.341
-663.535
-666.864
-678.732
-655.524
-657.444
-662.802
-653.856
-638.267
-669.363
-664.535
-741.711
-743.268
-773.606
-756.666
-753.184
-706.309
-691.534
-683.934
-705.828
-738.014
-687.881
-651.357
-716.354
-706.193
-722.172
-703.744
-713.842
-716.735
-685.826
-686.699
-715.381
-702.338
-760.514
-760.065
-764.196
-746.563
-796.401
-783.896
-749.261
-819.878
-766.137
-744.416
-723.55
-752.532
-691.084
-757.613
-745.075
-762.638
-787.882
-713.586
-749.173
-753.08
-727.133
-750.094
-750.561
-778.986
-767.403
-779.587
-752.99
-725.94
-687.748
-732.709
-704.295
-741.635
-785.891
-678.622
-665.472
-686.34
-694.615
-715.0
-654.168
-710.385
-709.005
-728.238
-719.275
-806.51
-783.977
-703.29
-698.037
-752.982
-705.395
-730.974
-778.465
-753.873
-717.132
-697.118
-679.836
-648.634
-677.168
-694.382
-659.449
-715.445
-703.663
-723.008
-659.254
-689.344
-735.126
-662.753
-659.289
-692.023
-741.86
-730.251
-661.495
-737.382
-721.699
-635.354
-673.609
-670.617
-666.976
-712.51
-716.131
-706.079
-730.028
-765.409
-797.791
-773.077
-784.757
-754.75
-763.849
-766.591
-759.47
-801.452
-718.239
-742.706
-748.102
-717.032
-746.355
-725.178
-748.228
-764.269
-770.902
-752.804
-762.014
-795.095
-760.85
-717.392
-816.783
-783.992
-800.503
-750.384
-765.876
-764.344
-740.184
-761.174
-789.438
-731.2
-753.263
-767.743
-722.226
-773.775
-742.959
-728.596
-749.832
-747.453
-729.994
-738.305
-739.514
-758.165
-758.275
-761.276
-733.304
-709.059
-665.808
-773.986
-715.711
-714.849
-731.149
-720.738
-692.363
-755.992
-685.549
-628.75
-703.367
-709.833
-742.489
-773.27
-722.742
-743.657
-676.854
-674.422
-757.767
-730.379
-721.42
-677.096
-732.834
-685.148
-703.686
-723.412
-724.506
-699.971
-727.714
-715.878
-655.031
-711.422
-737.75
-703.761
-798.486
-752.554
-650.977
-710.184
-700.669
-677.723
-661.031
-690.847
-697.752
-756.283
-646.409
-646.926
-731.989
-729.891
-693.953
-663.838
-712.467
-710.656
-684.295
-689.328
-654.474
-653.392
-665.374
-671.459
-651.754
-666.261
-699.414
-665.434
-723.849
-734.43
-773.843
-760.301
-781.137
-722.089
-729.67
-683.802
-755.163
-724.822
-748.257
-776.408
-834.941
-772.157
-758.141
-786.528
-778.398
-778.594
-845.376
-774.999
-822.23
-764.267
-753.566
-715.193
-736.027
-789.723
-790.61
-772.042
-742.216
-703.017
-748.157
-764.05
-737.374
-770.103
-760.644
-768.77
-753.27
-738.031
-727.132
-640.24
-702.563
-703.038
-738.475
-729.904
-709.84
-710.747
-759.765
-722.33
-763.926
-746.035
-717.942
-733.807
-755.91
-813.539
-804.689
-822.829
-774.385
-746.642
-736.622
-748.806
-777.431
-747.182
