-116.35
-121.76
-111.89
-114.64
-105.38
-115.45
-120.62
-127.82
-122.27
-113.05
-117.49
-128.73
-121.42
-125.67
-120.8
-122.18
-124.76
-124.15
-120.26
-107.21
-127.79
-125.53
-120.62
-122.11
-120.28
-116.56
-119.96
-113.16
-126.46
-126.55
-131.75
-127.29
-121.76
-119.44
-117.4
-129.85
-116.56
-108.62
-113.6
-107.57
-117.52
-112.52
-112.25
-105.42
-117.02
-117.41
-115.34
-114.84
-116.18
-118.54
-125.57
-125.19
-122.46
-114.24
-117.6
-117.42
-110.36
-116.72
-113.17
-111.56
-118.11
-120.09
-112.61
-116.89
-118.14
-108.77
-112.87
-110.33
-112.33
-117.39
-109.31
-111.45
-120.0
-117.45
-117.21
-123.67
-118.3
-113.23
-112.57
-109.08
-111.21
-111.08
-116.65
-115.88
-114.64
-121.48
-111.82
-104.97
-117.74
-118.02
-108.84
-118.97
-119.1
-114.25
-107.19
-109.77
-113.21
-112.57
-104.58
-111.02
-114.11
-112.48
-118.56
-103.79
-113.79
-106.85
-106.26
-116.45
-113.33
-113.4
-113.65
-110.11
-109.87
-106.81
-111.8
-117.28
-119.54
-109.25
-109.8
-107.87
-104.08
-110.72
-99.64
-114.94
-116.14
-107.85
-111.28
-114.65
-109.04
-107.17
-103.29
-112.34
-109.87
-103.64
-108.52
-108.06
-117.12
-107.07
-109.23
-114.84
-116.69
-112.24
-99.68
-106.47
-108.37
-112.74
-108.6
-121.46
-106.29
-113.19
-110.59
-102.85
-114.46
-105.88
-109.61
-106.49
-110.6
-118.86
-113.98
-112.28
-102.84
-110.8
-106.03
-116.03
-104.1
-98.01
-107.88
-110.85
-106.18
-106.07
-107.96
-112.41
-112.04
-110.43
-103.29
-107.42
-113.09
-110.07
-109.15
-113.36
-116.51
-105.69
-106.39
-108.79
-114.69
-107.19
-103.63
-102.71
-109.64
-106.75
-108.53
-107.27
-114.45
-110.14
-102.49
-104.34
-105.88
-124.2
-113.34
-119.26
-117.84
-124.64
-120.63
-119.61
-114.67
-114.17
-122.46
-110.95
-110.73
-114.46
-122.54
-116.99
-118.42
-115.24
-114.56
-105.67
-111.3
-111.26
-115.12
-124.58
-121.81
-121.72
-116.19
-118.95
-118.35
-108.13
-111.86
-120.42
-114.38
-125.15
-107.65
-109.99
-102.98
-108.1
-113.52
-113.24
-113.22
-114.37
-113.11
-116.56
-118.66
-117.58
-112.79
-115.09
-103.09
-103.7
-109.84
-117.83
-119.24
-97.78
-106.71
-100.85
-109.23
-105.9
-120.34
-118.38
-109.9
-106.9
-108.25
-103.39
-99.64
-106.48
-105.51
-102.68
-107.85
-103.96
-116.63
-111.81
-104.95
-108.92
-113.83
-103.22
-111.14
-118.21
-103.96
-109.64
-104.62
-107.29
-100.27
-123.55
-109.16
-121.45
-121.39
-124.5
-119.12
-106.88
-117.94
-116.69
-106.1
-110.06
-116.64
-110.1
-109.25
-115.97
-120.72
-112.17
-120.84
-119.49
-123.02
-118.08
-121.24
-120.8
-119.74
-122.73
-120.48
-117.73
-112.96
-107.59
-118.95
-125.64
-120.91
-123.59
-113.33
-120.65
-120.79
-121.18
-112.45
-112.48
-111.15
-118.57
-123.44
-109.74
-117.43
-118.45
-112.34
-114.9
-111.46
-96.77
-116.82
-111.65
-105.84
-105.88
-109.31
-108.46
-119.11
-101.6
-112.18
-105.13
-106.33
-112.43
-124.43
-111.91
-116.13
-107.82
-111.53
-115.79
-116.22
-111.99
-112.61
-118.16
-108.76
-113.35
-118.25
-116.86
-105.52
-111.92
-111.0
-106.82
-105.9
-102.56
-121.91
-111.99
-129.23
-101.22
-117.39
-113.45
-114.99
-121.37
-107.38
-113.17
-109.89
-106.27
-93.29
-108.26
-110.9
-96.61
-99.57
-96.14
-107.02
-108.01
-106.97
-104.7
-100.78
-109.99
-100.98
-96.07
-106.3
-100.49
-110.57
-113.62
-113.54
-105.1
-116.42
-108.84
-117.09
-105.11
-116.9
-109.44
-118.13
-116.54
-125.02
-119.85
-125.68
-122.65
-118.31
-113.06
-119.7
-120.03
-112.57
-121.79
-110.28
-120.56
-117.1
-107.72
-115.45
-114.26
-116.61
-117.17
-104.83
-122.75
-109.41
-110.17
-111.8
-118.32
-106.75
-125.47
-119.98
-110.46
-104.73
-114.03
-117.01
-110.63
-117.17
-112.56
-119.17
-119.37
-116.4
-117.62
-111.0
-119.96
-121.82
-114.32
-121.31
-121.23
-127.9
-118.55
-127.28
-119.2
-116.95
-128.51
-124.79
