-0.549
-0.75
-0.522
-0.629
-0.558
-0.439
-0.503
-0.651
-0.57
-0.502
-0.614
-0.575
-0.638
-0.497
-0.627
-0.568
-0.548
-0.508
-0.563
-0.716
-0.751
-0.654
-0.596
-0.408
-0.687
-0.729
-0.451
-0.727
-0.672
-0.723
-0.781
-0.786
-0.716
-0.666
-0.526
-0.655
-0.534
-0.672
-0.606
-0.475
-0.413
-0.656
-0.498
-0.648
-0.677
-0.519
-0.411
-0.57
-0.578
-0.703
-0.677
-0.462
-0.302
-0.645
-0.413
-0.601
-0.519
-0.53
-0.637
-0.397
-0.646
-0.673
-0.497
-0.656
-0.482
-0.551
-0.477
-0.61
-0.744
-0.387
-0.597
-0.553
-0.78
-0.496
-0.468
-0.63
-0.42
-0.597
-0.416
-0.745
-0.52
-0.526
-0.387
-0.373
-0.62
-0.436
-0.477
-0.545
-0.636
-0.671
-0.539
-0.516
-0.382
-0.51
-0.508
-0.538
-0.598
-0.606
-0.535
-0.648
-0.546
-0.563
-0.5
-0.577
-0.654
-0.601
-0.609
-0.559
-0.457
-0.513
-0.627
-0.369
-0.427
-0.424
-0.474
-0.476
-0.701
-0.498
-0.528
-0.52
-0.391
-0.601
-0.427
-0.587
-0.6
-0.611
-0.565
-0.604
-0.523
-0.443
-0.392
-0.459
-0.303
-0.482
-0.578
-0.506
-0.467
-0.586
-0.57
-0.446
-0.594
-0.427
-0.502
-0.665
-0.494
-0.473
-0.42
-0.653
-0.625
-0.564
-0.536
-0.311
-0.482
-0.487
-0.36
-0.396
-0.489
-0.562
-0.489
-0.329
-0.396
-0.477
-0.511
-0.447
-0.344
-0.428
-0.417
-0.445
-0.462
-0.508
-0.407
-0.657
-0.325
-0.602
-0.382
-0.373
-0.296
-0.393
-0.488
-0.519
-0.58
-0.563
-0.536
-0.471
-0.583
-0.418
-0.502
-0.533
-0.495
-0.648
-0.677
-0.447
-0.569
-0.334
-0.439
-0.49
-0.379
-0.535
-0.727
-0.626
-0.401
-0.729
-0.8
-0.683
-0.657
-0.723
-0.638
-0.556
-0.642
-0.599
-0.758
-0.691
-0.539
-0.679
-0.606
-0.52
-0.62
-0.734
-0.505
-0.64
-0.595
-0.577
-0.416
-0.632
-0.472
-0.661
-0.463
-0.43
-0.644
-0.675
-0.631
-0.439
-0.473
-0.481
-0.412
-0.455
-0.632
-0.646
-0.621
-0.695
-0.603
-0.596
-0.516
-0.535
-0.455
-0.411
-0.648
-0.454
-0.407
-0.462
-0.543
-0.586
-0.453
-0.497
-0.633
-0.49
-0.419
-0.555
-0.564
-0.563
-0.56
-0.462
-0.494
-0.591
-0.374
-0.293
-0.5
-0.501
-0.495
-0.543
-0.373
-0.519
-0.463
-0.616
-0.557
-0.401
-0.491
-0.491
-0.583
-0.526
-0.585
-0.456
-0.527
-0.502
-0.533
-0.677
-0.512
-0.555
-0.566
-0.418
-0.642
-0.678
-0.522
-0.454
-0.555
-0.438
-0.753
-0.664
-0.62
-0.832
-0.824
-0.788
-0.59
-0.69
-0.482
-0.56
-0.661
-0.666
-0.665
-0.788
-0.65
-0.615
-0.589
-0.645
-0.436
-0.522
-0.528
-0.574
-0.654
-0.65
-0.619
-0.429
-0.519
-0.664
-0.653
-0.427
-0.51
-0.546
-0.509
-0.474
-0.67
-0.556
-0.668
-0.61
-0.729
-0.447
-0.38
-0.591
-0.347
-0.536
-0.722
-0.553
-0.87
-0.629
-0.618
-0.791
-0.595
-0.618
-0.544
-0.699
-0.742
-0.548
-0.615
-0.789
-0.704
-0.64
-0.62
-0.526
-0.521
-0.572
-0.641
-0.7
-0.642
-0.444
-0.448
-0.419
-0.537
-0.627
-0.322
-0.435
-0.496
-0.482
-0.45
-0.429
-0.591
-0.429
-0.55
-0.537
-0.603
-0.581
-0.539
-0.501
-0.471
-0.468
-0.455
-0.504
-0.445
-0.443
-0.452
-0.474
-0.494
-0.57
-0.691
-0.62
-0.573
-0.548
-0.653
-0.493
-0.648
-0.763
-0.594
-0.778
-0.687
-0.564
-0.495
-0.532
-0.464
-0.584
-0.665
-0.536
-0.45
-0.604
-0.428
-0.506
-0.758
-0.487
-0.594
-0.594
-0.638
-0.465
-0.726
-0.469
-0.522
-0.629
-0.581
-0.74
-0.52
-0.679
-0.589
-0.793
-0.818
-0.462
-0.492
-0.508
-0.586
-0.713
-0.654
-0.516
-0.602
-0.686
-0.606
-0.733
-0.817
-0.806
-0.786
-0.812
-0.878
-0.671
-0.73
-0.764
-0.709
