-133.54
-142.36
-131.19
-114.17
-112.79
-130.65
-117.47
-126.29
-129.12
-122.73
-145.35
-137.62
-123.19
-129.26
-123.91
-130.34
-129.1
-133.22
-125.58
-141.22
-125.37
-126.92
-122.71
-137.04
-132.43
-149.56
-137.34
-132.16
-124.16
-115.27
-123.41
-120.92
-133.85
-138.52
-132.69
-136.96
-128.8
-136.89
-124.31
-134.52
-114.87
-139.82
-111.85
-121.22
-110.88
-115.43
-120.08
-142.58
-133.77
-127.85
-125.89
-131.31
-129.94
-117.44
-111.3
-122.45
-110.37
-126.03
-123.33
-132.92
-133.02
-126.08
-130.14
-125.01
-126.33
-136.8
-127.48
-120.56
-128.39
-131.98
-124.86
-124.01
-139.86
-139.65
-119.7
-130.3
-121.22
-130.54
-133.94
-123.18
-112.33
-124.06
-112.48
-119.88
-120.49
-136.14
-107.95
-122.43
-113.71
-137.22
-141.38
-136.74
-109.5
-126.44
-125.34
-129.42
-125.65
-132.44
-124.58
-125.89
-128.99
-120.27
-111.72
-136.07
-128.31
-118.57
-123.56
-132.0
-133.91
-131.58
-122.15
-115.14
-120.93
-126.97
-112.31
-107.68
-131.01
-120.09
-113.26
-108.06
-114.25
-115.44
-125.59
-122.54
-109.67
-134.55
-127.25
-125.0
-130.19
-141.4
-129.98
-118.52
-114.67
-126.09
-123.61
-107.12
-102.64
-125.24
-111.39
-128.46
-124.41
-122.38
-119.83
-118.36
-128.98
-130.65
-110.84
-130.97
-129.1
-135.25
