-117.35
-107.86
-118.55
-111.48
-118.04
-117.84
-122.08
-112.47
-113.4
-121.61
-118.5
-115.36
-115.76
-106.99
-119.32
-118.78
-119.9
-113.9
-109.51
-115.53
-116.87
-110.61
-111.32
-120.38
-113.54
-112.18
-104.72
-118.67
-113.49
-109.52
-114.63
-108.88
-114.08
-116.02
-112.31
-106.54
-112.42
-103.58
-100.69
-111.79
-115.06
-113.46
-110.06
-113.58
-113.63
-114.25
-109.52
-102.45
-116.04
-110.43
-117.48
-117.28
-104.18
-115.68
-116.12
-112.84
-109.34
-113.91
-110.28
-116.07
-107.85
-117.28
-118.58
-107.72
-109.19
-120.16
-112.25
-109.8
-115.2
-108.24
-109.23
-106.39
-105.79
-107.03
-116.97
-121.73
-125.58
-105.41
-116.67
-106.54
-114.53
-106.68
-113.76
-113.61
-119.44
-110.57
-106.08
-114.87
-113.0
-106.09
-113.64
-117.92
-118.04
-109.25
-117.12
-111.43
-118.98
-114.16
-106.48
-114.25
-119.17
-126.71
-117.7
-118.33
-109.84
-113.08
-118.86
-118.86
-116.22
-119.18
-115.18
-120.2
-123.04
-111.83
-121.54
-110.93
-108.09
-108.9
-107.04
-113.14
-107.73
-101.56
-106.45
-111.87
-105.49
-101.3
-115.1
-111.57
-117.3
-125.51
-129.47
-112.77
-117.65
-116.04
-112.25
-118.26
-125.19
-123.99
-110.0
-115.0
-113.99
-121.11
-106.61
-120.2
-119.85
-121.85
-109.55
-120.51
-120.77
-108.5
-107.35
-100.94
-107.14
-109.1
-108.4
-107.69
-106.9
-106.69
-107.96
-108.34
-109.68
-110.04
-100.56
-106.39
-118.83
-111.65
-95.55
-106.36
-102.46
-109.0
-106.11
-113.15
-114.94
-104.89
-99.36
-99.94
-96.29
-100.41
-91.94
-94.76
-107.54
-110.85
-100.1
-101.59
-98.49
-101.9
-107.34
-102.0
-104.39
-97.76
-94.71
-93.06
-89.04
-89.38
-92.2
-112.79
-104.61
-99.93
-112.44
-95.54
-112.16
-104.69
-99.04
-99.07
-105.24
-104.19
-111.95
-112.2
-117.84
-121.84
-125.3
-120.53
-107.25
-108.45
-108.53
-105.73
-123.5
-106.61
-97.43
-105.03
-99.49
-105.35
-107.29
-107.6
-103.7
-92.04
-109.03
-104.87
-113.73
-110.53
-116.52
-121.88
-112.79
-116.24
-110.45
-116.0
-119.53
-106.04
-117.02
-108.07
-106.27
-100.97
-100.42
-115.82
-109.34
-104.4
-108.47
-100.93
-110.36
-97.97
-108.09
-106.5
-109.62
-97.23
-101.12
-111.18
-92.18
-104.64
-97.38
-105.41
-97.4
-109.93
-108.82
-95.53
-111.37
-103.58
-102.91
-99.91
-98.1
-96.77
-93.66
-98.9
-107.46
-97.09
-93.16
-95.15
-90.13
-86.4
-91.43
-105.6
-97.42
-108.93
-104.5
-92.89
-97.26
-103.89
-105.47
-84.95
-102.6
-101.76
-92.89
-102.39
-105.03
-94.47
-104.84
-97.15
-89.57
-100.23
-91.13
-91.78
-96.19
-93.32
-102.77
-95.01
-104.24
-95.68
-100.25
-79.46
-89.25
-89.98
-89.89
-93.0
-83.19
-103.27
-104.48
-103.11
-103.32
-103.17
-106.43
-95.78
-96.63
-95.98
-101.56
-83.88
-103.67
-96.48
-93.9
-103.35
-87.85
-92.7
-95.17
-98.3
-94.69
-102.51
-102.18
-110.84
-107.66
-98.73
-98.25
-106.47
-94.53
-93.28
-108.37
-104.14
-112.13
-99.96
-111.3
-112.67
-105.21
-108.65
-103.7
-101.33
-118.81
-101.58
-112.82
-107.42
-107.43
-113.2
-101.54
-118.91
-111.36
-114.91
-111.5
-113.86
-113.1
-112.81
-108.86
-108.51
-100.51
-118.75
-120.36
-114.47
-123.09
-113.15
-109.21
-103.8
-109.57
-109.45
-104.7
-110.13
-101.54
-106.78
-104.57
-108.51
-113.11
-111.68
-116.02
-106.38
-100.94
-111.76
-103.82
-106.46
-109.94
-115.52
-111.37
-102.84
-107.89
-112.62
-111.98
-105.64
-117.88
-121.05
-113.43
-111.32
-104.64
-106.2
-108.6
-114.79
-96.79
-104.26
-111.6
-110.42
-110.27
-102.74
-104.86
-100.75
-104.43
-98.24
-102.24
-92.67
-110.81
-106.75
-110.42
-97.94
-103.6
-113.0
-109.01
-109.06
-115.22
-102.7
-99.18
-91.12
-106.63
-102.89
-89.65
-102.68
-100.69
-91.24
-92.23
-95.85
-97.91
-91.69
-93.37
-92.23
-99.12
-93.33
-81.96
-93.96
-86.71
-91.08
-98.92
