-714.475
-733.735
-717.841
-739.288
-705.894
-736.023
-760.956
-754.838
-737.217
-734.93
-818.979
-787.16
-798.855
-793.572
-743.475
-688.035
-717.784
-750.319
-708.991
-698.608
-702.523
-718.801
-699.667
-727.458
-726.972
-742.362
-736.353
-716.284
-716.341
-740.302
-733.549
-709.184
-742.02
-689.449
-674.244
-686.792
-707.813
-725.689
-737.985
-694.966
-660.243
-705.329
-733.475
-733.189
-708.063
-705.488
-730.81
-669.377
-705.458
-709.987
-733.97
-736.734
-716.482
-766.16
-753.924
-761.362
-762.775
-695.65
-703.405
-747.53
-736.446
-728.862
-760.231
-737.077
-732.64
-706.734
-775.372
-705.639
-717.908
-704.758
-674.749
-704.864
-721.054
-734.312
-756.406
-804.151
-759.157
-741.394
-701.351
-762.828
-718.638
-734.986
-718.258
-681.565
-693.326
-726.464
-658.973
-741.052
-720.37
-725.581
-759.923
-770.271
-705.285
-699.8
-707.993
-677.054
-717.705
-705.235
-703.024
-714.238
-743.724
-739.75
-741.723
-717.144
-758.807
-702.602
-742.747
-703.74
-700.372
-706.461
-763.928
-674.216
-752.685
-753.841
-726.014
-681.89
-652.864
-655.109
-661.77
-672.16
-727.142
-650.256
-654.517
-679.012
-694.297
-712.98
-676.084
-728.853
-686.68
-739.585
-746.692
-706.074
-709.458
-666.318
-714.569
-757.868
-731.617
-736.071
-691.769
-723.716
-729.84
-725.087
-676.768
-713.006
-699.553
-692.012
-709.995
-684.236
-640.607
-642.058
-645.534
-581.604
-642.026
-645.049
-686.855
-703.667
-696.448
-669.923
-630.902
-668.165
-678.97
-706.456
-692.693
-682.857
-708.177
-689.143
-658.304
-664.505
-703.106
-733.092
-720.652
-678.962
-677.513
-666.445
-650.382
-654.482
-633.773
-632.221
-650.621
-685.44
-705.88
-682.643
-721.23
-651.295
-683.864
-647.947
-645.242
-651.996
-623.07
-614.007
-631.009
-619.216
-624.291
-671.175
-616.368
-643.385
-703.031
-650.568
-718.216
-705.023
-707.508
-630.766
-639.914
-713.2
-687.888
-693.323
-775.382
-716.452
-758.668
-764.339
-716.037
-773.331
-670.482
-698.43
-724.1
-721.042
-771.739
-721.998
-772.635
-720.154
-604.131
-747.118
-739.675
-748.762
-689.374
-659.403
-746.316
-758.922
-825.281
-704.799
-759.64
-761.979
-770.955
-733.659
-749.343
-748.733
-750.155
-723.648
-709.778
-731.172
-684.273
-677.315
-710.677
-686.896
-715.247
-712.263
-696.363
-670.69
-731.169
-692.683
-683.529
-717.197
-692.035
-677.852
-681.108
-651.488
-624.938
-665.17
-658.004
-694.408
-697.236
-715.456
-714.314
-693.563
-725.193
-682.845
-675.014
-663.218
-664.086
-714.321
-639.883
-667.555
-633.174
-631.874
-682.209
-660.189
-632.179
-652.818
-615.998
-636.982
-619.284
-644.466
-630.975
-631.821
-619.132
-638.764
-668.789
-645.637
-629.533
-694.033
-661.065
-675.673
-660.76
-673.64
-669.058
-687.443
-631.651
-624.288
-646.669
-642.136
-630.623
-668.505
-661.791
-634.313
-623.015
-685.65
-662.126
-627.358
-631.006
-615.753
-648.997
-653.715
-594.711
-685.865
-721.324
-731.669
-737.069
-693.923
-681.648
-675.129
-660.672
-655.441
-650.782
-650.654
-634.72
-615.088
-692.979
-702.199
-693.669
-656.238
-643.77
-676.622
-653.931
-688.188
-676.212
-712.682
-649.019
-650.303
-620.072
-678.484
-605.757
-706.02
-673.426
-697.239
-702.923
-695.07
-723.694
-669.992
-708.357
-704.158
-703.173
-690.936
-700.342
-601.329
-688.445
-626.486
-698.928
-649.458
-688.586
-686.124
-675.352
-755.917
-702.694
-725.033
-744.327
-717.497
-695.7
-672.998
-743.31
-707.72
-707.798
-738.518
-723.514
-709.077
-711.039
-676.566
-681.967
-624.679
-638.084
-676.173
-636.132
-668.163
-675.363
-715.22
-686.699
-648.545
-696.162
-625.186
-592.483
-653.978
-657.532
-663.933
-671.553
-667.776
-667.107
-628.274
-650.4
-673.748
-705.209
-710.84
-721.039
-693.158
-686.275
-716.244
-687.421
-668.609
-671.881
-661.512
-670.983
-680.461
-705.492
-668.615
-665.888
-651.837
-651.714
-691.763
-725.135
-631.5
-657.38
-698.499
-699.715
-693.258
-718.971
-690.806
-668.038
-688.923
-641.49
-682.763
-703.769
-632.385
-641.193
-666.339
-691.704
-677.204
-663.062
-687.532
-669.424
-667.247
-715.421
-660.314
-642.589
-604.074
-604.855
-555.233
-639.973
-636.768
-602.715
-574.484
-571.762
-589.805
-586.88
