-0.275
-0.483
-0.458
-0.382
-0.662
-0.532
-0.471
-0.473
-0.303
-0.416
-0.441
-0.459
-0.429
-0.477
-0.606
-0.456
-0.574
-0.376
-0.684
-0.376
-0.515
-0.499
-0.498
-0.56
-0.711
-0.24
-0.46
-0.574
-0.509
-0.737
-0.533
-0.608
-0.643
-0.587
-0.555
-0.502
-0.398
-0.515
-0.746
-0.589
-0.565
-0.625
-0.532
-0.449
-0.352
-0.36
-0.514
-0.302
-0.317
-0.406
-0.441
-0.548
-0.513
-0.653
-0.43
-0.675
-0.411
-0.563
-0.717
-0.637
-0.564
-0.661
-0.735
-0.447
-0.458
-0.447
-0.651
-0.297
-0.514
-0.613
-0.487
-0.556
-0.627
-0.559
-0.598
-0.66
-0.269
-0.504
-0.41
-0.457
-0.405
-0.544
-0.452
-0.31
-0.484
-0.43
-0.268
-0.443
-0.418
-0.524
-0.388
-0.331
-0.422
-0.462
-0.545
-0.488
-0.411
-0.598
-0.423
-0.451
-0.522
-0.485
-0.542
-0.504
-0.441
-0.514
-0.495
-0.526
-0.293
-0.579
-0.49
-0.471
-0.406
-0.428
-0.631
-0.427
-0.351
-0.397
-0.466
-0.557
-0.379
-0.529
-0.536
-0.61
-0.475
-0.412
-0.421
-0.39
-0.447
-0.532
-0.441
-0.535
-0.443
-0.585
-0.373
-0.338
-0.447
-0.358
-0.422
-0.577
-0.385
-0.36
-0.475
-0.342
-0.412
-0.608
-0.422
-0.202
-0.511
-0.497
-0.583
-0.442
-0.239
-0.336
-0.47
-0.47
-0.43
-0.424
-0.552
-0.533
-0.3
-0.495
-0.44
-0.472
-0.374
-0.691
-0.439
-0.629
-0.493
-0.549
-0.58
-0.624
-0.525
-0.475
-0.645
-0.684
-0.62
-0.617
-0.487
-0.54
-0.487
-0.641
-0.672
-0.645
-0.626
-0.688
-0.636
-0.562
-0.63
-0.264
-0.605
-0.367
-0.6
-0.482
-0.404
-0.293
-0.622
-0.594
-0.693
-0.627
-0.595
-0.537
-0.667
-0.494
-0.601
-0.772
-0.602
-0.738
-0.447
-0.651
-0.563
-0.56
-0.338
-0.601
-0.445
-0.561
-0.527
-0.687
-0.651
-0.61
-0.639
-0.879
-0.846
-1.026
-0.517
-0.601
-0.561
-0.539
-0.513
-0.637
-0.886
-0.676
-0.618
-0.644
-0.571
-0.613
-0.477
-0.412
-0.533
-0.472
-0.559
-0.356
-0.424
-0.547
-0.366
-0.451
-0.502
-0.444
-0.534
-0.557
-0.71
-0.812
-0.586
-0.447
-0.426
-0.526
-0.364
-0.5
-0.46
-0.539
-0.668
-0.512
-0.442
-0.463
-0.438
-0.622
-0.597
-0.55
-0.655
-0.733
-0.48
-0.585
-0.369
-0.525
-0.373
-0.367
-0.485
-0.531
-0.576
-0.451
-0.617
-0.379
-0.494
-0.685
-0.571
-0.414
-0.35
-0.587
-0.529
-0.471
-0.557
-0.682
-0.567
-0.62
-0.681
-0.445
-0.423
-0.523
-0.414
-0.435
-0.454
-0.531
-0.437
-0.321
-0.322
-0.418
-0.578
-0.409
-0.359
-0.332
-0.313
-0.064
-0.158
-0.477
-0.463
-0.531
-0.471
-0.404
-0.521
-0.402
-0.576
-0.404
-0.408
-0.396
-0.453
-0.545
-0.653
-0.503
-0.504
-0.542
-0.744
-0.549
-0.596
-0.55
-0.493
-0.472
-0.634
-0.607
-0.521
-0.577
-0.379
-0.587
-0.603
-0.687
-0.476
-0.552
-0.675
-0.715
-0.629
-0.563
-0.742
-0.542
-0.546
-0.539
-0.706
-0.724
-0.729
-0.561
-0.434
-0.609
-0.682
-0.64
-0.627
-0.492
-0.454
-0.419
-0.449
-0.381
-0.529
-0.442
-0.643
-0.821
-0.601
-0.546
-0.383
-0.409
-0.422
-0.426
-0.497
-0.308
-0.542
-0.404
-0.552
-0.677
-0.418
-0.495
-0.619
-0.641
-0.36
-0.457
-0.418
-0.424
-0.316
-0.419
-0.24
-0.207
-0.21
-0.436
-0.462
-0.562
-0.439
-0.601
-0.476
-0.465
-0.582
-0.589
-0.405
-0.513
-0.485
-0.519
-0.625
-0.648
-0.442
-0.486
-0.452
-0.507
-0.463
-0.358
-0.428
-0.479
-0.516
-0.452
-0.418
-0.444
-0.517
-0.726
-0.587
-0.537
-0.259
-0.574
-0.396
-0.505
-0.464
-0.612
-0.471
-0.42
-0.837
-0.597
-0.525
-0.498
-0.689
-0.463
-0.519
-0.686
-0.506
-0.42
-0.273
-0.447
-0.335
-0.448
-0.58
