-128.28
-119.96
-134.09
-137.05
-122.82
-130.32
-132.69
-130.5
-123.69
-120.69
-126.49
-119.28
-134.58
-119.76
-136.15
-114.14
-133.42
-124.59
-124.4
-115.7
-106.77
-121.63
-122.06
-114.45
-130.41
-134.5
-147.75
-129.34
-117.6
-141.69
-126.76
-115.1
-124.01
-115.88
-127.0
-119.58
-109.13
-128.47
-117.58
-127.12
-126.37
-125.04
-121.23
-127.15
-124.42
-120.45
-129.13
-124.9
-119.45
-126.46
-124.85
-132.8
-137.81
-123.52
-127.36
-122.51
-139.47
-123.31
-131.45
-123.77
-128.8
-126.18
-135.35
-123.59
-117.63
-124.72
-117.79
-124.19
-117.68
-121.63
-130.54
-106.05
-117.69
-113.73
-119.98
-114.31
-122.83
-127.08
-126.74
-133.78
-137.07
-121.23
-120.39
-120.66
-119.9
-127.4
-123.59
-134.35
-128.54
-130.13
-110.69
-130.62
-115.89
-134.87
-129.67
-125.32
-127.7
-110.79
-130.79
-103.09
-121.14
-106.31
-116.01
-117.15
-125.4
-115.4
-122.26
-115.27
-122.96
-125.45
-118.46
-119.67
-118.7
-117.42
-122.25
-115.26
-112.87
-124.98
-121.84
-123.44
-119.77
-119.71
-124.43
-117.91
-125.95
-105.22
-107.06
-98.4
-100.08
-110.11
-108.67
-120.24
-117.83
-114.7
-108.07
-104.7
-122.29
-111.86
-110.83
-101.91
-97.46
-92.07
-97.85
-100.1
-102.58
-122.57
-101.26
-109.61
-119.38
-109.05
