-150.35
-137.39
-147.68
-138.92
-135.36
-143.94
-142.81
-137.31
-147.56
-142.22
-142.58
-140.38
-137.52
-137.04
-149.35
-138.92
-134.38
-147.48
-142.61
-143.75
-133.2
-124.72
-140.22
-137.91
-141.9
-152.51
-156.13
-134.99
-143.77
-148.05
-135.24
-133.7
-126.95
-147.46
-138.18
-145.09
-149.65
-142.74
-153.2
-139.49
-135.53
-129.58
-145.7
-132.81
-131.64
-134.88
-139.38
-129.61
-139.48
-135.42
-131.72
-138.19
-130.08
-141.92
-129.82
-131.9
-130.98
-138.5
-127.7
-129.58
-132.92
-126.13
-129.79
-133.91
-123.19
-136.04
-125.64
-132.06
-128.87
-123.66
-134.25
-123.34
-133.69
-127.66
-129.91
-127.1
-142.37
-143.84
-151.6
-137.43
-134.2
-142.05
-132.66
-139.0
-144.4
-128.98
-142.21
-120.49
-135.45
-139.34
-139.67
-142.39
-133.56
-137.68
-128.25
-131.78
-132.81
-149.58
-135.19
-141.91
-149.26
-140.4
-133.56
-138.98
-143.34
-139.09
-135.46
-157.69
-137.17
-134.3
-127.63
-135.15
-138.79
-140.24
-129.76
-132.79
-134.5
-127.17
-134.33
-135.01
-124.53
-131.52
-137.07
-127.66
-130.44
-124.23
-136.11
-145.03
-137.38
-138.42
-118.31
-137.8
-131.6
-145.77
-126.82
-136.84
-128.36
-139.92
-133.4
-133.21
-130.98
-132.21
-130.46
-123.0
-133.15
-124.53
-127.45
-119.54
-128.4
-132.77
