-0.714
-0.422
-0.72
-0.763
-0.549
-0.68
-0.804
-0.553
-0.599
-0.73
-0.827
-0.938
-0.95
-0.669
-0.655
-0.75
-0.722
-0.49
-0.646
-0.629
-0.643
-0.89
-0.642
-0.798
-1.003
-0.725
-0.47
-0.746
-0.831
-0.681
-0.734
-0.54
-0.642
-0.595
-0.541
-0.903
-0.798
-0.693
-0.467
-0.789
-0.654
-0.78
-0.553
-0.769
-0.831
-0.66
-0.821
-0.702
-0.924
-0.563
-0.879
-0.611
-0.563
-0.714
-0.643
-0.646
-0.734
-0.697
-0.808
-0.769
-0.629
-0.699
-0.647
-0.684
-0.626
-0.663
-0.752
-0.686
-0.643
-0.457
-0.695
-0.484
-0.519
-0.679
-0.413
-0.659
-0.661
-0.653
-0.466
-0.562
-0.699
-0.523
-0.493
-0.757
-0.648
-0.779
-0.585
-0.763
-0.987
-0.818
-0.497
-0.667
-0.563
-0.801
-0.749
-0.595
-0.851
-0.691
-0.802
-0.716
-0.561
-0.757
-0.73
-0.734
-0.536
-0.629
-0.716
-0.605
-0.714
-0.62
-0.607
-0.683
-0.542
-0.594
-0.655
-0.594
-0.788
-0.634
-0.715
-0.634
-0.666
-0.528
-0.42
-0.483
-0.738
-0.634
-0.502
-0.634
-0.492
-0.507
-0.516
-0.588
-0.517
-0.436
-0.479
-0.566
-0.42
-0.511
-0.597
-0.562
-0.532
-0.67
-0.592
-0.582
-0.709
-0.585
-0.544
-0.467
-0.601
-0.58
-0.639
-0.489
-0.416
-0.457
-0.557
-0.659
-0.517
-0.628
-0.656
-0.495
-0.619
-0.585
-0.547
-0.5
-0.648
-0.592
-0.593
-0.536
-0.619
-0.538
-0.629
-0.633
-0.58
-0.627
-0.562
-0.594
-0.659
-0.619
-0.497
-0.713
-0.735
-0.707
-0.683
-0.604
-0.711
-0.644
-0.685
-0.636
-0.525
-0.585
-0.588
-0.648
-0.488
-0.617
-0.635
-0.376
-0.721
-0.462
-0.587
-0.421
-0.527
-0.701
-0.471
-0.605
-0.604
-0.621
-0.608
-0.524
-0.64
-0.735
-0.593
-0.719
-0.609
-0.672
-0.607
-0.669
-0.548
-0.504
-0.582
-0.481
-0.461
-0.755
-0.511
-0.394
-0.544
-0.833
-0.614
-0.599
-0.586
-0.52
-0.533
-0.614
-0.463
-0.576
-0.433
-0.587
-0.544
-0.564
-0.629
-0.605
-0.378
-0.638
-0.444
-0.334
-0.417
-0.669
-0.532
-0.649
-0.594
-0.537
-0.438
-0.514
-0.477
-0.588
-0.626
-0.729
-0.516
-0.555
-0.649
-0.613
-0.713
-0.718
-0.462
-0.73
-0.556
-0.479
-0.764
-0.542
-0.449
-0.569
-0.488
-0.465
-0.533
-0.629
-0.76
-0.461
-0.616
-0.675
-0.591
-0.624
-0.681
-0.545
-0.663
-0.532
-0.63
-0.583
-0.542
-0.473
-0.72
-0.748
-0.633
-0.783
-0.541
-0.613
-0.648
-0.546
-0.491
-0.633
-0.665
-0.634
-0.576
-0.45
-0.502
-0.637
-0.611
-0.743
-0.5
-0.517
-0.561
-0.611
-0.655
-0.557
-0.758
-0.945
-0.686
-0.764
-0.722
-0.627
-0.778
-0.688
-0.807
-0.627
-0.403
-0.637
-0.544
-0.552
-0.478
-0.66
-0.809
-0.813
-0.601
-0.72
-0.556
-0.826
-0.672
-0.739
-0.795
-0.7
-0.875
-0.587
-0.665
-0.709
-0.563
-0.604
-0.623
-0.607
-0.71
-0.741
-0.703
-0.582
-0.516
-0.718
-0.692
-0.68
-0.71
-0.999
-0.682
-0.706
-0.468
-0.75
-0.541
-0.657
-0.91
-0.694
-0.587
-1.074
-0.742
-0.823
-0.758
-0.675
-0.863
-0.796
-0.944
-0.758
-0.703
-0.582
-0.683
-0.528
-0.715
-0.671
-0.774
-0.882
-0.786
-0.691
-0.636
-0.68
-0.887
-0.744
-0.865
-0.76
-0.569
-0.578
-0.93
-1.043
-0.819
-0.828
-0.756
-0.66
-0.676
-0.89
-0.812
-0.861
-0.817
-0.902
-0.493
-0.537
-0.599
-0.648
-0.475
-0.62
-0.715
-0.721
-0.71
-0.654
-0.652
-0.851
-0.608
-0.596
-0.714
-0.694
-0.543
-0.508
-0.635
-0.694
-0.58
-0.623
-0.562
-0.764
-0.522
-0.875
-0.718
-0.569
-0.627
-0.69
-0.61
-0.672
-0.643
-0.532
-0.575
-0.814
-0.655
-0.696
-0.591
-0.528
-0.542
-0.833
-0.667
-0.675
-0.579
-0.578
-0.636
