-855.397
-819.334
-826.979
-830.961
-799.649
-807.433
-851.536
-839.132
-825.81
-812.85
-775.763
-846.729
-838.814
-845.009
-800.044
-818.152
-809.757
-810.807
-833.761
-786.28
-777.761
-859.653
-803.989
-811.782
-898.223
-812.307
-792.618
-889.421
-871.549
-832.391
-820.052
-785.746
-834.932
-732.731
-815.167
-819.542
-849.714
-810.637
-826.256
-821.01
-795.483
-792.322
-778.77
-789.802
-804.53
-832.041
-800.317
-825.046
-819.253
-832.503
-799.274
-791.926
-821.735
-809.504
-798.721
-780.151
-826.778
-774.39
-801.574
-786.237
-807.688
-790.853
-774.263
-763.102
-774.908
-804.058
-767.894
-801.274
-792.986
-836.838
-745.127
-741.724
-786.413
-783.405
-784.669
-849.81
-800.335
-804.445
-810.215
-764.139
-780.903
-752.602
-767.392
-794.448
-804.892
-776.778
-774.458
-776.857
-792.484
-788.884
-744.244
-746.058
-776.489
-768.196
-745.732
-754.362
-759.502
-741.95
-815.41
-747.102
-759.925
-798.89
-717.633
-774.378
-740.416
-798.03
-779.546
-803.29
-752.048
-765.093
-755.259
-752.03
-727.391
-736.856
-741.075
-786.469
-760.51
-760.505
-764.197
-753.599
-735.418
-753.995
-712.126
-739.664
-741.198
-763.797
-773.402
-738.501
-791.301
-782.216
-749.664
-790.853
-734.521
-745.356
-782.261
-795.4
-778.004
-733.606
-763.194
-774.793
-738.952
-753.569
-755.085
-759.952
-764.006
-751.057
-798.016
-781.78
-794.563
-790.067
-778.467
-754.928
-742.836
-761.428
-759.3
-788.526
-732.638
-787.139
-761.004
-794.657
-770.845
-799.139
-796.645
-756.996
-818.341
-767.959
-775.48
-788.716
-776.743
-790.983
-753.039
-789.286
-771.223
-785.437
-764.372
-734.844
-766.679
-810.02
-766.554
-777.14
-744.663
-761.934
-739.461
-761.024
-744.795
-738.215
-759.622
-741.124
-738.57
-760.044
-729.756
-753.225
-778.425
-755.435
-756.011
-768.942
-739.969
-767.981
-787.977
-784.291
-743.689
-776.552
-734.793
-739.115
-781.048
-777.301
-763.584
-744.158
-768.618
-762.576
-796.224
-702.865
-772.009
-788.741
-726.359
-787.801
-776.858
-754.032
-796.088
-766.447
-777.314
-754.789
-785.259
-757.131
-765.057
-731.855
-782.707
-784.03
-772.69
-781.363
-747.713
-729.808
-749.498
-743.849
-720.825
-736.569
-723.431
-776.738
-761.247
-761.791
-737.457
-768.153
-756.031
-788.519
-799.218
-858.85
-748.049
-794.292
-785.682
-783.895
-780.033
-737.612
-765.974
-789.703
-761.609
-786.747
-796.097
-762.541
-810.792
-804.391
-802.882
-734.826
-761.502
-762.001
-771.531
-742.841
-757.458
-757.203
-790.829
-781.753
-790.122
-763.098
-769.444
-838.08
-826.395
-813.425
-805.853
-847.16
-779.005
-803.742
-782.681
-766.498
-794.303
-782.714
-758.77
-787.716
-771.049
-743.615
-771.54
-808.462
-819.321
-814.533
-757.368
-813.626
-801.284
-783.026
-791.68
-853.321
-792.666
-816.5
-837.954
-740.192
-810.533
-808.84
-771.712
-828.539
-756.239
-776.321
-767.475
-737.604
-787.433
-749.501
-790.986
-799.879
-806.123
-801.624
-796.889
-820.421
-800.25
-758.596
-809.486
-745.505
-822.877
-773.895
-862.054
-812.37
-773.891
-777.601
-838.258
-763.95
-805.178
-789.321
-817.69
-793.939
-797.269
-810.389
-802.23
-848.899
-827.78
-787.142
-791.872
-781.13
-792.044
-786.231
-798.94
-806.355
-796.375
-839.971
-795.95
-821.279
-782.636
-816.445
-809.828
-800.381
-798.529
-797.252
-787.043
-793.676
-793.635
-797.181
-788.307
-775.227
-778.201
-792.198
-775.263
-783.141
-780.299
-759.394
-767.908
-747.179
-760.321
-760.763
-755.601
-756.131
-782.733
-791.581
-819.808
-734.773
-770.769
-792.015
-800.841
-819.398
-752.475
-800.002
-805.757
-812.57
-813.299
-768.138
-782.925
-776.831
-749.16
-736.329
-776.132
-795.242
-812.929
-789.229
-784.512
-765.683
-757.948
-794.579
-774.366
-784.212
-762.979
-820.864
-772.302
-765.823
-733.943
-779.662
-762.302
-780.835
-753.215
-781.123
-824.701
-749.807
-753.922
-764.916
-774.834
-740.102
-712.862
-739.192
-725.319
-771.354
-767.005
-733.952
-731.538
-761.594
-760.085
-786.254
-767.128
-756.107
-765.902
-751.786
-793.649
-760.203
-771.205
-782.687
-771.722
-786.52
-810.822
-813.207
-842.308
-832.464
-792.708
-841.504
-748.039
-769.023
-739.224
-782.391
-731.323
-742.602
-771.659
