-120.51
-123.2
-135.18
-127.67
-116.55
-122.62
-129.16
-128.61
-130.57
-133.42
-121.28
-131.35
-133.99
-126.91
-118.17
-122.64
-122.83
-118.35
-108.51
-123.53
-128.72
-135.56
-118.17
-132.67
-120.87
-125.94
-116.51
-124.59
-133.17
-122.85
-119.78
-123.08
-130.5
-122.94
-124.63
-116.95
-126.04
-119.18
-127.02
-120.37
-123.46
-111.39
-122.03
-125.95
-121.74
-130.74
-124.26
-123.91
-118.43
-127.67
-127.8
-122.66
-127.28
-120.19
-113.73
-129.17
-118.83
-126.18
-127.83
-129.08
-129.64
-115.8
-121.43
-121.29
-126.73
-114.11
-121.26
-127.87
-113.8
-118.72
-120.07
-112.49
-120.03
-123.91
-121.62
-134.68
-130.2
-119.39
-131.47
-123.01
-123.83
-129.15
-112.6
-110.35
-119.77
-125.39
-124.66
-128.96
-132.09
-114.88
-111.89
-115.9
-113.1
-103.08
-114.78
-112.86
-116.1
-107.56
-120.4
-117.45
-109.99
-109.48
-116.69
-115.27
-115.34
-114.78
-115.24
-113.83
-109.44
-111.25
-110.06
-110.32
-114.27
-121.86
-102.66
-115.01
-115.46
-112.71
-121.55
-107.61
-119.88
-104.46
-107.54
-111.02
-110.24
-115.74
-116.12
-116.88
-124.63
-126.04
-114.51
-110.69
-115.39
-125.21
-119.0
-123.75
-116.35
-111.28
-122.29
-119.34
-109.02
-121.47
-111.25
-114.73
-118.93
-116.39
-123.69
-122.74
-132.6
-124.51
-125.1
-114.23
-129.0
-128.17
-121.13
-117.14
-125.14
-132.51
-121.27
-115.09
-116.68
-116.53
-118.12
-115.34
-118.03
-114.19
-118.32
-114.37
-117.32
-101.89
-116.26
-117.86
-106.87
-107.13
-116.99
-112.97
-113.82
-130.92
-111.48
-119.21
-118.61
-108.45
-113.3
-116.35
-115.04
-115.12
-109.72
-116.44
-115.87
-117.41
-122.42
-117.58
-119.45
-118.93
-122.71
-120.16
-117.33
-108.5
-120.65
-120.05
-121.29
-120.47
-118.48
-119.6
-109.56
-108.54
-131.44
-118.84
-118.47
-125.01
-118.11
-109.51
-113.02
-111.55
-119.66
-117.01
-120.06
-122.55
-126.66
-122.44
-125.66
-118.78
-113.13
-125.66
-117.3
-120.25
-117.88
-117.18
-107.52
-110.88
-112.16
-112.32
-110.1
-97.08
-114.75
-112.95
-116.58
-111.16
-112.32
-116.86
-116.54
-108.43
-114.56
-121.91
-108.99
-123.62
-122.98
-124.86
-125.37
-118.37
-105.86
-115.14
-109.25
-119.11
-119.02
-117.34
-121.16
-109.87
-117.37
-105.44
-112.81
-107.67
-119.26
-130.0
-118.09
-110.82
-119.47
-108.81
-124.85
-125.02
-116.68
-121.96
-119.38
-123.43
-127.96
-114.1
-121.22
-128.55
-107.81
-125.37
-123.03
-134.7
-120.53
-120.15
-124.25
-132.36
-121.84
-117.38
-125.33
-126.23
-121.46
-115.99
-120.33
-133.15
-120.65
-121.02
-122.28
-135.93
-129.2
-127.86
-125.46
-125.73
-118.15
-125.69
-123.7
-128.1
-121.53
-116.55
-130.35
-123.07
-117.56
-129.87
-123.41
-122.36
-120.3
-125.88
-133.8
-130.44
-128.25
-129.04
-125.09
-125.84
-119.63
-125.94
-121.78
-127.78
-120.6
-125.59
-130.22
-113.32
-127.03
-115.42
-121.76
-114.86
-117.77
-122.08
-127.3
-127.93
-119.74
-110.45
-125.53
-126.48
-119.31
-121.05
-114.55
-112.34
-117.43
-115.31
-118.17
-124.87
-119.17
-122.5
-125.22
-118.03
-119.46
-131.65
-122.95
-125.78
-123.99
-126.11
-120.97
-125.1
-135.5
-120.97
-119.08
-135.01
-128.66
-136.25
-127.64
-116.42
-126.39
-129.75
-129.43
-126.12
-127.11
-124.77
-118.69
-121.92
-119.67
-109.87
-119.81
-119.42
-122.96
-124.78
-119.15
-124.55
-123.44
-123.69
-115.74
-126.0
-123.1
-121.43
-124.96
-114.46
-122.19
-117.64
-122.81
-125.84
-109.35
-131.16
-124.79
-116.83
-131.17
-121.59
-126.36
-117.92
-116.05
-123.48
-122.07
-114.26
-118.4
-122.06
-123.69
-121.99
-112.71
-106.17
-110.14
-118.2
-116.53
-120.63
-112.13
-116.64
-113.38
-124.94
-122.71
-114.27
-119.05
-109.19
-116.89
-123.18
-118.17
-116.03
-116.82
-114.29
-111.44
-116.22
-117.57
-112.36
-117.97
-120.0
-126.38
-121.95
-127.72
-120.54
-113.88
-123.27
-110.8
-120.89
-113.29
-115.58
-105.94
