-31.15
-40.52
-44.72
-26.9
-24.88
-37.7
-33.52
-28.91
-32.69
-36.9
-36.9
-36.32
-36.07
-34.19
-28.85
-41.09
-28.36
-35.72
-34.38
-37.19
-43.98
-35.36
-38.05
-40.54
-28.74
-36.9
-38.91
-36.23
-34.18
-38.51
-33.77
-23.85
-30.23
-38.36
-30.88
-33.73
-21.26
-35.93
-30.91
-26.26
-25.21
-27.68
-27.19
-35.07
-23.46
-26.02
-34.65
-28.37
-25.44
-32.12
-31.48
-27.56
-33.1
-36.25
-28.06
-33.91
-27.91
-28.16
-29.57
-43.6
-40.07
-38.22
-35.63
-36.67
-31.05
-32.57
-27.0
-30.55
-32.82
-41.11
-34.46
-38.84
-17.73
-37.3
-36.62
-32.73
-24.14
-31.12
-36.48
-29.25
-22.21
-32.69
-33.76
-22.55
-21.31
-25.24
-22.73
-34.03
-18.59
-32.9
-23.08
-27.02
-23.8
-27.81
-33.63
-27.48
-26.98
-28.65
-25.58
-16.83
-16.37
-21.19
-24.27
-24.52
-29.13
-29.95
-32.18
-28.27
-23.94
-23.08
-26.81
-31.32
-14.77
-25.68
-23.7
-29.27
-25.9
-24.96
-27.61
-23.85
-34.29
-23.38
-36.38
-31.03
-29.35
-24.75
-28.19
-27.58
-23.74
-31.75
-33.17
-33.42
-35.03
-26.17
-25.11
-23.63
-25.86
-36.44
-24.44
-36.36
-35.98
-34.37
-36.61
-38.04
-23.6
-35.01
-36.27
-26.9
-31.82
-30.95
-31.07
