-63.58
-47.63
-56.1
-58.11
-63.53
-60.18
-56.79
-57.46
-55.35
-59.99
-55.68
-52.42
-49.43
-57.75
-52.14
-45.97
-53.41
-47.71
-48.33
-48.66
-47.35
-43.63
-41.93
-45.13
-48.48
-47.72
-48.12
-41.33
-50.05
-52.35
-48.6
-43.79
-46.02
-47.29
-44.79
-48.47
-48.31
-48.17
-35.14
-37.51
-45.07
-45.33
-42.69
-40.37
-44.12
-48.92
-46.01
-48.56
-41.97
-50.15
-44.36
-50.46
-48.0
-42.33
-45.65
-49.24
-44.84
-48.4
-46.19
-46.55
-44.41
-41.98
-43.09
-44.72
-47.84
-37.53
-46.2
-46.84
-47.51
-45.45
-42.49
-46.38
-52.66
-43.24
-43.8
-41.52
-37.04
-41.64
-45.71
-39.6
-42.31
-44.46
-41.7
-30.77
-44.74
-40.19
-41.66
-36.67
-38.13
-34.26
-41.66
-41.84
-41.29
-39.23
-44.02
-41.8
-40.15
-40.84
-33.77
-41.57
-39.82
-49.48
-45.53
-45.47
-38.27
-36.26
-43.5
-40.68
-44.65
-46.12
-46.11
-51.49
-44.05
-43.95
-40.75
-41.46
-33.61
-39.73
-43.53
-49.0
-47.5
-41.94
-42.3
-44.61
-52.21
-42.8
-44.63
-48.67
-41.69
-39.17
-46.15
-37.92
-29.07
-41.75
-29.49
-33.27
-39.89
-39.2
-40.86
-35.22
-40.32
-39.69
-36.46
-45.74
-35.77
-44.07
-46.97
-35.85
-40.39
-38.59
-46.74
-35.15
-44.5
-44.42
-49.29
-35.26
-39.35
-45.4
-36.06
-41.39
-43.28
-37.12
-38.31
-39.82
-47.0
-40.18
-46.37
-41.1
-46.85
-46.37
-44.11
-49.97
-47.27
-41.74
-43.73
-40.6
-40.14
-48.67
-45.2
-48.19
-50.24
-39.4
-45.79
-39.84
-45.09
-48.93
-49.89
-47.2
-48.02
-46.6
-51.07
-45.8
-50.21
-44.19
-48.85
-45.39
-44.38
-44.28
-45.94
-48.0
-32.3
-40.8
-38.61
-38.22
-45.75
-45.05
-51.32
-49.48
-43.53
-39.72
-40.77
-45.21
-46.77
-36.6
-46.71
-49.6
-43.66
-48.77
-42.46
-42.39
-45.88
-36.68
-41.26
-37.58
-35.94
-40.72
-40.35
-42.28
-45.04
-44.35
-38.75
-48.3
-44.53
-39.7
-43.0
-40.98
-45.5
-40.06
-40.33
-45.93
-47.87
-37.19
-42.8
-41.49
-40.18
-42.75
-46.01
-42.0
-42.3
-45.38
-38.9
-42.18
-36.87
-45.42
-42.71
-45.36
-40.47
-41.51
-41.58
-40.78
-38.16
-42.27
-43.76
-44.26
-30.22
-36.76
-38.35
-40.72
-38.96
-38.32
-43.78
-42.52
-38.07
-33.31
-39.03
-39.3
-40.33
-42.39
-40.38
-45.54
-42.2
-40.14
-36.94
-44.45
-38.57
-41.37
-41.91
-37.19
-39.69
-41.24
-36.21
-39.66
-41.31
-39.25
-43.52
-40.89
-33.2
-39.63
-40.34
-37.93
-42.96
-41.34
-47.03
-42.55
-40.68
-39.23
-36.04
-39.73
-37.42
-40.88
-36.68
-46.38
-47.92
-40.17
-41.47
-39.45
-38.99
-45.43
-42.45
-34.22
-44.66
-43.08
-37.83
-35.31
-41.74
-39.91
-41.43
-41.27
-40.99
-36.55
-38.9
-39.78
-38.08
-39.58
-43.47
-40.97
-42.56
-48.49
-47.35
-43.24
-43.58
-42.04
-37.2
-42.59
-43.75
-42.44
-44.94
-42.55
-39.5
-40.15
-42.23
-41.65
-39.93
-42.24
-37.62
-45.43
-40.89
-41.07
-44.17
-40.65
-36.66
-36.44
-47.74
-39.67
-33.74
-39.74
-43.16
-40.02
-39.61
-39.4
-45.59
-32.6
-45.35
-35.48
-44.34
-40.61
-43.17
-41.83
-38.97
-47.54
-45.71
-42.45
-39.0
-41.98
-40.74
-41.2
-41.94
-40.51
-45.79
-44.11
-41.15
-41.26
-40.86
-44.42
-43.68
-48.85
-43.14
-39.52
-35.95
-41.35
-41.03
-38.83
-42.15
-39.07
-38.55
-40.88
-34.31
-41.81
-40.38
-46.56
-44.5
-44.67
-45.41
-49.89
-55.4
-43.4
-38.51
-39.16
-45.98
-42.28
-44.37
-47.45
-57.88
-47.2
-50.22
-48.49
-47.38
-48.19
-54.58
-47.17
-51.62
-53.36
-48.21
-52.95
-50.83
-50.87
-51.61
-54.75
-46.84
-50.24
-45.22
-49.82
-50.0
-46.91
-48.5
-55.52
-48.69
-58.49
-58.12
-42.38
-37.31
-52.6
-47.62
-56.78
-53.88
-50.4
-55.42
-52.25
-58.59
-47.88
-56.75
-53.76
-51.95
-47.85
-54.14
-53.55
-56.13
-54.35
-50.98
-53.86
-56.71
-53.12
-57.15
-50.77
-54.07
-57.61
-56.12
-53.39
-56.0
-48.27
-59.06
-51.0
-66.73
-55.77
-59.99
-49.88
-55.35
-56.5
-49.35
-51.01
-55.83
-56.05
-50.73
-54.46
-58.74
-58.16
-54.51
-53.58
-47.23
-55.31
-48.85
-51.52
-51.31
-56.18
-49.49
-48.3
-54.79
-48.99
-56.55
-57.54
-55.46
-55.39
-53.34
-52.77
-49.97
-55.01
-47.57
-48.13
-55.18
-55.52
-49.48
-51.25
-46.62
-53.6
-58.64
-56.01
-58.03
-53.78
-59.27
-52.01
-51.99
-54.06
-53.86
-54.16
-50.92
-53.89
-49.61
-52.59
-53.14
-52.55
-55.43
-42.14
-41.05
-47.53
-45.85
-53.26
-53.3
-48.14
-49.92
-51.0
-53.37
-50.02
-52.28
-46.65
-51.18
-47.59
-48.84
-44.78
-46.71
-41.42
-47.71
-47.07
-54.98
-42.41
-50.64
-54.0
-51.62
-56.01
-59.95
-51.78
-54.03
-45.61
-50.23
-58.98
-48.12
-43.5
-52.61
-44.7
-44.17
-57.59
-51.61
-52.32
-50.74
-47.46
-48.57
-52.96
-48.27
-48.5
-49.38
-46.82
-34.08
-45.33
-48.81
-50.41
-43.66
-46.74
-52.91
-49.28
-51.6
-46.3
-50.0
-48.31
-43.18
-51.06
-44.09
-51.77
-49.52
-44.22
-49.1
-53.12
-50.49
-41.27
-47.31
-45.12
-45.66
-46.33
-54.43
-48.58
-48.4
-45.98
-43.83
-44.71
-43.71
-40.96
-51.45
-45.79
-48.22
-54.4
-50.45
-56.85
-43.75
-50.86
-53.49
-52.86
-50.97
-54.05
-45.61
-52.67
-51.79
-51.06
-50.59
-47.32
-46.55
-49.47
-49.72
-44.16
-47.8
-44.53
-44.06
-48.79
-46.29
-53.03
-52.32
-42.04
-46.03
-48.22
-43.58
-49.39
-50.5
-48.51
-48.5
-49.15
-49.63
-45.14
-44.98
-49.36
-47.79
-51.59
-53.58
-45.98
-41.58
-45.34
-45.16
-45.07
-45.78
-44.44
-47.31
-50.91
-45.7
-44.37
-48.39
-50.78
-48.52
-50.02
-43.85
-46.83
-43.15
-43.42
-50.6
-39.28
-41.54
-45.26
-48.47
-36.64
-51.15
-45.53
-45.14
-39.25
-52.46
-50.44
-44.36
-47.19
-44.73
-47.02
-42.64
-42.59
-40.74
-41.25
-43.76
-46.09
-38.93
-48.38
-43.84
-44.11
-37.26
-43.37
-42.1
-48.62
-44.11
-52.07
-49.01
-47.55
-46.82
-51.45
-47.25
-45.95
-47.05
-50.02
-49.88
-41.82
-44.28
-50.07
-47.28
-49.65
-44.29
-45.5
-46.27
-40.04
-51.13
-48.82
-54.39
-52.11
-46.07
-47.47
-43.93
-48.34
-48.47
-52.88
-48.49
-50.59
-41.03
-54.36
-51.84
-48.13
-46.96
-49.05
-41.4
-50.94
-48.26
-38.06
-38.57
-42.33
-50.19
-43.71
-50.88
-47.78
-47.9
-52.38
-48.2
-50.48
-49.16
-51.53
-41.98
-50.83
-51.46
-51.57
-48.83
-44.05
-44.15
-45.14
-46.56
-41.0
-44.92
-45.66
-47.61
-50.18
-44.94
-50.2
-46.73
-43.1
-45.15
-46.77
-43.59
-42.37
-46.87
-49.04
-41.61
-41.51
-37.78
-44.96
-46.69
-45.24
-45.21
-43.72
-43.15
-45.77
-37.96
-43.73
-45.38
-39.63
-43.64
-44.57
-45.79
-48.26
-46.7
-44.53
-48.63
-46.41
-46.31
-46.43
-50.01
-48.62
-45.18
-42.73
-41.65
-44.34
-46.95
-43.85
-46.15
-41.24
-43.19
-42.98
-42.8
-42.45
-46.65
-47.27
-38.08
-43.07
-45.08
-46.3
-43.02
-44.86
-43.74
-44.98
-44.6
-48.16
-45.76
-38.76
-45.66
-47.26
-42.56
-45.88
-39.11
-48.13
-42.8
-47.69
-45.82
-49.31
-43.64
-44.56
-47.17
-43.62
-45.13
-42.35
-45.21
-45.51
-49.68
-45.77
-44.67
-42.31
-45.4
-48.4
-47.48
-45.49
-44.63
-47.38
-47.54
-44.92
-46.44
-47.95
-49.78
-39.64
-46.08
-44.35
-42.92
-46.69
-41.81
-46.71
-47.11
-47.05
-49.5
-45.67
-42.73
-47.68
-48.11
-48.48
-41.38
-45.39
-41.48
-46.14
-39.54
-43.48
-44.51
-44.79
-48.85
-46.6
-45.44
-40.18
-39.38
-37.89
-38.84
-37.78
-42.72
-44.67
-43.78
-41.33
-47.68
-44.21
-43.54
-39.85
-41.85
-45.89
-41.91
-47.41
-45.24
-46.63
-39.94
-44.56
-35.09
-43.19
-40.75
-40.55
-47.81
-43.23
-45.82
-46.02
-45.98
-40.36
-46.06
-44.93
-43.47
-47.27
-47.04
-46.45
-43.98
-41.09
-44.74
-44.31
-45.98
-45.63
-43.6
