-385.598
-388.057
-395.048
-408.621
-421.716
-381.553
-345.472
-422.547
-383.92
-389.417
-373.946
-383.436
-383.524
-386.311
-350.916
-318.608
-343.488
-374.492
-399.997
-388.612
-410.357
-346.746
-377.86
-344.938
-371.323
-377.205
-378.737
-400.252
-395.688
-409.047
-374.075
-358.739
-329.76
-381.491
-374.299
-365.251
-365.899
-342.918
-372.93
-350.28
-328.197
-337.751
-358.39
-328.5
-338.491
-399.934
-361.656
-351.261
-326.028
-347.744
-388.294
-369.727
-329.031
-305.05
-334.449
-331.4
-300.461
-324.728
-315.7
-338.981
-311.245
-322.337
-350.55
-356.666
-362.341
-346.238
-356.273
-359.479
-359.413
-368.376
-354.31
-353.684
-385.22
-311.315
-352.76
-326.659
-324.075
-348.252
-275.384
-303.308
-339.454
-334.963
-342.09
-329.023
-341.71
-345.157
-362.761
-324.514
-303.318
-302.206
-313.704
-321.243
-343.561
-291.434
-308.926
-353.855
-315.707
-320.78
-361.422
-337.506
-356.959
-334.0
-346.243
-335.556
-335.398
-325.997
-337.181
-358.177
-369.252
-377.137
-376.86
-380.812
-358.056
-356.34
-347.501
-351.454
-313.773
-356.325
-388.167
-370.994
-373.77
-338.568
-332.213
-347.929
-374.451
-338.923
-321.145
-356.92
-323.986
-306.585
-318.638
-332.778
-301.432
-279.942
-299.031
-314.206
-334.506
-303.245
-326.226
-329.511
-337.614
-326.639
-332.425
-331.055
-338.84
-335.561
-329.669
-351.833
-304.705
-280.021
-311.161
-330.326
-336.725
-340.011
-390.116
-349.564
-347.27
-350.399
-334.611
-341.839
-345.863
-333.601
-338.075
-347.436
-318.291
-350.205
-330.406
-370.174
-358.188
-344.365
-363.115
-359.894
-386.623
-358.854
-339.019
-355.681
-367.178
-361.073
-341.627
-328.615
-314.118
-318.408
-355.258
-338.259
-357.692
-341.11
-400.09
-338.38
-383.051
-352.489
-357.937
-362.869
-372.964
-354.178
-353.56
-353.614
-334.926
-350.685
-359.213
-354.752
-332.188
-325.808
-355.1
-362.762
-381.167
-355.293
-368.531
-377.475
-317.209
-326.63
-364.608
-334.487
-319.839
-336.968
-346.198
-335.961
-328.711
-369.462
-328.727
-329.185
-317.839
-308.35
-333.876
-310.02
-310.786
-308.289
-338.521
-332.525
-335.038
-318.668
-325.985
-389.08
-347.261
-338.968
-324.46
-316.602
-341.84
-316.402
-318.319
-317.013
-345.029
-318.29
-324.776
-322.482
-331.689
-356.899
-342.046
-311.637
-355.342
-327.226
-287.28
-345.397
-289.291
-368.023
-351.393
-335.575
-330.791
-357.041
-309.712
-278.065
-303.616
-300.296
-329.997
-301.38
-320.445
-309.898
-272.033
-285.427
-287.855
-307.789
-338.461
-294.897
-295.44
-278.349
-322.271
-273.342
-281.171
-287.36
-312.288
-324.616
-322.243
-287.504
-299.252
-305.204
-306.071
-301.388
-319.57
-337.742
-309.95
-314.007
-289.406
-285.973
-321.585
-336.561
-318.371
-333.101
-332.32
-325.712
-300.435
-314.997
-308.517
-343.259
-304.244
-327.464
-341.053
-330.72
-324.76
-315.49
-304.665
-282.37
-306.018
-334.965
-302.044
-284.754
-298.452
-289.37
-306.472
-327.748
-323.036
-289.355
-293.498
-323.953
-294.681
-305.865
-302.923
-297.837
-297.863
-285.457
-285.46
-299.227
-284.691
-277.971
-286.946
-249.481
-305.408
-307.973
-286.975
-304.112
-299.252
-303.561
-283.996
-291.332
-266.268
-307.923
-300.386
-272.522
-309.005
-300.977
-295.635
-273.337
-284.723
-286.319
-248.338
-296.668
-288.366
-293.258
-321.019
-314.432
-316.776
-314.128
-302.225
-285.419
-315.808
-313.746
-300.814
-308.462
-308.434
-315.934
-287.518
-299.05
-326.572
-313.935
-314.304
-284.727
-308.434
-284.825
-303.526
-333.388
-328.612
-326.237
-305.967
-323.329
-299.413
-318.749
-299.081
-310.367
-321.046
-306.774
-317.864
-332.434
-319.443
-307.126
-313.123
-355.092
-305.277
-330.233
-295.14
-309.473
-284.028
-318.86
-337.508
-299.892
-324.078
-277.653
-328.881
-339.047
-333.281
-323.395
-310.099
-353.753
-354.384
-366.697
-349.223
-373.551
-399.719
-340.861
-344.238
-332.269
-340.876
-338.234
-326.014
-340.284
-383.063
-347.37
-377.524
-352.714
-385.016
-402.931
-410.142
-360.52
-367.7
-388.194
-398.605
-381.899
-346.898
-350.389
-357.134
-402.304
-336.279
-381.932
-373.063
-323.717
-343.975
-330.553
-374.029
-371.167
-387.0
-422.755
-433.067
-358.203
-377.116
-393.235
-396.723
-384.747
-386.797
-367.52
-376.821
-370.495
-398.983
-343.349
-362.044
-417.844
-381.583
-398.46
-408.349
-375.722
-382.077
-351.245
-320.083
-392.225
-402.722
-390.313
-389.543
-376.909
-404.574
-402.733
-389.081
-404.139
-389.956
-412.03
-403.157
-337.031
-413.446
-392.472
-393.607
-341.656
-372.311
-360.213
-359.615
-346.091
-401.087
-404.867
-376.05
-373.575
-366.74
-393.76
-356.452
-389.857
-371.504
-355.03
-352.416
-374.305
-323.141
-373.977
-357.785
-373.811
-356.188
-376.424
-369.51
-362.66
-381.891
-379.58
-369.891
-380.013
-363.505
-356.837
-351.169
-359.685
-344.159
-353.441
-362.857
-366.989
-303.833
-363.222
-363.068
-376.156
-378.145
-358.298
-394.294
-386.943
-371.922
-382.068
-389.771
-412.5
-385.434
-386.418
-368.533
-409.1
-372.02
-364.008
-402.84
-386.956
-376.606
-380.121
-385.37
-413.756
-382.643
-391.835
-367.051
-357.694
-358.755
-372.178
-370.429
-351.543
-338.497
-365.234
-359.633
-334.296
-375.994
-312.208
-377.561
-369.322
-365.473
-364.959
-401.095
-443.314
-412.726
-396.467
-436.653
-409.764
-442.861
-443.147
-454.124
-421.479
-408.705
-369.678
-374.621
-348.35
-364.432
-406.563
-382.957
-384.876
-394.918
-372.283
-401.122
-371.661
-393.391
-377.928
-404.355
-397.241
-382.157
-349.906
-365.45
-349.177
-374.652
-402.658
-365.709
-394.741
-411.939
-403.708
-397.011
-416.991
-386.97
-365.335
-392.387
-403.549
-401.169
-395.185
-388.574
-365.466
-346.242
-364.614
-366.567
-401.618
-369.447
-398.449
-390.575
-386.129
-374.749
-333.365
-378.018
-364.503
-388.747
-392.317
-389.008
-373.456
-349.217
-401.448
-387.063
-401.656
-376.262
-407.497
-424.152
-404.397
-357.373
-393.975
-345.29
-382.806
-353.28
-366.096
-387.146
-373.45
-396.643
-400.213
-418.302
-405.825
-366.911
-395.727
-381.447
-422.423
-395.918
-391.011
-377.919
-355.595
-369.658
-376.774
-410.123
-384.872
-378.033
-364.672
-381.741
-380.212
-434.815
-374.907
-373.576
-357.34
-350.471
-355.962
-325.159
-370.318
-360.322
-346.074
-368.585
-343.734
-369.238
-336.972
-370.931
-339.94
-360.417
-373.359
-376.086
-395.144
-377.213
-374.138
-362.027
-320.56
-336.483
-313.357
-354.71
-331.957
-334.181
-325.799
-339.682
-334.016
-350.702
-350.241
-359.28
-350.206
-355.632
-351.003
-364.446
-336.747
-312.475
-336.313
-344.212
-321.81
-312.574
-313.289
-337.525
-311.393
-340.613
-328.295
-358.447
-334.96
-322.389
-338.669
-335.592
-377.161
-308.542
-368.581
-385.329
-384.31
-351.792
-388.021
-373.524
-367.57
-366.0
-358.0
-355.034
-347.035
-366.275
-382.988
-365.063
-365.191
-378.923
-386.045
-325.701
-292.146
-334.695
-347.838
-406.551
-392.772
-331.812
-342.102
-309.049
-372.892
-371.709
-360.097
-390.555
-419.238
-377.334
-390.976
-402.516
-417.727
-410.389
-408.86
-358.45
-337.061
-339.688
-351.829
-357.235
-373.568
-358.701
-375.68
-395.273
-377.212
-347.265
-368.796
-384.743
-363.239
-386.834
-400.58
-314.775
-407.042
-338.028
-364.243
-365.636
-345.033
-321.35
-351.882
-319.818
-335.877
-334.335
-329.687
-365.544
-365.838
-340.729
-356.363
-327.488
-359.184
-326.321
-330.477
-332.536
-343.031
-365.753
-370.788
-315.373
-340.225
-335.751
-344.192
-326.137
-333.561
-373.513
-373.702
-322.657
-357.279
-320.526
-341.607
-367.619
-332.158
-320.828
-366.754
-368.139
-370.352
-327.033
-346.017
-359.064
-365.155
-348.171
-337.37
-356.775
-367.72
-321.862
-317.371
-322.72
-338.797
-364.805
-294.065
-313.548
-313.568
-332.815
-312.173
-305.597
-356.725
-348.798
-358.626
-334.175
-305.489
-311.058
-341.734
-331.189
-346.208
-338.515
-333.616
-334.573
-379.875
-339.081
-324.692
-378.011
-321.686
-340.304
-357.943
-304.13
-330.297
-366.777
-345.777
-375.79
-366.246
-359.964
-328.818
-367.593
-359.76
-321.884
-315.904
-348.519
-356.921
-350.74
-358.002
-327.791
-328.482
-324.16
-376.278
-383.533
-343.002
-339.72
-339.689
-347.906
-335.19
-383.768
-350.755
-367.896
-381.629
-337.767
-295.932
-324.068
-331.322
-315.499
-306.62
-338.357
-315.2
-375.734
-358.222
-351.382
-378.984
-333.629
-350.142
-356.394
-343.092
-329.024
-334.284
-281.797
-312.03
-341.915
-324.01
-345.283
-377.009
-365.851
-326.768
-309.519
-310.444
-331.111
-320.13
-335.984
-324.399
-340.231
-318.038
-346.415
-376.649
-360.869
-312.923
-366.866
-337.115
-345.374
-348.412
-333.324
-342.345
-276.588
-281.252
-261.475
-321.791
-329.234
-319.882
-326.538
-310.246
-317.839
-322.545
-309.016
-314.272
-321.502
-328.693
-327.643
-346.274
-322.39
-310.426
-313.423
-309.713
-322.566
-308.94
-316.281
-310.139
-317.731
