-0.256
-0.206
-0.091
-0.276
-0.161
-0.229
-0.164
-0.17
-0.144
-0.215
-0.144
-0.208
-0.142
-0.127
-0.093
-0.04
-0.139
-0.016
-0.069
-0.088
-0.134
-0.129
-0.11
-0.178
-0.172
-0.165
-0.138
-0.044
-0.117
-0.105
-0.128
-0.222
-0.15
-0.091
-0.143
-0.063
-0.205
-0.138
-0.178
-0.187
-0.114
-0.107
-0.071
-0.088
-0.135
-0.164
-0.138
-0.177
-0.255
-0.114
-0.119
-0.076
-0.191
-0.197
-0.228
-0.228
-0.213
-0.271
-0.203
-0.21
-0.13
-0.143
-0.127
-0.208
-0.243
-0.118
-0.173
-0.154
-0.172
-0.106
-0.176
-0.149
-0.265
-0.244
-0.353
-0.254
-0.192
-0.287
-0.249
-0.21
-0.29
-0.182
-0.229
-0.073
-0.298
-0.18
-0.203
-0.188
-0.164
-0.146
-0.167
-0.247
-0.141
-0.275
-0.171
-0.206
-0.156
-0.193
-0.206
-0.253
-0.212
-0.118
-0.233
-0.203
-0.147
-0.186
-0.279
-0.257
-0.222
-0.213
-0.269
-0.222
-0.272
-0.28
-0.188
-0.243
-0.104
-0.286
-0.314
-0.101
-0.212
-0.182
-0.066
-0.189
-0.231
-0.156
-0.137
-0.17
-0.053
-0.162
-0.211
-0.16
-0.101
-0.07
-0.061
-0.071
-0.172
-0.095
-0.156
-0.133
-0.149
-0.152
-0.11
-0.17
-0.137
-0.122
-0.146
-0.074
-0.129
-0.054
-0.184
-0.207
-0.131
-0.218
-0.168
-0.145
-0.148
-0.204
-0.208
-0.145
-0.224
-0.126
-0.208
-0.145
-0.176
-0.208
-0.325
-0.266
-0.162
-0.273
-0.185
-0.224
-0.178
-0.195
-0.149
-0.119
-0.162
-0.124
-0.179
-0.151
-0.249
-0.225
-0.142
-0.246
-0.213
-0.162
-0.223
-0.127
-0.134
-0.247
-0.262
-0.174
-0.161
-0.141
-0.122
-0.162
-0.176
-0.213
-0.212
-0.162
-0.08
-0.113
-0.107
-0.072
-0.188
-0.041
-0.084
-0.066
-0.14
-0.066
-0.24
-0.135
-0.085
-0.049
-0.057
-0.157
-0.215
-0.092
-0.143
-0.124
-0.128
-0.066
-0.193
-0.153
-0.088
-0.138
-0.1
-0.063
-0.176
-0.196
-0.168
-0.233
-0.142
-0.237
-0.155
-0.211
-0.278
-0.178
-0.158
-0.349
-0.221
-0.225
-0.168
-0.144
-0.166
-0.26
-0.26
-0.252
-0.234
-0.304
-0.193
-0.248
-0.273
-0.286
-0.238
-0.236
-0.138
-0.159
-0.259
-0.171
-0.161
-0.157
-0.26
-0.198
-0.213
-0.102
-0.146
-0.058
-0.182
-0.048
-0.143
-0.128
-0.131
-0.098
-0.051
-0.18
-0.159
-0.112
-0.101
-0.133
-0.144
-0.088
-0.211
-0.115
-0.072
-0.158
-0.161
-0.138
-0.099
-0.1
-0.215
-0.144
-0.21
-0.134
-0.299
-0.163
-0.184
-0.181
-0.084
-0.092
-0.158
-0.123
-0.256
-0.147
-0.156
-0.151
-0.228
-0.108
-0.118
-0.155
-0.126
-0.159
-0.15
-0.074
-0.151
-0.122
-0.181
-0.156
-0.142
-0.194
-0.136
-0.04
-0.07
-0.008
-0.05
-0.191
-0.171
-0.117
-0.195
-0.076
-0.099
-0.105
-0.135
-0.148
-0.185
-0.198
-0.165
-0.139
-0.123
-0.163
-0.177
-0.151
-0.098
-0.246
-0.123
-0.234
-0.207
-0.163
-0.122
-0.088
-0.079
-0.076
-0.202
-0.19
-0.202
-0.184
-0.131
-0.094
-0.171
-0.089
-0.103
-0.124
-0.22
-0.206
-0.186
-0.173
-0.183
-0.195
-0.141
-0.231
-0.151
-0.131
-0.219
-0.134
-0.192
-0.109
-0.135
-0.069
-0.182
-0.209
-0.139
-0.181
-0.175
-0.144
-0.19
-0.171
-0.221
-0.208
-0.149
-0.258
-0.279
-0.17
-0.132
-0.158
-0.195
-0.186
-0.158
-0.12
-0.209
-0.149
-0.148
-0.269
-0.124
-0.109
-0.108
-0.199
-0.236
-0.159
-0.12
-0.209
-0.191
-0.097
-0.206
-0.172
-0.151
-0.151
-0.088
-0.128
-0.081
-0.143
-0.127
-0.158
-0.175
-0.162
-0.085
-0.074
-0.182
-0.221
-0.167
-0.115
-0.311
-0.32
-0.289
-0.179
-0.223
-0.185
-0.179
-0.214
-0.122
-0.133
-0.148
-0.093
-0.227
-0.062
-0.132
-0.201
-0.119
-0.175
-0.178
0.002
-0.232
-0.169
-0.13
-0.21
-0.197
-0.158
-0.157
-0.139
-0.121
-0.183
-0.167
-0.093
-0.099
-0.112
-0.259
-0.173
-0.193
-0.113
-0.095
-0.221
-0.145
-0.143
-0.172
-0.111
-0.165
-0.272
-0.245
-0.224
-0.222
-0.176
-0.208
-0.247
-0.169
-0.106
-0.067
-0.172
-0.133
-0.171
-0.133
-0.159
-0.188
-0.145
-0.065
-0.141
-0.145
-0.203
-0.125
-0.073
-0.112
-0.062
-0.121
-0.187
-0.132
-0.235
-0.203
-0.092
-0.133
-0.138
-0.082
-0.028
-0.04
-0.048
-0.075
-0.124
-0.111
-0.053
-0.045
-0.128
-0.093
-0.182
-0.114
-0.049
-0.15
-0.123
-0.166
-0.15
-0.046
-0.104
-0.209
-0.131
-0.146
-0.128
-0.235
-0.234
-0.214
-0.253
-0.242
-0.244
-0.247
-0.144
-0.179
-0.182
-0.128
-0.2
-0.164
-0.149
-0.134
-0.211
-0.182
-0.109
-0.169
-0.274
-0.201
-0.191
-0.155
-0.171
-0.152
-0.24
-0.153
-0.193
-0.203
-0.244
-0.226
-0.156
-0.173
-0.212
-0.143
-0.248
-0.252
-0.281
-0.215
-0.248
-0.384
-0.195
-0.177
-0.136
-0.079
-0.192
-0.159
-0.17
-0.076
-0.179
-0.137
-0.205
-0.232
-0.182
-0.254
-0.251
-0.278
-0.181
-0.244
-0.205
-0.183
-0.164
-0.256
-0.178
-0.222
-0.3
-0.249
-0.261
-0.244
-0.188
-0.279
-0.14
-0.23
-0.255
-0.201
-0.232
-0.217
-0.149
-0.177
-0.218
-0.247
-0.215
-0.274
-0.243
-0.191
-0.308
-0.193
-0.215
-0.189
-0.296
-0.186
-0.206
-0.312
-0.26
-0.233
-0.212
-0.198
-0.215
-0.31
-0.251
-0.295
-0.224
-0.175
-0.244
-0.179
-0.176
-0.205
-0.196
-0.186
-0.157
-0.208
-0.193
-0.172
-0.279
-0.231
-0.186
-0.233
-0.242
-0.219
-0.154
-0.189
-0.198
-0.249
-0.192
-0.214
-0.139
-0.146
-0.196
-0.207
-0.215
-0.217
-0.167
-0.158
-0.234
-0.198
-0.265
-0.173
-0.155
-0.205
-0.118
-0.144
-0.137
-0.14
-0.185
-0.188
-0.141
-0.257
-0.17
-0.224
-0.19
-0.216
-0.174
-0.112
-0.194
-0.25
-0.175
-0.285
-0.174
-0.127
-0.234
-0.187
-0.1
-0.213
-0.162
-0.158
-0.136
-0.202
-0.229
-0.262
-0.096
-0.17
-0.129
-0.176
-0.051
-0.121
-0.139
-0.129
-0.115
-0.234
-0.156
-0.123
-0.162
-0.056
-0.132
-0.221
-0.19
-0.069
-0.109
-0.119
-0.104
-0.085
-0.14
-0.072
-0.176
-0.11
-0.124
-0.155
-0.12
-0.152
-0.09
-0.216
-0.183
-0.177
-0.1
-0.098
-0.052
-0.122
-0.102
-0.131
-0.103
-0.159
-0.184
-0.107
-0.127
-0.101
-0.172
-0.15
-0.09
-0.127
-0.214
-0.084
-0.105
-0.19
-0.179
-0.11
-0.163
-0.107
-0.142
-0.112
-0.131
-0.091
-0.079
-0.074
-0.112
-0.061
-0.106
-0.17
-0.125
-0.056
-0.153
-0.107
-0.167
-0.082
-0.088
-0.129
-0.03
-0.061
-0.204
-0.124
-0.153
-0.14
-0.139
-0.11
-0.146
-0.088
-0.146
-0.214
-0.223
-0.134
-0.151
-0.085
-0.199
-0.128
-0.086
-0.145
-0.098
-0.006
-0.154
-0.212
-0.152
-0.083
-0.219
-0.125
-0.079
-0.091
-0.1
-0.244
-0.206
-0.115
-0.124
-0.127
-0.129
-0.098
-0.119
-0.046
-0.083
-0.159
-0.03
-0.193
-0.268
-0.212
-0.207
-0.173
-0.224
-0.128
-0.13
-0.225
-0.079
-0.223
-0.15
-0.189
-0.184
-0.164
-0.224
-0.143
-0.167
-0.155
-0.111
-0.049
-0.174
-0.173
-0.177
-0.127
-0.182
-0.202
-0.126
-0.151
-0.187
-0.259
-0.21
-0.18
-0.132
-0.189
-0.199
-0.24
-0.222
-0.128
-0.164
-0.285
-0.15
-0.209
-0.193
-0.22
-0.208
-0.27
-0.228
-0.213
-0.095
-0.198
-0.108
-0.233
-0.259
-0.106
-0.218
-0.171
-0.122
-0.296
-0.208
-0.158
-0.161
-0.073
-0.096
-0.161
-0.153
-0.133
-0.164
-0.214
-0.259
-0.109
-0.168
-0.206
-0.225
-0.166
-0.231
-0.241
-0.096
-0.195
-0.246
-0.205
-0.222
-0.18
-0.161
-0.148
-0.24
-0.149
-0.236
-0.109
-0.191
-0.198
-0.201
-0.181
-0.091
-0.179
-0.134
-0.144
-0.138
-0.187
-0.153
-0.154
-0.058
-0.136
-0.177
-0.018
-0.11
-0.113
-0.105
-0.143
-0.112
-0.107
-0.093
-0.034
-0.014
-0.038
-0.118
-0.13
-0.051
-0.097
-0.042
-0.112
-0.048
-0.11
-0.066
-0.097
-0.069
-0.151
0.015
-0.061
-0.078
-0.126
