-104.4
-78.07
-92.01
-93.96
-89.87
-82.69
-93.51
-76.96
-91.04
-81.67
-77.92
-89.36
-87.46
-97.87
-86.55
-95.13
-93.35
-82.09
-78.84
-79.61
-74.93
-88.39
-72.72
-88.68
-93.96
-95.02
-79.59
-101.5
-73.79
-82.92
-89.05
-79.58
-86.66
-115.79
-88.07
-79.96
-80.12
-75.88
-90.38
-93.58
-87.97
-86.28
-90.48
-95.5
-100.7
-77.48
-85.5
-88.07
-98.51
-106.44
-98.39
-86.51
-96.27
-89.62
-61.43
-87.29
-62.36
-77.02
-88.04
-82.03
-82.19
-72.82
-81.17
-74.6
-82.97
-90.5
-80.7
-83.45
-93.36
-93.79
-87.0
-75.67
-88.51
-85.28
-81.2
-82.42
-77.15
-75.59
-70.34
-76.46
-89.08
-82.44
-75.72
-92.02
-85.92
-96.65
-82.94
-77.41
-80.25
-71.46
-85.75
-94.98
-67.27
-75.85
-83.22
-65.53
-81.98
-79.55
-84.33
-100.58
-84.41
-92.44
-87.47
-90.29
-90.47
-91.52
-84.98
-92.41
-79.31
-75.62
-70.19
-86.1
-83.44
-76.79
-82.31
-95.52
-89.82
-97.94
-91.5
-100.12
-91.72
-93.27
-75.28
-94.38
-107.42
-84.97
-75.99
-85.26
-85.87
-100.2
-95.91
-99.08
-97.67
-90.89
-82.14
-80.73
-93.79
-95.0
-83.78
-92.13
-94.25
-98.34
-77.55
-95.99
-82.47
-81.93
-93.9
-100.8
-96.61
-94.68
