-71.59
-82.01
-83.92
-77.08
-86.09
-82.9
-82.43
-88.24
-89.94
-77.08
-81.07
-83.6
-75.95
-79.51
-78.85
-85.17
-77.58
-79.37
-83.95
-73.13
-81.43
-78.54
-85.56
-82.68
-90.91
-87.97
-82.17
-76.31
-80.57
-83.79
-76.34
-81.86
-79.99
-92.6
-79.71
-64.63
-69.68
-82.59
-83.6
-84.34
-74.31
-88.01
-77.46
-83.88
-87.37
-88.72
-82.09
-84.08
-80.23
-83.45
-86.15
-78.05
-79.08
-77.71
-78.93
-77.37
-86.64
-73.98
-74.77
-71.42
-71.15
-82.81
-74.01
-89.72
-78.09
-79.35
-84.67
-72.91
-82.31
-75.52
-74.07
-82.98
-74.64
-87.71
-91.82
-83.99
-75.92
-80.86
-74.31
-83.27
-88.1
-79.33
-84.36
-95.16
-87.94
-85.67
-91.02
-80.53
-87.73
-95.73
-89.28
-86.8
-85.9
-87.42
-88.1
-80.78
-81.71
-86.88
-93.28
-98.68
-89.78
-92.69
-86.9
-82.18
-78.74
-82.49
-69.68
-75.95
-87.04
-79.26
-81.09
-73.19
-78.24
-68.73
-77.76
-80.48
-82.41
-81.54
-73.15
-79.62
-74.83
-85.49
-77.95
-77.19
-74.61
-72.0
-73.34
-78.49
-69.45
-78.3
-74.09
-83.17
-81.3
-86.81
-82.29
-87.17
-77.27
-80.34
-74.68
-61.76
-83.09
-80.18
-73.79
-73.17
-77.64
-75.39
-87.86
-77.86
-79.87
-77.99
-83.86
-82.31
-81.46
-79.26
-81.42
-85.73
-83.47
-74.74
-72.82
-72.63
-73.33
-84.07
-84.78
-79.92
-75.53
-72.4
-76.98
-81.78
-87.17
-94.61
-81.83
-89.67
-78.56
-83.56
-86.86
-78.6
-78.01
-80.38
-80.87
-92.63
-83.62
-93.89
-84.92
-77.06
-80.53
-75.83
-87.68
-88.1
-74.39
-77.51
-75.89
-83.97
-87.77
-80.91
-76.32
-79.01
-87.33
-86.03
-82.38
-88.29
-91.49
