-0.411
-0.433
-0.375
-0.316
-0.364
-0.432
-0.544
-0.42
-0.335
-0.314
-0.421
-0.359
-0.496
-0.463
-0.422
-0.36
-0.336
-0.4
-0.362
-0.383
-0.535
-0.329
-0.288
-0.322
-0.384
-0.431
-0.441
-0.418
-0.304
-0.344
-0.374
-0.471
-0.6
-0.599
-0.403
-0.426
-0.365
-0.467
-0.47
-0.376
-0.447
-0.43
-0.424
-0.47
-0.48
-0.518
-0.443
-0.588
-0.565
-0.5
-0.45
-0.469
-0.423
-0.387
-0.258
-0.424
-0.315
-0.364
-0.342
-0.374
-0.214
-0.383
-0.319
-0.356
-0.451
-0.454
-0.284
-0.397
-0.282
-0.353
-0.347
-0.344
-0.324
-0.36
-0.443
-0.523
-0.357
-0.489
-0.28
-0.242
-0.315
-0.428
-0.436
-0.349
-0.373
-0.149
-0.264
-0.363
-0.243
-0.332
-0.257
-0.327
-0.342
-0.419
-0.425
-0.443
-0.407
-0.403
-0.59
-0.454
-0.413
-0.546
-0.436
-0.47
-0.225
-0.378
-0.377
-0.272
-0.382
-0.398
-0.389
-0.391
-0.424
-0.354
-0.283
-0.359
-0.251
-0.455
-0.389
-0.362
-0.503
-0.464
-0.388
-0.375
-0.306
-0.323
-0.319
-0.36
-0.248
-0.434
-0.346
-0.362
-0.294
-0.421
-0.426
-0.49
-0.441
-0.31
-0.332
-0.324
-0.319
-0.488
-0.35
-0.336
-0.344
-0.374
-0.44
-0.362
-0.475
-0.29
-0.432
-0.311
-0.485
-0.413
-0.333
-0.318
-0.324
-0.369
-0.375
-0.331
-0.353
-0.376
-0.457
-0.387
-0.345
-0.489
-0.431
-0.411
-0.565
-0.505
-0.402
-0.33
-0.437
-0.419
-0.518
-0.422
-0.37
-0.449
-0.343
-0.448
-0.535
-0.568
-0.414
-0.446
-0.435
-0.423
-0.347
-0.465
-0.448
-0.51
-0.432
-0.333
-0.375
-0.418
-0.24
-0.344
-0.316
-0.436
-0.259
-0.474
-0.425
