-531.973
-544.628
-542.737
-532.616
-562.716
-562.524
-604.993
-668.824
-632.204
-640.112
-594.662
-600.401
-606.317
-590.845
-543.803
-553.242
-577.12
-559.192
-563.482
-531.985
-543.758
-548.292
-522.865
-610.275
-581.521
-530.084
-511.354
-568.802
-554.63
-578.236
-566.326
-565.957
-600.812
-577.022
-525.618
-559.771
-502.264
-596.606
-581.714
-588.288
-532.931
-555.201
-548.916
-618.97
-599.324
-634.098
-586.587
-609.968
-617.25
-629.909
-640.003
-556.917
-592.262
-549.237
-569.65
-540.643
-607.387
-526.818
-567.605
-439.931
-520.932
-526.079
-533.182
-564.44
-536.705
-483.729
-548.415
-518.504
-522.813
-476.216
-474.029
-513.92
-445.144
-500.626
-534.361
-556.92
-501.578
-559.13
-449.464
-510.67
-558.291
-529.699
-555.47
-583.087
-549.903
-528.894
-520.898
-556.338
-522.745
-551.991
-564.52
-535.62
-530.372
-546.36
-540.78
-475.304
-537.421
-527.963
-613.715
-564.221
-662.607
-629.304
-584.731
-605.192
-503.412
-558.983
-455.79
-529.14
-561.826
-551.045
-524.39
-515.378
-527.05
-509.058
-532.237
-513.195
-498.025
-512.152
-526.833
-580.848
-585.325
-531.942
-551.08
-540.48
-483.204
-509.158
-485.339
-515.5
-477.833
-494.988
-530.989
-532.082
-478.18
-541.645
-489.373
-547.528
-516.346
-492.247
-484.852
-491.167
-526.458
-565.64
-496.61
-537.111
-518.789
-500.881
-547.069
-563.709
-567.017
-568.081
-563.451
-591.42
-555.825
-540.066
-567.603
-531.211
-549.625
-510.722
-516.599
-515.652
-510.343
-567.282
-511.978
-485.332
-529.4
-570.797
-503.899
-520.059
-610.361
-612.639
-549.022
-579.262
-550.662
-587.167
-573.448
-543.836
-550.771
-524.284
-549.477
-580.833
-597.725
-556.877
-521.405
-545.304
-519.033
-526.438
-532.775
-587.336
-561.594
-544.996
-537.397
-566.175
-546.03
-544.386
-504.637
-501.847
-554.22
-551.645
-565.047
-559.349
-560.729
