-125.26
-106.57
-115.21
-117.16
-114.94
-111.22
-113.27
-120.0
-103.08
-120.36
-108.51
-124.28
-108.92
-123.0
-119.35
-115.81
-127.47
-116.8
-115.2
-115.46
-128.37
-109.16
-111.44
-126.63
-115.3
-109.39
-115.64
-103.67
-110.4
-116.59
-113.43
-122.24
-133.2
-124.4
-121.66
-113.98
-123.85
-128.12
-126.29
-128.08
-124.01
-128.02
-133.68
-126.48
-131.05
-124.72
-129.78
-133.49
-143.87
-127.83
-123.02
-131.87
-132.34
-125.84
-126.61
-125.93
-141.13
-128.64
-142.42
-152.12
-133.45
-135.98
-136.56
-129.29
-134.14
-139.83
-134.77
-131.83
-112.22
-150.29
-133.81
-126.1
-122.15
-138.88
-134.67
-140.82
-138.41
-134.06
-143.31
-146.16
-144.09
-148.24
-141.14
-145.02
-151.94
-157.67
-140.15
-137.46
-143.39
-148.94
-151.2
-139.81
-143.37
-137.65
-133.84
-129.02
-150.15
-135.76
-132.73
-134.08
-143.74
-130.08
-133.06
-134.55
-146.54
-143.1
-145.18
-139.25
-140.9
-147.57
-136.8
-142.99
-147.45
-139.87
-144.81
-143.88
-134.42
-132.27
-143.69
-131.29
-133.57
-143.31
-146.01
-141.77
-149.03
-135.2
-146.71
-132.8
-140.97
-137.96
-141.63
-138.69
-130.67
-126.38
-127.86
-140.95
-129.44
-132.77
-122.33
-117.0
-125.35
-129.86
-135.56
-146.35
-142.91
-142.15
-126.1
-133.21
-128.5
-137.9
