-674.232
-615.508
-637.317
-622.913
-671.378
-606.873
-608.011
-650.281
-621.826
-650.623
-705.63
-670.341
-634.492
-696.274
-655.297
-649.165
-675.544
-679.946
-663.296
-630.108
-642.424
-710.126
-654.155
-737.008
-676.515
-666.326
-631.831
-670.426
-700.464
-670.918
-714.396
-640.787
-677.219
-636.549
-636.36
-628.899
-664.257
-647.896
-652.416
-659.028
-661.103
-699.548
-652.435
-659.079
-695.306
-690.82
-666.092
-684.087
-684.619
-705.442
-698.41
-710.994
-719.818
-741.632
-677.235
-686.925
-708.524
-642.239
-660.917
-729.854
-693.025
-718.13
-649.871
-712.461
-661.893
-673.882
-708.49
-717.358
-672.674
-715.694
-753.897
-657.344
-733.636
-716.303
-644.253
-660.2
-698.683
-621.611
-661.478
-652.438
-657.955
-677.758
-690.161
-688.224
-746.789
-709.56
-710.033
-683.629
-683.466
-641.685
-686.036
-695.914
-699.79
-693.851
-744.171
-674.803
-707.211
-702.022
-720.669
-727.344
-654.273
-715.554
-733.925
-721.985
-714.335
-724.93
-707.406
-669.761
-746.038
-756.295
-709.487
-711.48
-767.773
-738.766
-735.56
-682.075
-727.082
-698.063
-695.762
-743.775
-678.095
-713.309
-715.322
-729.336
-743.352
-751.306
-738.237
-700.803
-732.472
-740.455
-775.43
-762.087
-743.866
-745.29
-764.827
-689.444
-684.202
-664.738
-697.697
-691.768
-698.156
-707.444
-726.036
-711.28
-740.927
-697.015
-775.349
-703.065
-706.559
-740.113
-761.803
-718.07
-706.654
-668.919
-728.859
-764.863
-730.95
-743.379
-750.29
-733.065
-647.713
-708.057
-724.327
-753.687
-732.346
-742.012
-670.587
-710.677
-772.114
-718.405
-725.574
-710.936
-725.949
-734.446
-714.993
-700.064
-765.742
-718.158
-749.604
-747.791
-743.026
-733.627
-671.141
-649.229
-672.376
-714.661
-618.086
-705.502
-671.49
-621.155
-725.395
-677.053
-711.085
-759.513
-677.918
-710.335
-667.215
-674.449
-634.703
-686.045
-694.302
-794.181
-722.272
-750.476
-751.362
-666.792
-694.26
-739.108
-719.839
-696.466
-665.716
-666.8
-644.811
-676.264
-646.318
-726.578
-719.526
-718.736
-701.185
-745.982
-700.751
-694.69
-714.103
-642.924
-651.613
-648.21
-700.944
-700.162
-682.008
-689.499
-709.635
-767.773
-746.018
-692.749
-765.594
-699.421
-737.703
-732.794
-738.12
-732.633
-679.974
-718.658
-675.599
-642.886
-643.005
-610.548
-637.657
-623.122
-602.198
-696.09
-699.79
-701.719
-708.371
-619.125
-646.854
-648.365
-685.09
-651.031
-616.104
-658.6
-638.697
-657.222
-650.788
-656.237
-650.817
-717.09
-717.106
-635.379
-617.455
-737.541
-657.912
-682.692
-674.349
-668.238
-689.64
-650.772
-674.378
-679.2
-686.081
-666.108
-636.579
-691.071
-726.056
-687.432
-711.484
-717.829
-710.591
-764.282
-733.757
-699.052
-732.75
-744.074
-713.983
-678.319
-683.928
-702.316
-700.536
-649.617
-699.966
-679.547
-705.045
-701.217
-689.515
-698.466
-713.933
-662.415
-685.411
-696.899
-688.769
-726.828
-703.497
-672.336
-630.871
-688.878
-707.702
-691.707
-704.353
-724.154
-671.217
-731.867
-665.706
-660.196
-691.345
-692.132
-661.981
-667.068
-680.516
-610.456
-685.116
-627.044
-627.997
-602.042
-623.116
-623.94
-589.44
-606.429
-681.621
-598.96
-671.879
-664.709
-629.397
-624.582
-580.225
-680.756
-617.105
-650.626
-650.042
-652.02
-661.79
-606.584
-647.177
-653.113
-642.787
-678.823
-656.115
-700.449
-714.382
-639.738
-630.912
-709.631
-675.282
-657.006
-758.094
-735.357
-714.139
-638.5
-621.81
-650.267
-655.369
-629.793
-657.316
-669.952
-697.301
-721.253
-728.781
-766.27
-662.651
-680.81
-693.629
-730.658
-733.446
-717.709
-722.112
-702.267
-729.784
-759.649
-718.414
-704.387
-733.007
-716.444
-706.384
-713.426
-668.246
-675.127
-598.86
-720.692
-707.717
-755.779
-739.624
-662.19
-686.818
-727.82
-672.62
-658.252
-659.107
-694.867
-652.663
-709.901
-687.566
-680.462
-719.509
-738.302
-688.212
-684.552
-680.411
-697.357
-663.069
-703.803
-672.76
-645.309
-670.76
-602.092
-689.792
-645.966
-696.42
-726.642
-725.071
-631.077
-641.027
-659.592
-639.819
-637.024
-687.882
-609.898
-644.546
-641.985
-673.422
-667.052
-586.644
-618.929
-655.563
-585.683
-594.903
-654.27
-647.023
-621.332
-641.045
-556.018
-595.306
-605.988
-608.961
