-100.38
-100.52
-94.15
-105.96
-103.94
-98.39
-97.39
-91.56
-107.08
-98.07
-100.66
-92.22
-93.21
-101.08
-102.99
-99.28
-106.52
-102.55
-105.54
-103.04
-99.22
-111.71
-104.28
-95.94
-101.81
-90.27
-99.49
-107.11
-110.96
-102.63
-108.56
-99.57
-97.27
-87.43
-94.29
-98.7
-106.32
-95.14
-93.47
-98.82
-108.01
-99.24
-103.72
-113.25
-114.65
-108.7
-98.2
-103.36
-110.74
-106.72
-115.67
-108.94
-113.6
-105.56
-116.75
-115.2
-121.9
-122.39
-115.14
-118.88
-113.19
-115.65
-111.03
-121.94
-119.9
-113.28
-107.86
-118.76
-104.71
-114.81
-114.73
-103.34
-111.56
-116.34
-118.31
-112.49
-111.77
-102.82
-111.56
-100.25
-108.35
-113.75
-122.43
-118.29
-111.84
-110.61
-108.7
-119.17
-113.97
-115.99
-110.11
-106.16
-122.76
-101.49
-126.14
-124.06
-125.74
-112.92
-121.56
-123.64
-107.55
-110.6
-122.87
-116.48
-121.56
-116.47
-128.72
-123.02
-123.9
-129.11
-121.64
-118.01
-119.57
-118.68
-120.69
-123.43
-127.66
-121.54
-117.38
-127.02
-116.97
-120.51
-113.86
-126.45
-117.19
-119.43
-115.64
-123.01
-128.25
-133.7
-129.89
-132.57
-125.98
-135.01
-130.1
-131.48
-126.14
-120.98
-124.57
-132.44
-133.4
-122.82
-129.38
-122.64
-126.81
-124.48
-122.52
-108.87
-118.34
-123.54
-125.22
-126.94
-121.92
-113.48
-122.55
-137.29
-132.13
-130.38
-130.27
-129.04
-117.31
-122.36
-132.03
-136.0
-133.83
-128.05
-122.71
-123.97
-128.6
-127.21
-118.04
-121.24
-122.47
-135.59
-121.66
-126.73
-123.64
-131.48
-121.51
-125.72
-120.58
-126.92
-126.84
-116.24
-109.98
-119.13
-120.75
-117.89
-117.82
-107.4
-114.75
-124.49
-124.14
-122.15
-124.67
-129.25
-113.5
-118.17
-116.27
-119.88
-115.05
-130.59
-125.02
-121.79
-125.43
-116.02
-121.4
-126.53
-121.11
-120.29
-123.67
-100.98
-120.67
-124.55
-121.47
-120.62
-126.12
-112.25
-109.64
-115.75
-118.84
-116.25
-115.6
-112.22
-111.26
-109.88
-119.78
-115.51
-118.93
-118.1
-119.85
-128.23
-126.12
-125.32
-119.44
-124.75
-128.22
-119.14
-120.43
-125.58
-117.19
-122.18
-117.13
-118.0
-115.77
-109.5
-116.49
-108.69
-102.36
-127.27
-112.84
-112.71
-110.9
-103.94
-126.38
-116.11
-110.77
-112.72
-119.81
-106.92
-112.86
-110.98
-110.14
-103.28
-95.94
-118.56
-115.76
-120.07
-112.37
-123.83
-118.5
-116.83
-119.38
-113.08
-128.45
-122.61
-118.03
-114.1
-116.31
-119.78
-124.45
-118.32
-124.77
-131.33
-121.96
-130.45
-128.33
-127.14
-131.03
-130.0
-131.75
-134.52
-125.32
-126.68
-125.23
-128.48
-119.1
-129.71
-127.87
-127.05
-121.03
-114.3
-119.02
-124.65
-127.94
-125.87
-129.55
-131.82
-123.83
-121.95
-125.57
-123.26
-119.64
-126.09
-121.21
-117.55
-127.05
-117.52
-116.46
-114.98
-124.81
-114.34
-125.99
-121.93
-126.39
-124.94
-115.68
-114.8
-113.35
-113.31
-108.62
-110.64
-112.8
-99.46
-97.73
-104.39
-111.76
-105.37
-104.43
-113.21
-104.43
-109.82
-104.94
-102.97
-107.72
-114.25
-111.65
-107.46
-111.97
-103.03
-116.88
-115.33
-108.7
-107.13
-120.46
-114.58
-113.05
-114.68
-108.66
-118.23
-113.23
-110.09
-123.02
-109.9
-119.09
-124.32
-101.96
-110.26
-103.79
-111.55
-110.91
-121.9
-126.62
-122.91
-117.55
-127.0
-119.5
-117.1
-116.11
-133.65
-124.63
-123.62
-121.13
-117.63
-134.59
-121.83
-119.56
-128.18
-116.58
-116.48
-111.21
-104.78
-109.15
-101.94
-95.73
-115.56
-121.7
-120.76
-112.99
-104.59
-128.28
-125.81
-111.74
-116.04
-111.54
-100.44
-114.72
-101.77
-119.45
-111.79
-117.45
-106.32
-117.46
-104.49
-118.29
-121.01
-119.17
-118.63
-101.19
-114.29
-115.53
-118.55
-113.29
-111.8
-105.73
-120.42
-114.37
-110.94
-111.52
-104.9
-112.08
-115.66
-114.17
-113.7
-109.54
-115.97
-118.18
-113.25
-113.44
-106.4
-108.27
-112.35
-108.41
-116.08
-110.35
-110.9
-116.11
-108.63
-118.76
-111.16
-109.76
