-0.4
-0.399
-0.353
-0.426
-0.365
-0.298
-0.347
-0.328
-0.447
-0.49
-0.505
-0.371
-0.426
-0.376
-0.272
-0.226
-0.302
-0.374
-0.376
-0.413
-0.397
-0.381
-0.289
-0.316
-0.394
-0.341
-0.351
-0.3
-0.448
-0.415
-0.255
-0.262
-0.39
-0.34
-0.272
-0.311
-0.464
-0.447
-0.413
-0.422
-0.383
-0.432
-0.419
-0.318
-0.444
-0.2
-0.2
-0.387
-0.405
-0.366
-0.381
-0.332
-0.288
-0.404
-0.375
-0.437
-0.345
-0.292
-0.501
-0.349
-0.319
-0.492
-0.332
-0.453
-0.355
-0.366
-0.458
-0.259
-0.264
-0.439
-0.495
-0.416
-0.459
-0.385
-0.449
-0.493
-0.369
-0.324
-0.377
-0.455
-0.354
-0.307
-0.454
-0.291
-0.412
-0.374
-0.461
-0.34
-0.356
-0.418
-0.348
-0.45
-0.303
-0.36
-0.294
-0.387
-0.248
-0.246
-0.298
-0.391
-0.261
-0.386
-0.381
-0.419
-0.306
-0.388
-0.289
-0.377
-0.376
-0.288
-0.278
-0.432
-0.331
-0.357
-0.266
-0.375
-0.369
-0.447
-0.359
-0.272
-0.243
-0.421
-0.442
-0.398
-0.508
-0.335
-0.359
-0.394
-0.362
-0.487
-0.56
-0.462
-0.328
-0.394
-0.335
-0.457
-0.381
-0.251
-0.319
-0.39
-0.489
-0.505
-0.51
-0.349
-0.531
-0.468
-0.466
-0.432
-0.541
-0.372
-0.559
-0.48
-0.612
-0.574
-0.584
-0.542
-0.526
-0.575
-0.531
-0.425
-0.466
-0.535
-0.583
-0.407
-0.332
-0.442
-0.489
-0.634
-0.508
-0.511
-0.551
-0.661
-0.492
-0.44
-0.521
-0.583
-0.481
-0.61
-0.669
-0.525
-0.46
-0.639
-0.512
-0.49
-0.233
-0.511
-0.384
-0.596
-0.435
-0.429
-0.322
-0.588
-0.621
-0.581
-0.445
-0.434
-0.555
-0.535
-0.635
-0.418
-0.518
-0.63
-0.56
-0.512
-0.612
-0.501
-0.427
-0.369
-0.482
-0.401
-0.576
-0.387
-0.502
-0.466
-0.631
-0.442
-0.466
-0.423
-0.387
-0.549
-0.493
-0.447
-0.323
-0.443
-0.52
-0.642
-0.48
-0.571
-0.502
-0.826
-0.592
-0.73
-0.587
-0.396
-0.531
-0.51
-0.542
-0.625
-0.682
-0.71
-0.379
-0.612
-0.584
-0.568
-0.426
-0.562
-0.502
-0.462
-0.381
-0.534
-0.627
-0.502
-0.461
-0.487
-0.563
-0.543
-0.535
-0.457
-0.541
-0.332
-0.494
-0.43
-0.385
-0.444
-0.475
-0.565
-0.539
-0.613
-0.513
-0.358
-0.558
-0.621
-0.517
-0.497
-0.525
-0.462
-0.421
-0.352
-0.485
-0.455
-0.601
-0.668
-0.584
-0.594
-0.531
-0.433
-0.341
-0.468
-0.305
-0.358
-0.695
-0.589
-0.506
-0.429
-0.383
-0.374
-0.31
-0.367
-0.337
-0.409
-0.532
-0.417
-0.324
-0.436
-0.356
-0.449
-0.534
-0.435
-0.427
-0.414
-0.331
-0.525
-0.467
-0.657
-0.461
-0.563
-0.472
-0.481
-0.502
-0.445
-0.498
-0.392
-0.548
-0.636
-0.63
-0.679
-0.397
-0.316
-0.458
-0.544
-0.34
-0.418
-0.359
-0.414
-0.335
-0.475
-0.478
-0.327
-0.322
-0.275
-0.336
-0.349
-0.317
-0.355
-0.33
-0.355
-0.221
-0.418
-0.307
-0.362
-0.45
-0.33
-0.526
-0.36
-0.406
-0.443
-0.464
-0.262
-0.357
-0.372
-0.421
-0.465
-0.264
-0.319
-0.431
-0.498
-0.326
-0.323
-0.356
-0.336
-0.343
-0.294
-0.235
-0.299
-0.39
-0.439
-0.351
-0.343
-0.544
-0.465
-0.275
-0.586
-0.363
-0.386
-0.519
-0.508
-0.512
-0.328
-0.234
-0.282
-0.466
-0.473
-0.46
-0.398
-0.406
-0.236
-0.58
-0.415
-0.446
-0.311
-0.416
-0.368
-0.317
-0.232
-0.362
-0.283
-0.32
-0.38
-0.313
-0.258
-0.364
-0.344
-0.385
-0.338
-0.224
-0.455
-0.386
-0.348
-0.352
-0.387
-0.561
-0.476
-0.386
-0.209
-0.254
-0.311
-0.34
-0.249
-0.212
-0.339
-0.241
-0.262
-0.303
-0.333
-0.347
-0.399
-0.431
-0.316
-0.395
-0.331
-0.174
-0.24
-0.334
-0.251
-0.358
-0.302
-0.223
-0.323
-0.29
-0.323
-0.373
