-491.139
-523.747
-492.555
-473.313
-438.461
-431.818
-464.428
-470.286
-444.226
-429.497
-451.381
-485.731
-513.336
-518.871
-502.706
-465.292
-500.565
-484.311
-497.346
-513.56
-471.168
-423.855
-483.112
-529.113
-442.782
-449.972
-471.775
-497.638
-478.274
-550.287
-520.405
-465.345
-502.886
-545.044
-499.105
-470.667
-487.002
-468.028
-487.921
-461.575
-514.089
-531.068
-496.945
-453.634
-442.525
-511.229
-489.136
-519.531
-442.815
-466.037
-477.913
-488.854
-447.644
-494.55
-508.159
-457.303
-482.357
-521.149
-430.714
-487.56
-497.251
-491.275
-529.121
-450.432
-489.114
-472.677
-509.325
-465.422
-468.22
-517.575
-500.545
-476.19
-431.641
-439.21
-517.874
-465.64
-450.264
-476.074
-510.117
-453.014
-485.246
-509.917
-463.991
-413.906
-495.118
-443.618
-467.522
-460.313
-441.451
-477.179
-468.202
-487.369
-423.999
-407.118
-476.527
-441.149
-487.779
-473.295
-466.555
-542.221
-453.038
-500.695
-408.425
-424.438
-453.013
-401.097
-431.503
-488.465
-451.03
-428.945
-419.793
-411.793
-413.081
-463.879
-501.741
-469.279
-493.004
-486.199
-485.886
-489.825
-495.458
-449.774
-489.266
-446.43
-414.345
-453.408
-501.677
-453.6
-456.352
-446.093
-471.821
-431.698
-495.463
-508.709
-474.742
-484.917
-451.622
-509.374
-463.631
-432.817
-411.27
-502.3
-475.871
-488.744
-466.271
-387.801
-470.607
-444.785
-484.495
-516.077
-466.886
-451.08
-358.8
-474.799
-435.72
-411.447
-446.301
-438.43
-473.714
-513.872
-477.014
-473.448
-439.904
-410.569
-445.327
-445.02
-513.525
-502.444
-485.945
-482.315
-490.262
-470.718
-446.923
-502.835
-522.291
-507.871
-479.615
-485.664
-548.578
-499.688
-500.058
-490.347
-493.639
-501.215
-490.378
-450.391
-460.921
-480.919
-455.915
-465.048
-498.734
-459.134
-472.571
-492.577
-489.79
-450.094
-466.246
-493.382
-484.81
-443.815
-486.409
