-0.222
-0.174
-0.18
-0.25
-0.226
-0.281
-0.292
-0.274
-0.229
-0.35
-0.229
-0.236
-0.46
-0.271
-0.333
-0.378
-0.23
-0.282
-0.202
-0.298
-0.222
-0.275
-0.413
-0.326
-0.305
-0.318
-0.293
-0.258
-0.265
-0.315
-0.345
-0.256
-0.229
-0.313
-0.255
-0.408
-0.427
-0.379
-0.411
-0.323
-0.284
-0.15
-0.268
-0.498
-0.375
-0.348
-0.352
-0.292
-0.406
-0.252
-0.324
-0.24
-0.343
-0.403
-0.42
-0.325
-0.249
-0.261
-0.325
-0.292
-0.358
-0.418
-0.454
-0.356
-0.308
-0.476
-0.374
-0.325
-0.246
-0.359
-0.39
-0.358
-0.341
-0.295
-0.382
-0.308
-0.308
-0.379
-0.287
-0.388
-0.366
-0.179
-0.254
-0.247
-0.423
-0.26
-0.202
-0.32
-0.336
-0.22
-0.226
-0.319
-0.36
-0.291
-0.284
-0.265
-0.206
-0.219
-0.281
-0.257
-0.251
-0.236
-0.161
-0.262
-0.294
-0.217
-0.216
-0.194
-0.232
-0.283
-0.328
-0.188
-0.205
-0.379
-0.256
-0.178
-0.527
-0.325
-0.285
-0.301
-0.364
-0.291
-0.226
-0.389
-0.21
-0.377
-0.34
-0.276
-0.328
-0.227
-0.294
-0.265
-0.23
-0.407
-0.318
-0.267
-0.243
-0.263
-0.304
-0.205
-0.203
-0.279
-0.265
-0.283
-0.344
-0.165
-0.274
-0.233
-0.151
-0.273
-0.214
-0.221
-0.242
-0.211
-0.221
-0.27
-0.311
-0.253
-0.38
-0.39
-0.168
-0.356
-0.302
-0.242
-0.252
-0.327
-0.298
-0.444
-0.222
-0.287
-0.258
-0.244
-0.305
-0.21
-0.299
-0.287
-0.379
-0.26
-0.359
-0.267
-0.347
-0.313
-0.316
-0.314
-0.191
-0.268
-0.328
-0.22
-0.315
-0.319
-0.295
-0.298
-0.238
-0.325
-0.303
-0.326
-0.263
-0.33
-0.269
-0.379
-0.245
