-80.47
-77.43
-74.47
-78.67
-79.53
-81.86
-76.63
-88.15
-85.73
-83.63
-81.45
-84.2
-82.3
-71.24
-77.18
-76.49
-77.67
-66.81
-75.16
-72.55
-78.25
-70.89
-62.57
-60.69
-68.39
-60.87
-68.43
-66.87
-79.33
-68.6
-67.11
-63.17
-57.99
-70.16
-75.35
-62.27
-62.86
-78.32
-71.26
-64.41
-67.89
-61.0
-64.85
-75.16
-84.46
-72.0
-70.1
-76.61
-74.43
-80.45
-74.85
-78.31
-71.82
-59.11
-64.02
-68.76
-74.7
-63.15
-72.7
-59.83
-62.4
-58.29
-64.32
-61.79
-78.02
-75.33
-67.47
-71.48
-71.26
-64.11
-73.54
-73.67
-65.61
-79.56
-74.82
-75.84
-73.79
-60.1
-71.5
-66.27
-73.41
-60.61
-71.7
-77.58
-83.06
-73.55
-74.21
-65.16
-77.85
-52.58
-61.21
-69.85
-73.48
-71.67
-70.59
-63.08
-67.81
-70.12
-62.26
-84.59
-67.67
-51.31
-61.74
-63.72
-71.52
-70.86
-74.56
-73.12
-86.03
-78.99
-69.55
-69.83
-72.93
-65.27
-66.61
-77.68
-69.64
-71.75
-74.55
-79.23
-75.72
-69.57
-79.22
-87.56
-80.55
-84.64
-92.41
-78.74
-76.75
-78.88
-72.12
-75.65
-68.33
-70.07
-69.9
-64.42
-77.48
-70.09
-68.86
-73.6
-73.51
-59.65
-75.84
-85.19
-81.25
-61.97
-72.43
-60.2
-70.35
-75.42
