-75.42
-66.62
-72.82
-73.38
-74.78
-78.77
-71.18
-74.1
-72.55
-67.89
-71.81
-75.11
-82.29
-77.74
-78.14
-79.24
-78.36
-77.32
-70.57
-82.58
-75.31
-77.13
-85.99
-76.86
-73.77
-76.75
-76.78
-76.96
-78.7
-83.93
-78.01
-84.49
-80.56
-80.59
-77.71
-86.37
-89.95
-87.9
-75.23
-71.98
-81.06
-82.26
-81.99
-81.05
-85.18
-81.96
-84.11
-77.74
-77.07
-75.66
-79.11
-75.9
-85.99
-80.94
-82.48
-85.66
-80.26
-80.32
-79.15
-77.93
-69.9
-84.61
-79.99
-73.86
-76.56
-72.33
-76.28
-72.6
-71.82
-77.61
-84.21
-70.05
-62.94
-59.82
-76.33
-66.57
-69.63
-67.87
-75.4
-72.09
-73.62
-70.19
-68.16
-75.36
-82.09
-62.47
-72.17
-73.41
-75.95
-66.17
-77.03
-80.63
-73.41
-72.04
-75.38
-72.06
-79.33
-80.38
-76.44
-82.36
-76.62
-85.36
-76.47
-72.79
-72.48
-77.16
-75.26
-72.18
-74.36
-72.58
-72.49
-59.26
-70.38
-75.32
-80.15
-72.09
-72.45
-73.12
-74.2
-70.47
-81.41
-68.31
-80.69
-74.05
-73.72
-74.77
-82.89
-72.97
-76.48
-69.34
-73.73
-71.95
-77.89
-74.11
-79.59
-71.75
-70.12
-73.23
-80.81
-61.6
-66.45
-80.56
-72.86
-73.18
-73.1
-74.89
-75.44
-77.57
-73.64
-77.73
-72.96
-73.69
-69.95
-69.99
-76.66
-68.85
-79.96
-76.86
-80.35
-76.69
-72.91
-68.2
-73.03
-67.98
-67.05
-81.35
-74.59
-73.26
-75.65
-80.14
-78.75
-80.28
-77.63
-79.93
-83.08
-84.45
-82.48
-86.37
-77.16
-79.96
-76.13
-81.64
-69.51
-80.16
-79.15
-73.54
-76.58
-72.96
-77.45
-73.02
-77.02
-67.79
-80.07
-74.48
-81.39
-67.75
-72.49
-72.47
-76.15
-74.05
-82.36
