-100.01
-111.2
-99.35
-91.92
-111.91
-109.04
-96.05
-104.54
-113.31
-98.71
-112.45
-108.59
-115.67
-149.41
-132.24
-127.02
-127.18
-128.22
-125.33
-119.41
-119.3
-117.45
-128.42
-111.9
-110.71
-114.23
-123.49
-115.67
-104.11
-113.26
-130.16
-113.3
-118.42
-106.66
-126.27
-101.71
-105.17
-109.89
-107.44
-110.06
-105.45
-98.77
-100.78
-130.52
-113.55
-108.54
-106.64
-103.47
-107.7
-119.33
-104.59
-98.81
-100.15
-106.99
-107.35
-114.8
-122.04
-125.61
-106.4
-101.78
-109.45
-119.46
-127.07
-121.63
-129.61
-115.73
-117.63
-112.74
-117.86
-132.13
-125.3
-119.32
-123.77
-122.41
-122.19
-111.42
-117.51
-115.61
-106.87
-114.78
-113.51
-100.12
-101.39
-103.84
-114.63
-107.38
-117.39
-117.41
-106.81
-127.48
-125.52
-109.55
-112.39
-114.73
-120.21
-91.6
-121.53
-108.08
-107.9
-93.5
-92.55
-105.21
-95.87
-101.39
-112.11
-104.94
-109.94
-104.62
-104.42
-114.05
-106.86
-125.62
-119.78
-110.17
-113.3
-102.48
-115.2
-107.74
-109.71
-115.87
-109.71
-113.29
-99.87
-104.74
-119.56
-113.09
-121.5
-96.89
-92.75
-107.38
-96.41
-111.53
-113.55
-101.68
-103.51
-116.24
-115.32
-112.17
-117.99
-115.63
-111.47
-110.63
-103.3
-110.33
-116.23
-108.77
-89.77
-96.55
-104.98
-97.21
