-0.362
-0.449
-0.302
-0.234
-0.372
-0.185
-0.638
-0.434
-0.39
-0.516
-0.35
-0.401
-0.467
-0.445
-0.269
-0.507
-0.362
-0.347
-0.311
-0.413
-0.49
-0.421
-0.169
-0.488
-0.535
-0.509
-0.482
-0.517
-0.29
-0.351
-0.386
-0.595
-0.636
-0.547
-0.442
-0.478
-0.406
-0.502
-0.479
-0.524
-0.566
-0.446
-0.519
-0.432
-0.397
-0.388
-0.521
-0.419
-0.345
-0.358
-0.47
-0.397
-0.43
-0.443
-0.618
-0.468
-0.424
-0.553
-0.403
-0.403
-0.293
-0.444
-0.532
-0.241
-0.379
-0.564
-0.473
-0.503
-0.456
-0.392
-0.325
-0.319
-0.385
-0.346
-0.412
-0.307
-0.409
-0.432
-0.346
-0.324
-0.4
-0.26
-0.395
-0.469
-0.548
-0.386
-0.43
-0.446
-0.455
-0.564
-0.356
-0.426
-0.374
-0.542
-0.523
-0.531
-0.35
-0.388
-0.386
-0.517
-0.542
-0.591
-0.423
-0.422
-0.425
-0.684
-0.33
-0.617
-0.439
-0.501
-0.533
-0.451
-0.519
-0.512
-0.515
-0.539
-0.227
-0.345
-0.265
-0.448
-0.655
-0.506
-0.553
-0.617
-0.533
-0.476
-0.403
-0.461
-0.399
-0.458
-0.306
-0.448
-0.84
-0.511
-0.508
-0.506
-0.631
-0.462
-0.573
-0.655
-0.527
-0.441
-0.509
-0.659
-0.477
-0.508
-0.472
-0.525
-0.496
-0.225
-0.384
-0.443
-0.383
-0.492
-0.609
-0.318
-0.476
-0.329
-0.28
-0.362
-0.3
-0.441
-0.432
-0.563
-0.48
-0.328
-0.528
-0.376
-0.45
-0.367
-0.441
-0.43
-0.519
-0.621
-0.382
-0.524
-0.512
-0.454
-0.429
-0.496
-0.694
-0.457
-0.433
-0.492
-0.555
-0.521
-0.296
-0.34
-0.52
-0.474
-0.648
-0.246
-0.335
-0.371
-0.538
-0.28
-0.5
-0.509
-0.453
-0.377
-0.499
-0.389
-0.269
-0.404
-0.33
-0.407
-0.317
-0.369
-0.349
-0.424
-0.103
-0.325
-0.368
-0.256
-0.193
-0.375
-0.357
-0.2
-0.32
-0.295
-0.329
-0.336
-0.45
-0.447
-0.363
-0.21
-0.42
-0.331
-0.114
-0.223
-0.308
-0.333
-0.415
-0.294
-0.261
-0.308
-0.257
-0.367
-0.546
-0.505
-0.473
-0.439
-0.507
-0.375
-0.349
-0.358
-0.493
-0.465
-0.493
-0.4
-0.47
-0.338
-0.484
-0.325
-0.607
-0.317
-0.302
-0.372
-0.38
-0.312
-0.293
-0.437
-0.373
-0.5
-0.467
-0.528
-0.4
-0.278
-0.383
-0.361
-0.262
-0.387
-0.489
-0.336
-0.425
-0.539
-0.481
-0.345
-0.444
-0.456
-0.38
-0.331
-0.527
-0.348
-0.458
-0.291
-0.399
-0.418
-0.527
-0.395
-0.439
-0.466
-0.421
-0.508
-0.265
-0.402
-0.468
-0.444
-0.422
-0.45
-0.386
-0.317
-0.375
-0.361
-0.236
-0.404
-0.465
-0.229
-0.418
-0.332
-0.311
-0.379
-0.272
-0.38
-0.327
-0.336
-0.352
-0.438
-0.367
-0.46
-0.431
-0.361
-0.288
-0.352
-0.308
-0.381
-0.427
-0.355
-0.277
-0.314
-0.37
-0.32
-0.352
-0.42
-0.299
-0.29
-0.3
-0.32
-0.316
-0.641
-0.355
-0.253
-0.323
-0.417
-0.461
-0.436
-0.355
-0.366
-0.416
-0.451
-0.344
-0.428
-0.379
-0.348
-0.264
-0.325
-0.432
-0.333
-0.483
-0.437
-0.338
-0.44
-0.512
-0.389
-0.412
-0.453
-0.419
-0.508
-0.389
-0.39
-0.423
-0.35
-0.503
-0.392
-0.377
-0.513
-0.49
-0.531
-0.325
-0.52
-0.442
-0.27
-0.396
-0.378
-0.462
-0.513
-0.383
-0.204
-0.353
-0.312
-0.412
-0.509
-0.4
-0.395
-0.174
-0.353
-0.358
-0.459
-0.514
-0.353
-0.557
-0.383
-0.419
-0.472
-0.648
-0.507
-0.382
-0.45
-0.434
-0.38
-0.584
-0.436
-0.386
-0.32
-0.529
-0.553
-0.538
-0.3
-0.48
-0.454
-0.479
-0.273
-0.501
-0.537
-0.36
-0.399
-0.331
-0.508
-0.274
-0.233
-0.292
-0.262
-0.32
-0.346
-0.469
-0.356
-0.337
-0.277
-0.382
-0.305
-0.31
-0.48
-0.517
-0.322
-0.54
-0.456
-0.351
-0.478
-0.38
-0.309
-0.543
