-722.194
-718.853
-725.453
-658.805
-742.654
-659.202
-699.793
-719.782
-681.332
-727.501
-678.597
-724.53
-652.725
-649.423
-669.934
-765.457
-737.772
-700.622
-688.931
-720.91
-727.313
-720.494
-667.402
-776.483
-760.08
-726.509
-686.824
-735.94
-687.287
-693.404
-689.074
-738.812
-722.627
-671.78
-601.314
-659.452
-688.422
-699.636
-707.489
-655.73
-692.007
-686.172
-738.66
-650.246
-702.16
-646.385
-698.378
-699.925
-678.555
-693.512
-664.639
-704.447
-603.129
-680.86
-686.867
-685.802
-654.283
-696.69
-685.1
-673.575
-679.798
-759.588
-787.378
-819.74
-776.314
-755.406
-814.752
-775.843
-753.166
-730.056
-744.685
-729.971
-755.764
-748.051
-687.495
-737.478
-735.96
-739.19
-665.458
-721.108
-734.877
-695.53
-710.339
-708.105
-727.215
-646.393
-726.388
-705.036
-692.229
-702.729
-673.612
-733.861
-656.132
-765.068
-727.539
-713.146
-656.532
-682.871
-687.046
-762.122
-727.565
-737.309
-713.229
-760.076
-750.979
-735.374
-729.791
-783.348
-722.675
-719.209
-753.033
-737.618
-725.449
-722.319
-773.344
-723.379
-709.188
-718.196
-707.107
-755.111
-749.111
-698.504
-754.526
-750.834
-736.915
-704.808
-662.942
-675.407
-657.978
-705.503
-683.569
-692.436
-752.36
-742.867
-747.044
-723.58
-698.433
-742.937
-678.961
-708.332
-691.629
-673.986
-650.171
-695.33
-675.203
-661.34
-701.174
-672.062
-678.732
-612.952
-576.668
-636.479
-588.431
-652.637
-656.81
-652.697
-660.717
-622.405
-635.882
-616.166
-684.645
-709.283
-676.22
-711.817
-682.096
-666.467
-714.947
-699.251
-673.994
-667.887
-687.361
-683.568
-661.882
-688.741
-703.456
-693.405
-710.447
-672.994
-681.666
-679.355
-659.787
-670.22
-744.908
-647.758
-669.707
-672.297
-636.93
-673.115
-693.296
-687.074
-681.619
-671.889
-667.533
-683.787
-717.752
-666.487
-637.966
-652.108
-645.388
-617.605
-643.645
-602.454
-640.017
-658.754
-619.128
-685.331
-645.758
-642.036
-667.849
-641.544
-598.065
-589.487
-611.321
-587.934
-604.908
-601.782
-571.591
-592.529
-578.036
-596.176
-616.075
-568.293
-607.452
-578.992
-557.036
-546.734
-594.624
-580.454
-541.688
-597.155
-552.024
-601.959
-609.744
-637.172
-634.886
-638.994
-666.36
-615.992
-601.433
-634.717
-626.26
-627.671
-645.709
-607.811
-655.125
-626.546
-610.218
-653.796
-663.449
-666.578
-689.204
-635.416
-641.72
-672.885
-695.284
-671.769
-692.664
-644.811
-674.652
-699.019
-667.173
-668.062
-685.476
-634.127
-662.749
-666.436
-615.666
-663.151
-646.265
-697.077
-620.315
-663.113
-658.589
-619.661
-629.843
-653.577
-654.521
-624.434
-640.698
-668.368
-595.277
-654.411
-632.459
-610.539
-556.887
-585.764
-571.278
-641.798
-693.41
-627.441
-625.051
-602.051
-569.258
-635.483
-595.97
-632.518
-597.528
-580.152
-563.882
-587.079
-624.556
-618.521
-571.784
-621.224
-627.683
-656.104
-732.725
-599.184
-618.894
-636.242
-661.8
-640.76
-634.205
-644.02
-612.158
-646.52
-642.019
-677.947
-613.814
-582.768
-658.988
-646.196
-596.006
-618.181
-616.888
-642.918
-625.615
-655.011
-619.236
-633.218
-642.089
-587.139
-656.7
-655.715
-698.242
-628.34
-629.745
-622.668
-670.386
-638.674
-642.231
-634.284
-645.861
-706.939
-628.997
-647.128
-648.917
-669.063
-674.542
-577.746
-664.76
-674.53
-580.966
-664.581
-637.696
-610.864
-674.283
-751.026
-642.022
-683.677
-597.286
-683.101
-700.472
-666.356
-665.258
-685.284
-681.764
-673.223
-725.749
-672.253
-698.164
-676.029
-682.905
-654.11
-613.207
-678.679
-665.455
-709.926
-726.744
-717.341
-713.868
-669.831
-724.451
-647.534
-675.568
-705.379
-683.606
-699.541
-684.433
-651.999
-696.909
-744.467
-690.45
-729.864
-712.804
-740.769
-731.567
-764.833
-777.412
-732.75
-685.487
-702.346
-689.466
-744.996
-720.481
-661.653
-752.884
-748.92
-713.329
-773.452
-694.598
-722.005
-679.528
-697.652
-706.57
-699.984
-686.35
-675.492
-661.531
-629.212
-707.7
-635.41
-690.39
-705.848
-704.762
-667.218
-649.861
-734.867
-705.267
-672.018
-708.936
-659.365
-558.928
-629.507
-663.901
-623.62
-627.153
-570.585
-570.647
-617.139
-624.96
-665.012
-620.236
-647.928
-624.209
-647.33
-610.97
-671.11
-607.567
-638.798
-690.134
