-109.99
-106.83
-108.45
-102.14
-113.18
-104.6
-110.75
-117.03
-95.02
-114.78
-104.41
-100.83
-106.55
-107.95
-103.56
-113.75
-112.98
-100.55
-96.3
-118.14
-120.67
-111.55
-102.93
-117.94
-122.44
-104.54
-115.8
-102.34
-118.46
-108.16
-112.91
-109.39
-108.25
-102.18
-92.37
-103.85
-101.88
-102.59
-109.9
-98.25
-109.67
-103.86
-108.27
-109.51
-103.26
-104.01
-106.75
-100.1
-110.41
-108.1
-96.8
-97.53
-105.42
-100.7
-107.91
-104.27
-99.19
-105.82
-106.12
-98.01
-112.57
-110.72
-115.85
-127.72
-115.8
-116.43
-110.96
-123.62
-110.9
-114.58
-114.65
-115.47
-123.45
-105.18
-108.96
-108.6
-121.49
-115.61
-110.87
-115.03
-115.48
-109.01
-116.64
-115.03
-110.86
-106.01
-112.84
-102.16
-96.95
-108.25
-105.04
-101.42
-108.11
-100.09
-104.86
-105.8
-112.11
-91.43
-108.59
-109.82
-111.19
-101.95
-101.76
-105.9
-103.9
-116.46
-107.51
-113.58
-106.84
-103.54
-105.32
-109.99
-121.02
-117.39
-105.17
-115.03
-106.09
-113.37
-104.47
-115.12
-105.66
-115.1
-113.89
-104.14
-114.45
-98.72
-105.62
-103.29
-98.0
-103.56
-109.12
-100.9
-107.56
-94.92
-106.96
-111.2
-109.9
-107.21
-110.54
-116.84
-114.82
-98.07
-108.72
-108.43
-112.48
-107.85
-109.71
-107.23
-96.63
-96.23
-92.66
-105.82
-94.9
-105.76
-102.06
-108.15
-98.77
-96.67
-99.08
-103.34
-102.63
-112.19
-105.35
-105.38
-99.65
-103.22
-107.28
-103.31
-98.05
-102.95
-98.96
-111.2
-96.18
-94.26
-107.8
-111.23
-101.65
-99.6
-101.41
-106.22
-100.23
-108.06
-95.44
-92.26
-93.8
-106.93
-102.86
-104.9
-98.93
-108.34
-111.39
-102.83
-93.8
-106.62
-108.82
-105.37
-94.83
-97.54
-95.22
-98.96
-98.99
-97.45
-104.33
-104.19
-96.74
-105.37
-95.43
-106.25
-100.27
-111.06
-106.36
-99.18
-105.38
-96.84
-97.33
-92.53
-94.93
-94.36
-99.05
-92.99
-91.58
-95.59
-96.23
-97.54
-89.23
-87.02
-96.11
-86.51
-82.68
-93.82
-76.5
-93.49
-96.88
-102.3
-101.56
-102.81
-109.71
-104.75
-101.46
-96.51
-101.28
-105.84
-98.17
-101.67
-103.42
-91.34
-85.66
-99.62
-105.32
-110.77
-114.47
-106.96
-100.82
-103.76
-107.23
-107.66
-99.68
-99.16
-101.55
-109.1
-95.63
-92.93
-97.35
-100.83
-102.68
-98.82
-100.62
-92.09
-104.63
-98.73
-92.37
-103.74
-103.1
-98.94
-100.16
-97.21
-103.79
-90.62
-87.81
-94.02
-92.46
-84.74
-97.4
-86.81
-84.35
-90.8
-85.12
-103.57
-112.42
-95.24
-104.25
-98.01
-89.43
-110.02
-98.35
-95.66
-91.22
-98.38
-92.75
-91.08
-96.93
-93.12
-95.47
-100.51
-94.31
-95.97
-101.1
-96.48
-94.03
-85.34
-93.71
-96.38
-93.34
-92.19
-86.93
-97.56
-100.65
-98.04
-91.55
-95.25
-99.29
-90.9
-93.12
-97.58
-91.66
-100.18
-91.37
-93.72
-92.76
-99.05
-96.6
-95.94
-98.06
-100.55
-96.06
-95.18
-96.28
-101.35
-96.69
-101.98
-90.36
-94.23
-100.08
-103.98
-99.4
-98.45
-99.64
-96.94
-98.08
-91.52
-102.46
-96.1
-92.64
-89.79
-96.32
-94.94
-90.48
-104.29
-96.76
-103.36
-99.71
-111.49
-107.96
-103.25
-102.01
-98.56
-104.53
-100.03
-86.97
-98.89
-104.78
-95.76
-96.47
-93.58
-83.79
-100.74
-99.75
-102.27
-102.39
-111.07
-97.41
-100.29
-95.95
-92.53
-106.15
-98.9
-101.18
-95.86
-103.15
-94.9
-100.44
-103.47
-101.34
-103.43
-110.98
-99.38
-104.41
-110.8
-119.09
-107.94
-106.37
-102.67
-110.8
-114.45
-110.14
-104.83
-105.79
-103.7
-110.31
-109.0
-107.59
-93.39
-112.07
-92.74
-106.0
-105.79
-103.88
-105.18
-106.59
-103.32
-96.3
-85.28
-99.78
-106.01
-100.63
-94.79
-93.24
-110.22
-87.36
-96.06
-103.37
-93.6
-85.67
-86.21
-98.41
-95.74
-89.06
-83.21
-99.51
-96.97
-104.67
-102.68
-89.12
-97.83
-104.55
-99.01
-91.7
-94.76
-91.6
-90.85
-104.65
