-0.727
-0.802
-0.711
-0.712
-0.835
-0.875
-0.725
-0.74
-0.828
-0.785
-0.774
-0.948
-0.986
-0.801
-1.003
-0.815
-0.876
-0.812
-0.744
-0.842
-0.685
-0.949
-0.907
-0.85
-0.804
-0.917
-0.646
-0.863
-1.118
-0.859
-1.196
-1.041
-0.951
-0.705
-0.952
-0.799
-1.103
-1.011
-0.829
-0.826
-0.844
-0.826
-1.025
-0.99
-1.098
-0.921
-0.915
-0.965
-0.934
-0.826
-0.942
-0.803
-0.936
-0.829
-0.976
-0.789
-0.865
-0.701
-0.774
-0.902
-0.803
-0.832
-0.791
-1.032
-0.906
-0.83
-0.896
-0.914
-0.921
-0.917
-0.835
-0.801
-0.864
-0.846
-0.941
-1.111
-0.826
-0.93
-0.824
-0.833
-0.87
-0.936
-0.589
-0.811
-0.708
-0.944
-0.833
-0.791
-0.834
-1.093
-1.052
-0.887
-0.833
-0.895
-0.98
-1.015
-0.971
-0.886
-0.971
-0.962
-0.753
-1.036
-0.813
-0.775
-0.906
-0.924
-0.749
-0.917
-0.986
-0.766
-0.997
-0.834
-0.813
-0.929
-0.978
-1.052
-0.951
-1.03
-1.015
-0.945
-1.088
-0.971
-1.018
-0.921
-1.003
-1.06
-1.297
-0.802
-0.877
-0.899
-0.814
-0.929
-1.065
-0.753
-0.879
-0.972
-0.891
-1.094
-0.926
-1.0
-0.961
-1.1
-0.858
-0.877
-0.928
-0.94
-0.929
-0.832
-1.05
-0.938
-0.871
-1.021
-0.805
-0.72
-0.984
-0.943
-0.792
-0.759
-0.816
-0.795
-0.71
-0.722
-0.659
-0.719
-0.817
-0.751
-0.731
-0.891
-0.828
-0.904
-0.756
-0.849
-0.829
-0.992
-1.083
-0.605
-1.058
-0.875
-0.781
-0.711
-0.997
-1.021
-0.823
-0.88
-0.708
-0.776
-0.769
-0.659
-0.909
-0.82
-0.763
-0.825
-0.869
-0.864
-0.942
-0.569
-0.566
-0.913
-0.739
-0.793
-0.762
-0.735
-0.78
-0.73
-0.817
-0.752
-0.687
-0.972
-0.81
-0.885
-0.871
-0.864
-0.813
-0.932
-0.913
-0.889
-0.843
-0.902
-0.732
-0.783
-0.908
-0.797
-0.906
-0.696
-0.767
-0.885
-0.923
-0.767
-0.744
-0.927
-0.939
-0.624
-0.599
-0.827
-0.517
-0.867
-0.82
-0.686
-0.722
-0.671
-0.819
-0.789
-0.703
-0.917
-0.818
-0.795
-0.824
-0.832
-0.67
-0.727
-0.766
-0.843
-0.784
-0.936
-0.9
-0.869
-0.845
-1.046
-0.815
-0.894
-0.847
-0.88
-0.996
-0.724
-0.973
-0.988
-0.881
-0.855
-0.861
-0.916
-0.713
-0.831
-1.231
-0.904
-0.786
-0.937
-0.845
-0.983
-0.76
-0.862
-0.804
-0.94
-0.782
-0.78
-0.701
-0.796
-0.889
-0.826
-0.584
-0.834
-0.729
-0.761
-0.668
-0.502
-0.622
-0.916
-0.899
-0.642
-0.764
-0.833
-0.698
-0.836
-0.818
-0.684
-0.475
-0.813
-0.91
-0.631
-0.851
-0.661
-0.91
-0.685
-0.789
-0.769
-0.984
-0.642
-0.759
-0.926
-1.034
-0.873
-1.048
-0.951
-0.731
-0.73
-0.727
-0.62
-0.762
-0.781
-0.934
-0.691
-0.761
-0.692
-0.704
-0.837
-0.746
-0.802
-0.734
-0.79
-0.769
-0.628
-0.658
-0.829
-0.75
-0.838
-0.544
-0.776
-0.769
-0.761
-0.928
-0.762
-0.649
-0.776
-0.811
-0.531
-0.885
-0.849
-0.749
-0.605
-0.6
-0.933
-0.794
-0.876
-0.85
-0.749
-0.74
-0.757
-0.706
-0.647
-0.723
-0.819
-0.89
-0.508
-0.838
-0.75
-0.655
-0.584
-0.935
-0.719
-0.682
-0.768
-0.795
-0.842
-0.752
-0.752
-0.957
-0.837
-0.993
-0.862
-0.845
-0.622
-0.719
-0.541
-0.657
-0.809
-0.74
-0.771
-0.801
-0.807
-0.782
-0.692
-0.831
-0.794
-0.558
-0.824
-0.751
-0.981
-0.626
-0.738
-0.747
-0.698
-0.777
-0.934
-0.897
-0.915
-0.662
-0.784
-0.936
-0.806
-0.896
-0.715
-0.908
-0.736
-0.805
-0.671
-0.758
-0.657
-0.779
-0.742
-0.766
-0.834
-0.63
-0.88
-0.768
-0.817
-0.799
-0.784
-0.861
-0.788
-0.61
-0.741
-0.771
-0.833
-0.948
-0.812
-0.887
-0.88
-0.895
-0.831
-0.999
-0.783
-0.959
