-138.96
-149.9
-133.68
-131.94
-113.94
-125.15
-119.5
-122.13
-141.17
-124.31
-131.4
-148.51
-139.42
-127.56
-132.08
-126.9
-134.01
-131.82
-148.32
-139.46
-119.18
-113.68
-135.18
-131.63
-142.03
-147.66
-127.79
-119.17
-124.03
-118.27
-105.96
-108.67
-110.19
-125.25
-121.33
-110.13
-119.84
-113.01
-117.76
-130.06
-117.92
-139.28
-125.16
-114.32
-128.26
-126.3
-130.74
-132.39
-129.25
-111.25
-124.47
-121.82
-117.05
-109.65
-119.09
-128.0
-110.38
-122.91
-125.37
-125.65
-127.57
-118.66
-123.35
-116.35
-127.1
-126.73
-125.91
-130.89
-117.68
-117.17
-127.41
-124.96
-122.22
-135.03
-135.18
-125.87
-127.0
-112.4
-111.02
-124.73
-128.45
-115.81
-134.86
-109.77
-122.03
-113.86
-121.43
-124.8
-124.31
-135.21
-122.36
-125.24
-119.17
-125.93
-127.32
-123.69
-124.9
-141.47
-121.8
-125.22
-136.05
-123.61
-118.38
-121.51
-115.92
-125.83
-117.08
-113.76
-122.62
-133.05
-133.68
-119.63
-125.98
-133.94
-132.65
-130.81
-129.14
-122.34
-117.48
-128.14
-125.35
-126.66
-135.5
-136.47
-143.77
-137.43
-138.2
-131.42
-124.38
-122.04
-112.18
-127.43
-107.61
-106.94
-112.53
-122.34
-112.87
-113.15
-118.2
-112.79
-113.4
-117.01
-117.52
-111.17
-106.77
-119.93
-115.6
-129.41
-130.43
-121.95
