-101.32
-105.67
-102.3
-106.32
-101.0
-114.09
-104.84
-103.6
-105.57
-99.15
-112.06
-107.82
-108.66
-96.96
-115.01
-111.53
-116.45
-106.17
-103.97
-107.55
-96.38
-101.25
-105.75
-107.63
-105.82
-119.25
-106.16
-121.76
-111.55
-109.56
-114.57
-108.32
-109.19
-117.88
-110.15
-106.13
-100.29
-116.63
-109.31
-118.71
-113.89
-110.72
-121.13
-110.63
-113.35
-117.48
-119.49
-111.34
-115.41
-116.02
-118.18
-114.21
-101.24
-119.38
-117.72
-109.63
-108.71
-110.73
-118.92
-114.59
-110.29
-113.16
-104.65
-104.07
-118.69
-105.04
-109.79
-102.0
-116.18
-113.67
-104.43
-93.66
-118.4
-109.04
-118.55
-123.93
-100.84
-102.85
-99.84
-99.73
-87.85
-99.54
-97.15
-96.61
-104.28
-98.69
-102.25
-89.31
-96.78
-106.1
-105.98
-110.64
-98.01
-96.11
-99.22
-100.18
-108.26
-103.7
-103.28
-108.41
-103.04
-117.66
-107.81
-108.3
-94.14
-97.05
-93.38
-97.53
-112.78
-101.67
-103.54
-94.39
-106.94
-111.29
-122.95
-111.19
-109.71
-109.95
-110.46
-114.96
-105.73
-106.48
-115.11
-112.63
-119.42
-113.86
-117.72
-103.1
-103.3
-100.11
-113.19
-110.14
-109.89
-101.87
-101.08
-99.66
-111.89
-111.54
-107.15
-110.46
-107.16
-106.98
-105.95
-99.13
-98.05
-104.51
-98.04
-99.14
-108.08
-98.34
-117.5
-107.56
-104.47
-113.17
-109.85
-109.23
-111.96
-107.67
-103.78
-108.97
-102.21
-95.16
-93.49
-107.97
-122.92
-117.57
-113.32
-100.2
-95.41
-100.76
-105.52
-113.84
-117.42
-114.26
-119.92
-99.11
-118.19
-98.97
-103.43
-89.38
-99.32
-103.89
-92.95
-96.28
-103.83
-102.04
-109.49
-105.57
-92.33
-98.64
-104.54
-90.12
-101.92
-102.4
-104.35
-100.43
-105.93
-91.59
-120.25
-95.6
-103.18
-117.0
-108.84
-111.85
-108.63
-106.17
-106.76
-119.48
-116.14
-102.05
-101.53
-113.47
-107.54
-109.56
-108.91
-112.84
-114.58
-112.0
-110.85
-102.99
-111.78
-102.11
-114.44
-104.53
-108.82
-104.28
-105.31
-96.71
-111.29
-107.36
-103.67
-108.91
-96.33
-101.42
-95.64
-106.99
-101.82
-97.39
-90.41
-97.44
-107.71
-96.65
-102.8
-96.89
-110.14
-93.24
-105.72
-110.87
-105.03
-100.8
-108.58
-99.43
-103.08
-111.5
-109.76
-107.07
-101.13
-105.75
-102.33
-106.87
-99.92
-103.53
-111.41
-110.85
-108.49
-107.62
-104.79
-108.55
-106.74
-111.88
-104.69
-113.82
-113.47
-96.14
-109.93
-117.92
-117.56
-115.9
-120.37
-119.91
-121.8
-114.09
-109.48
-100.64
-106.73
-105.36
-115.66
-119.16
-110.36
-117.26
-109.41
-120.78
-117.7
-111.72
-109.95
-113.1
-113.96
-108.14
-106.26
-124.79
-115.09
-109.55
-118.43
-115.93
-113.27
-113.83
-128.55
-106.2
-108.19
-114.85
-113.04
-110.97
-103.02
-107.23
-109.24
-104.38
-112.94
-110.73
-117.39
-108.64
-112.65
-107.47
-116.79
-103.56
-118.98
-115.79
-116.48
-120.51
-113.48
-116.68
-106.03
-109.81
-110.78
-113.2
-106.84
-98.22
-100.09
-103.91
-97.5
-103.39
-95.64
-104.71
-101.08
-108.48
-97.07
-94.64
-95.67
-103.6
-100.44
-106.69
-98.95
-100.19
-92.42
-97.58
-90.41
-97.56
-105.72
-117.1
-109.83
-106.05
-115.1
-112.04
-105.88
-114.23
-106.85
-105.47
-109.09
-108.45
-103.54
-101.95
-107.82
-101.83
-103.98
-107.64
-111.86
-111.65
-108.63
-105.12
-116.98
-111.89
-103.08
-116.24
-108.05
-123.0
-114.02
-106.23
-113.17
-108.99
-113.28
-106.76
-103.61
-99.27
-102.34
-107.63
-108.9
-104.47
-117.17
-111.9
-114.92
-109.02
-105.88
-114.96
-112.56
-115.35
-113.15
-109.66
-112.7
-110.76
-111.99
-105.27
-112.86
-108.64
-102.08
-111.69
-113.34
-111.37
-118.23
-113.77
-114.05
-115.32
-116.89
-117.99
-119.14
-109.47
-112.58
-120.95
-121.27
-110.26
-108.66
-127.08
-113.22
-109.02
-104.16
-97.32
-123.04
-102.4
-110.36
-112.32
-112.65
-123.77
-120.7
-131.13
-117.77
-115.97
-119.87
-121.06
-121.54
-112.69
-123.25
-122.92
-123.07
