-746.161
-810.834
-779.137
-760.028
-812.212
-802.412
-815.132
-837.427
-777.824
-790.973
-748.254
-763.597
-775.48
-786.126
-789.714
-803.97
-826.727
-795.19
-775.538
-817.042
-763.621
-770.249
-770.973
-766.413
-786.772
-817.647
-835.2
-792.573
-869.296
-830.283
-874.081
-869.323
-869.579
-792.008
-862.2
-809.154
-811.895
-776.131
-827.848
-813.0
-823.423
-833.133
-803.288
-860.563
-858.266
-848.124
-871.201
-821.992
-771.731
-834.994
-815.916
-835.933
-829.324
-742.869
-760.007
-808.574
-781.177
-826.302
-870.1
-817.136
-813.526
-870.432
-856.749
-867.251
-812.535
-847.247
-831.136
-849.427
-824.555
-786.239
-806.555
-800.523
-848.798
-801.985
-826.004
-841.869
-826.61
-761.504
-779.304
-763.441
-714.81
-761.737
-715.433
-806.649
-743.241
-762.101
-784.085
-758.829
-774.899
-769.975
-804.139
-779.958
-768.72
-773.048
-791.956
-806.527
-797.095
-819.578
-807.501
-806.41
-805.881
-786.873
-842.842
-741.344
-797.963
-831.558
-755.9
-806.811
-763.384
-829.611
-791.4
-799.357
-790.449
-811.594
-817.479
-829.622
-808.258
-838.023
-811.072
-872.632
-843.118
-804.206
-789.168
-787.173
-851.923
-842.042
-848.378
-780.579
-795.991
-839.435
-786.908
-800.617
-854.484
-782.697
-791.252
-810.23
-812.172
-887.866
-780.806
-846.684
-783.033
-770.279
-762.969
-804.046
-738.574
-778.453
-791.315
-817.193
-803.913
-786.588
-830.699
-801.856
-805.447
-768.638
-781.304
-804.083
-817.023
-751.732
-782.68
-773.559
-850.256
-789.301
-789.661
-775.347
-821.085
-838.283
-826.019
-833.553
-797.846
-727.66
-768.653
-808.025
-787.481
-832.217
-852.904
-822.193
-830.541
-860.069
-790.323
-814.323
-729.331
-798.932
-736.665
-763.206
-748.17
-773.997
-810.426
-741.53
-758.894
-775.441
-706.997
-761.796
-732.367
-759.073
-738.559
-757.749
-737.309
-773.312
-737.623
-752.052
-757.199
-781.324
-765.753
-780.696
-723.097
-758.572
-781.101
-821.151
-762.127
-810.938
-767.244
-754.608
-784.392
-780.975
-772.572
-802.934
-743.715
-748.949
-779.689
-778.051
-799.957
-802.498
-787.6
-791.869
-800.028
-803.687
-778.819
-780.867
-768.863
-777.311
-771.958
-742.803
-761.308
-791.835
-782.352
-753.563
-774.893
-755.835
-760.752
-760.776
-769.152
-762.126
-758.913
-812.793
-812.659
-806.477
-840.939
-796.959
-763.459
-750.566
-761.564
-809.416
-823.287
-822.44
-833.138
-832.744
-808.141
-851.963
-820.152
-849.253
-741.379
-811.158
-787.359
-797.354
-781.757
-828.312
-869.01
-825.404
-821.926
-817.968
-806.754
-825.447
-864.46
-881.676
-849.66
-880.761
-848.463
-869.012
-867.198
-859.447
-851.923
-863.088
-792.629
-815.594
-784.002
-778.492
-813.439
-836.533
-803.189
-810.726
-844.352
-812.142
-834.151
-843.251
-786.611
-833.389
-804.117
-791.708
-767.037
-842.076
-808.817
-830.604
-844.528
-828.048
-783.727
-788.388
-752.697
-846.016
-858.471
-827.752
-843.005
-830.316
-837.623
-808.154
-858.168
-822.854
-831.344
-842.622
-787.595
-826.073
-861.57
-803.635
-852.986
-818.857
-835.474
-818.635
-854.348
-815.691
-846.909
-808.537
-799.725
-821.645
-863.453
-842.218
-850.226
-799.226
-841.041
-833.952
-798.712
-819.794
-766.857
-796.869
-802.702
-799.037
-799.663
-804.354
-820.963
-766.611
-880.321
-834.276
-821.279
-812.845
-833.478
-779.672
-826.117
-790.82
-801.361
-868.734
-845.152
-750.78
-828.462
-817.825
-822.33
-822.039
-770.978
-783.219
-773.092
-795.031
-823.384
-802.036
-813.884
-784.534
-779.053
-776.947
-829.163
-742.09
-782.928
-793.481
-762.003
-760.751
-774.546
-849.547
-803.19
-839.309
-798.916
-804.119
-789.117
-765.933
-851.697
-770.768
-792.907
-780.994
-800.784
-819.943
-803.114
-837.349
-827.519
-760.162
-831.064
-824.113
-786.177
-822.768
-848.801
-863.845
-787.192
-863.9
-849.091
-818.222
-839.171
-800.316
-834.983
-812.322
-829.129
-797.406
-844.899
-833.456
-785.744
-772.405
-807.699
-820.502
-833.127
-861.545
-816.641
-805.233
-822.579
-839.402
-801.313
-832.27
-832.246
-808.117
-805.814
-815.56
-808.862
-837.022
-776.58
-824.297
-795.403
-817.673
-809.201
-815.855
-818.424
-836.234
-781.898
-788.313
-848.029
-864.786
-810.485
-805.536
-861.744
-839.619
-812.276
