-118.4
-126.96
-107.21
-116.32
-128.18
-120.11
-114.63
-119.36
-104.71
-113.81
-129.01
-116.74
-119.94
-125.84
-117.56
-115.04
-109.06
-124.07
-119.55
-117.2
-115.86
-122.77
-116.46
-121.9
-123.65
-111.8
-119.71
-112.82
-113.05
-112.2
-121.99
-131.64
-130.33
-117.67
-123.5
-113.82
-128.35
-127.33
-121.14
-126.61
-122.53
-116.27
-109.84
-109.06
-114.15
-107.36
-109.5
-106.59
-110.69
-114.29
-119.57
-116.0
-110.7
-114.87
-106.17
-109.63
-108.95
-108.48
-122.62
-109.59
-103.29
-115.6
-110.91
-124.96
-118.75
-105.01
-103.7
-112.22
-104.21
-113.29
-110.13
-94.58
-104.95
-111.7
-106.52
-105.11
-104.03
-109.5
-104.98
-115.15
-107.6
-106.42
-114.82
-100.88
-116.5
-120.89
-114.86
-110.13
-115.16
-112.88
-112.29
-114.32
-117.8
-94.48
-113.66
-112.33
-121.18
-118.66
-115.64
-110.44
-117.0
-112.95
-114.59
-98.3
-100.44
-107.9
-103.29
-110.22
-122.14
-112.76
-97.56
-112.45
-93.47
-112.29
-106.13
-102.61
-105.56
-106.22
-100.93
-95.2
-110.46
-112.74
-109.16
-108.85
-106.02
-100.08
-102.75
-98.71
-110.11
-106.94
-101.04
-99.29
-94.52
-100.27
-98.61
-103.03
-112.23
-111.66
-111.25
-103.33
-102.84
-98.66
-91.43
-93.96
-111.32
-102.27
-105.79
-101.35
-102.37
-113.26
-99.4
-100.32
-107.29
-97.29
-100.24
-109.49
-107.89
-110.36
-106.17
-107.61
-99.76
-100.56
-95.0
-92.09
-93.22
-99.27
-105.95
-102.24
-97.2
-88.61
-90.63
-90.51
-104.82
-97.85
-96.43
-94.59
-94.59
-89.89
-93.89
-96.97
-93.27
-104.64
-96.83
-94.13
-96.16
-96.49
-93.24
-82.73
-95.31
-98.08
-86.92
-83.09
-101.54
-90.3
-92.32
-103.89
-96.69
-105.8
-92.29
-93.46
-105.89
-106.81
-113.29
-106.92
-108.46
-110.39
-114.97
-109.97
-109.79
-112.43
-101.86
-120.83
-115.55
-107.42
-113.48
-103.16
-126.22
-111.19
-103.74
-115.62
-113.31
-104.91
-103.39
-109.99
-96.07
-102.43
-114.78
-110.77
-116.18
-121.13
-123.37
-122.73
-127.48
-125.58
-119.76
-115.6
-126.91
-129.59
-122.17
-113.26
-109.92
-124.0
-127.22
-122.63
-115.63
-122.38
-124.49
-109.08
-117.61
-132.66
-128.47
-120.45
-118.38
-121.3
-120.22
-114.8
-123.91
-124.4
-127.4
-109.27
-116.68
-117.43
-113.25
-114.79
-119.28
-120.19
-115.04
-121.12
-121.76
-124.82
-116.62
-116.6
-118.38
-119.12
-110.87
-117.14
-112.15
-122.37
-99.01
-101.92
-104.99
-114.39
-112.52
-113.13
-109.72
-115.7
-111.96
-124.1
-118.41
-119.56
-121.9
-110.42
-112.01
-107.42
-113.64
-115.86
-113.08
-112.47
-116.65
-115.42
-104.4
-118.88
-113.15
-104.21
-110.35
-108.03
-116.03
-115.26
-105.51
-106.11
-108.99
-121.05
-109.65
-109.27
-105.25
-115.45
-107.32
-116.85
-115.83
-114.62
-122.13
-123.25
-118.05
-110.66
-106.09
-109.93
-121.9
-94.4
-106.96
-114.58
-116.41
-110.57
-105.56
-113.01
-113.78
-105.81
-122.71
-117.37
-114.12
-116.57
-121.97
-116.92
-116.2
-122.59
-112.01
-123.19
-113.61
-118.22
-114.09
-124.39
-121.5
-112.34
-124.83
-115.18
-114.56
-103.08
-107.21
-117.36
-113.33
-117.73
-111.37
-120.49
-104.01
-113.12
-95.7
-106.97
-109.77
-109.57
-107.57
-109.91
-112.99
-102.51
-124.92
-117.4
-114.99
-108.52
-113.56
-105.52
-105.85
-100.98
-111.25
-111.63
-105.96
-112.58
-110.6
-110.1
-119.9
-103.78
-105.49
-114.82
-107.12
-109.15
-112.18
-111.83
-109.57
-116.93
-104.43
-105.97
-100.2
-114.4
-105.0
-105.35
-103.09
-103.06
-116.33
-119.91
-118.29
-112.94
-118.36
-116.78
-109.81
-107.06
-106.39
-108.0
-108.08
-103.28
-117.41
-108.76
-115.67
-120.2
-110.06
-107.42
-105.37
-109.94
-118.37
-118.24
-115.08
-116.88
-124.65
-115.42
-114.74
-122.27
-120.13
-120.54
-114.31
-121.11
-118.78
-124.85
-114.68
-114.22
-116.1
-110.69
-108.87
-119.61
-112.17
-106.81
-104.22
-113.48
-107.42
-115.01
-112.73
