-834.856
-831.823
-815.595
-829.231
-866.325
-780.033
-773.585
-784.693
-767.181
-754.91
-821.521
-808.905
-849.176
-792.067
-798.381
-850.299
-835.802
-821.613
-879.517
-878.262
-835.608
-820.089
-795.004
-819.745
-858.279
-794.861
-810.103
-831.263
-756.9
-794.433
-850.057
-851.879
-827.708
-803.614
-822.579
-802.427
-853.777
-843.296
-813.427
-834.505
-784.508
-744.033
-780.625
-791.061
-760.734
-767.242
-771.953
-748.984
-791.286
-784.573
-795.443
-809.496
-799.123
-775.763
-737.477
-780.325
-804.761
-810.285
-841.22
-776.704
-842.534
-808.717
-794.377
-809.132
-752.0
-725.514
-821.409
-769.658
-783.416
-737.86
-783.993
-804.849
-718.6
-737.435
-787.919
-723.947
-743.457
-755.582
-716.329
-820.327
-801.131
-743.236
-742.393
-724.211
-743.241
-788.488
-737.262
-743.429
-743.77
-785.496
-786.171
-815.683
-737.62
-722.711
-791.322
-768.58
-754.551
-848.254
-801.779
-769.103
-757.273
-775.609
-773.828
-717.661
-717.641
-732.759
-766.959
-746.754
-765.066
-734.568
-733.367
-728.329
-715.552
-710.108
-725.164
-770.237
-715.769
-797.605
-806.017
-724.329
-727.721
-721.199
-738.699
-723.82
-733.524
-703.91
-728.291
-704.146
-737.31
-725.043
-691.946
-734.863
-761.364
-697.973
-700.415
-750.655
-742.949
-734.256
-767.041
-742.526
-744.48
-724.532
-703.555
-716.221
-742.834
-750.137
-751.469
-720.704
-750.774
-721.366
-706.253
-719.805
-744.348
-713.022
-701.267
-739.615
-735.959
-733.401
-767.842
-742.62
-732.966
-736.548
-717.4
-708.333
-735.256
-748.519
-726.904
-697.099
-730.357
-660.748
-706.98
-662.903
-691.361
-696.517
-674.23
-648.372
-681.546
-679.07
-688.422
-665.567
-673.044
-679.511
-686.592
-647.096
-683.858
-679.875
-640.663
-720.047
-705.737
-703.424
-679.439
-670.299
-653.309
-635.777
-744.621
-714.819
-728.901
-729.169
-687.406
-722.082
-755.036
-709.107
-775.081
-735.447
-765.637
-725.791
-762.461
-755.736
-796.026
-739.792
-764.615
-777.099
-805.063
-779.313
-766.595
-766.462
-787.769
-756.493
-720.825
-675.258
-748.364
-736.999
-753.278
-755.014
-714.292
-728.769
-764.584
-733.506
-792.85
-796.069
-808.193
-810.15
-805.635
-825.483
-816.464
-833.071
-829.535
-889.62
-840.182
-824.977
-817.079
-853.275
-787.176
-803.889
-773.785
-818.289
-833.25
-769.531
-780.412
-748.938
-793.254
-806.416
-784.051
-775.561
-785.658
-770.779
-796.847
-768.501
-807.208
-811.09
-814.966
-833.739
-809.248
-788.993
-805.003
-835.435
-749.095
-798.993
-833.248
-814.824
-795.844
-752.857
-750.686
-780.907
-781.447
-801.172
-780.814
-782.886
-821.77
-771.601
-783.85
-780.953
-758.711
-716.817
-758.183
-814.821
-782.578
-778.926
-766.488
-815.57
-801.073
-755.324
-775.202
-759.416
-735.732
-796.005
-843.839
-770.907
-799.043
-799.118
-815.232
-782.067
-781.672
-838.362
-804.601
-763.19
-746.86
-747.343
-738.92
-791.059
-765.56
-781.917
-775.663
-788.008
-776.217
-791.127
-789.069
-800.264
-846.146
-818.483
-853.976
-829.559
-837.734
-838.504
-854.147
-828.84
-834.943
-837.141
-764.07
-775.014
-773.126
-780.47
-765.531
-813.682
-833.76
-804.497
-820.455
-817.14
-807.026
-880.383
-844.772
-834.887
-831.788
-847.302
-800.593
-835.197
-785.249
-831.603
-800.59
-836.622
-821.992
-856.888
-857.933
-793.243
-845.407
-773.24
-841.496
-804.09
-739.41
-809.806
-867.02
-851.232
-830.645
-785.772
-784.078
-800.273
-818.885
-834.763
-824.617
-817.939
-842.971
-848.18
-855.77
-843.759
-821.199
-831.44
-837.382
-837.169
-793.326
-840.611
-827.897
-802.661
-840.973
-811.088
-729.361
-741.141
-805.897
-780.294
-779.763
-804.565
-781.667
-792.98
-799.218
-764.077
-729.47
-771.87
-768.768
-816.668
-760.174
-779.766
-762.124
-721.62
-763.55
-761.89
-823.915
-861.496
-829.333
-857.947
-807.261
-805.864
-830.913
-842.092
-758.919
-804.07
-789.716
-866.193
-851.388
-825.003
-802.222
-727.839
-756.754
-750.889
-736.075
-826.984
-780.868
-852.471
-785.166
-845.257
-841.206
-849.051
-878.874
-829.387
-870.794
-802.302
-791.843
-838.881
-838.133
-883.533
-868.679
-880.389
-849.792
-842.635
-900.413
-849.876
-854.928
-832.925
-861.153
-847.711
-820.714
-877.326
-835.416
