-0.872
-0.7
-0.62
-0.634
-0.598
-0.721
-0.669
-0.722
-0.646
-0.684
-0.547
-0.773
-0.878
-0.606
-0.543
-0.766
-0.836
-0.597
-0.707
-0.885
-0.633
-0.789
-0.676
-0.728
-0.906
-0.57
-0.514
-0.752
-0.76
-0.875
-0.75
-1.0
-0.764
-0.659
-0.717
-0.621
-0.745
-0.885
-0.853
-0.818
-0.749
-0.805
-0.627
-0.92
-0.906
-0.58
-0.723
-0.56
-0.643
-0.8
-0.738
-0.573
-0.556
-0.712
-0.616
-0.673
-0.649
-0.527
-0.605
-0.745
-0.556
-0.703
-0.539
-0.714
-0.767
-0.538
-0.604
-0.727
-0.608
-0.571
-0.445
-0.726
-0.638
-0.556
-0.501
-0.655
-0.644
-0.485
-0.533
-0.793
-0.633
-0.433
-0.576
-0.556
-0.663
-0.78
-0.518
-0.695
-0.519
-0.621
-0.791
-0.844
-0.635
-0.629
-0.717
-0.527
-0.703
-0.612
-0.584
-0.719
-0.72
-0.61
-0.551
-0.56
-0.641
-0.572
-0.595
-0.726
-0.545
-0.589
-0.702
-0.576
-0.588
-0.695
-0.753
-0.767
-0.709
-0.912
-0.771
-0.781
-0.84
-0.849
-0.808
-0.887
-0.68
-0.568
-0.638
-0.715
-0.769
-0.769
-0.627
-0.686
-0.747
-0.685
-0.691
-0.754
-0.778
-0.659
-0.705
-0.747
-0.786
-0.829
-0.743
-0.753
-0.711
-0.747
-0.841
-0.721
-0.834
-1.103
-0.808
-0.958
-1.027
-0.886
-0.736
-0.803
-0.899
-0.757
-0.809
-0.787
-0.86
-0.838
-0.662
-0.653
-0.869
-0.701
-0.755
-0.542
-0.723
-0.614
-0.69
-0.75
-0.81
-0.751
-0.76
-0.809
-0.483
-0.411
-0.622
-0.731
-0.621
-0.562
-0.614
-0.477
-0.641
-0.587
-0.66
-0.477
-0.743
-0.685
-0.718
-0.886
-0.636
-0.64
-0.764
-0.813
-0.663
-0.783
-0.772
-0.819
-0.713
-0.833
-0.739
-0.639
-0.522
-0.71
-0.686
-0.718
-0.59
-0.608
-0.639
-0.546
-0.572
-0.544
-0.757
-0.799
-0.641
-0.91
-0.814
-0.654
-0.766
-0.639
-0.595
-0.804
-0.542
-0.694
-0.553
-0.545
-0.585
-0.713
-0.636
-0.732
-0.811
-0.713
-0.763
-0.758
-0.885
-0.894
-0.777
-0.705
-0.777
-0.904
-1.033
-0.589
-0.638
-0.761
-0.804
-0.702
-0.602
-0.863
-0.791
-0.726
-1.059
-0.79
-0.717
-0.681
-0.751
-0.966
-0.935
-0.924
-0.819
-0.746
-0.961
-0.696
-0.945
-0.909
-0.839
-0.576
-0.672
-0.658
-0.72
-0.902
-0.726
-0.794
-0.789
-0.762
-0.939
-0.716
-0.733
-0.606
-0.865
-0.669
-0.675
-0.591
-0.662
-0.904
-0.658
-0.714
-0.64
-0.535
-0.76
-0.672
-0.548
-0.508
-0.586
-0.747
-0.718
-0.763
-0.777
-0.675
-0.516
-0.602
-0.677
-0.626
-0.712
-0.647
-0.678
-0.618
-0.464
-0.682
-0.889
-0.685
-0.667
-0.642
-0.642
-0.837
-0.735
-0.743
-0.849
-0.711
-0.582
-0.858
-0.848
-0.592
-0.521
-0.676
-0.693
-0.649
-0.563
-0.668
-0.544
-0.468
-0.708
-0.649
-0.905
-0.549
-0.736
-0.843
-0.682
-0.794
-0.669
-0.761
-0.917
-0.756
-0.835
-0.777
-0.668
-0.607
-0.58
-0.757
-0.789
-0.737
-0.769
-0.734
-0.733
-0.589
-0.555
-0.728
-0.747
-0.757
-0.84
-0.699
-0.628
-0.423
-0.455
-0.654
-0.717
-0.533
-0.489
-0.648
-0.727
-0.851
-0.815
-0.727
-0.839
-0.752
-1.02
-0.752
-0.848
-0.634
-0.747
-0.797
-0.664
-0.657
-0.712
-0.571
-0.792
-0.631
-0.623
-0.655
-0.582
-0.779
-0.685
-0.706
-0.503
-0.768
-0.725
-0.718
-0.592
-0.637
-0.753
-0.741
-0.844
-0.696
-0.908
-0.8
-0.804
-0.713
-0.697
-0.714
-0.661
-0.914
-0.755
-0.864
-0.909
-0.549
-0.821
-0.654
-0.91
-0.73
-0.887
-0.692
-0.725
-0.76
-0.762
-0.863
-0.819
-0.862
-0.58
-0.929
-1.01
-0.826
-0.846
-0.876
-0.682
-0.89
-0.734
-0.885
-0.91
-0.73
-0.857
-0.671
-0.819
-0.827
-0.734
-0.545
-0.788
-0.839
-0.715
-0.722
-0.845
