-133.77
-124.52
-137.62
-133.8
-128.33
-119.76
-123.74
-128.63
-142.16
-136.74
-131.79
-131.39
-137.0
-146.28
-130.73
-114.76
-127.96
-130.92
-132.01
-134.75
-136.84
-122.1
-119.32
-125.04
-121.32
-117.99
-117.58
-136.09
-125.96
-136.4
-127.3
-121.84
-130.71
-112.83
-126.32
-131.02
-139.1
-125.64
-134.2
-137.45
-135.14
-126.18
-130.25
-112.95
-121.99
-134.19
-132.05
-138.05
-128.67
-140.27
-125.58
-132.65
-136.23
-109.7
-128.38
-129.42
-124.18
-128.91
-139.05
-128.94
-122.73
-127.66
-115.28
-124.17
-114.81
-123.87
-118.17
-117.22
-115.27
-113.45
-113.83
-122.65
-121.81
-121.51
-120.99
-108.46
-124.87
-109.52
-126.7
-115.88
-105.93
-114.82
-114.08
-110.26
-116.4
-111.9
-130.59
-128.32
-132.29
-127.84
-123.19
-120.52
-107.1
-121.54
-127.65
-122.76
-114.97
-120.23
-124.58
-127.64
-112.48
-114.77
-111.02
-115.56
-122.59
-124.66
-118.0
-126.9
-128.7
-130.03
-123.02
-132.75
-120.45
-111.14
-120.8
-119.18
-114.26
-103.26
-115.54
-88.08
-109.39
-101.18
-107.71
-110.53
-113.82
-90.89
-106.64
-99.88
-102.35
-112.94
-105.17
-110.54
-104.5
-101.6
-113.0
-93.6
-96.0
-112.48
-103.26
-112.24
-105.91
-106.46
-107.3
-111.46
-113.48
-115.62
-118.24
-117.15
-106.32
-117.84
