-130.07
-110.14
-92.35
-101.49
-122.86
-114.26
-100.99
-119.44
-107.72
-115.65
-114.14
-118.56
-110.05
-133.92
-120.83
-121.65
-133.92
-131.53
-142.85
-144.97
-125.39
-127.21
-121.62
-128.48
-119.59
-121.79
-122.24
-115.25
-134.43
-133.84
-131.94
-131.54
-133.14
-122.89
-119.52
-115.08
-129.45
-128.91
-119.65
-125.97
-114.39
-130.62
-122.63
-118.91
-126.42
-121.37
-102.52
-113.96
-117.69
-118.99
-116.14
-125.04
-118.68
-101.41
-111.99
-118.04
-128.39
-122.65
-118.76
-124.67
-118.5
-114.79
-135.36
-123.68
-122.64
-129.63
-119.52
-118.49
-113.04
-116.31
-112.35
-121.75
-110.93
-128.34
-115.08
-116.81
-127.67
-110.67
-128.02
-123.29
-123.04
-106.5
-131.13
-116.01
-130.7
-119.44
-119.31
-121.71
-112.04
-119.12
-117.79
-116.42
-124.22
-122.85
-129.03
-131.32
-127.4
-123.6
-121.49
-120.83
-127.3
-126.26
-133.73
-139.72
-140.72
-138.71
-134.76
-120.8
-122.92
-127.21
-116.82
-111.44
-115.68
-117.98
-110.76
-114.14
-121.59
-125.5
-115.77
-121.04
-122.82
-125.72
-121.62
-130.74
-129.81
-124.09
-129.5
-133.55
-138.03
-120.61
-121.76
-132.29
-119.47
-122.33
-123.66
-124.86
-133.21
-128.29
-127.41
-122.77
-125.89
-127.49
-125.36
-119.38
-128.33
-124.48
-132.53
-117.96
-117.45
-129.28
