-101.02
-113.16
-117.08
-106.8
-107.21
-113.86
-103.12
-111.44
-118.79
-117.46
-115.21
-127.86
-119.82
-118.54
-121.93
-117.29
-122.53
-116.16
-121.87
-119.86
-114.48
-118.81
-123.61
-115.14
-118.29
-120.92
-112.46
-122.66
-117.06
-110.68
-108.86
-105.86
-111.74
-105.22
-112.38
-111.77
-103.89
-106.17
-108.82
-105.33
-110.66
-120.21
-127.36
-113.29
-105.26
-112.49
-115.56
-103.56
-107.12
-111.42
-107.23
-111.41
-104.4
-104.81
-113.09
-102.97
-107.56
-113.55
-116.18
-104.16
-105.04
-116.0
-113.91
-123.49
-114.92
-108.73
-106.34
-117.23
-108.0
-120.9
-116.93
-116.84
-111.02
-118.42
-115.57
-111.53
-118.04
-111.32
-117.84
-116.31
-118.28
-115.09
-122.06
-110.57
-104.49
-112.99
-113.93
-115.11
-107.85
-110.23
-116.09
-114.43
-113.25
-117.48
-118.86
-108.98
-109.53
-109.4
-113.41
-104.72
-96.43
-95.48
-111.88
-106.25
-107.57
-108.21
-116.43
-121.37
-106.45
-112.38
-117.23
-107.56
-122.9
-114.92
-110.2
-109.98
-105.44
-111.79
-106.79
-104.68
-110.54
-114.3
-104.23
-105.22
-109.99
-109.65
-116.39
-101.43
-121.88
-108.93
-105.3
-104.84
-114.21
-111.08
-116.03
-120.52
-119.01
-112.8
-107.32
-106.96
-104.52
-116.64
-106.63
-112.65
-113.43
-107.06
-109.59
-111.25
-123.27
-116.47
-113.62
-111.56
-120.67
-128.51
-117.28
-119.93
-119.2
-111.11
-111.63
-112.97
-107.75
-103.72
-108.96
-108.75
-108.46
-103.83
-113.95
-109.35
-102.39
-107.57
-98.54
-104.55
-108.78
-113.66
-107.4
-108.85
-107.69
-113.1
-121.72
-99.55
-103.53
-110.86
-102.74
-111.8
-119.11
-116.01
-120.19
-112.29
-109.83
-109.08
-105.21
-107.62
-107.46
-110.9
-108.61
-105.6
-117.02
-99.86
-112.42
-109.78
-93.26
-97.49
-102.51
-95.17
-91.73
-100.83
-105.9
-109.98
-98.91
-105.45
-105.25
-118.71
-99.66
-106.26
-111.56
-103.99
-99.25
-109.6
-110.66
-107.64
-102.28
-109.67
-114.71
-118.07
-114.29
-123.38
-102.96
-108.88
-118.11
-114.76
-113.72
-110.66
-118.62
-109.89
-109.54
-107.77
-104.46
-112.55
-120.02
-115.03
-119.53
-103.98
-101.54
-108.68
-123.95
-109.48
-129.96
-119.3
-112.23
-118.77
-109.76
-116.14
-120.03
-127.27
-123.03
-118.2
-114.16
-134.86
-125.13
-126.28
-120.51
-128.71
-120.84
-126.79
-125.06
-115.21
-111.96
-106.6
-119.66
-116.2
-100.23
-110.2
-120.02
-119.22
-105.28
-111.85
-109.29
-102.53
-108.9
-112.57
-110.96
-115.68
-116.41
-116.28
-108.16
-117.96
-110.53
-110.02
-116.16
-118.79
-115.94
-116.67
-118.08
-125.29
-116.51
-116.71
-109.58
-119.84
-116.45
-119.61
-109.82
-114.88
-106.79
-115.09
-110.91
-113.09
-111.56
-97.14
-112.84
-125.87
-115.81
-114.51
-114.42
-121.16
-120.14
-122.15
-108.46
-122.12
-125.76
-126.22
-112.82
-113.43
-119.34
-108.79
-118.78
-120.3
-113.25
-105.98
-113.54
-119.91
-120.8
-120.01
-115.48
-127.17
-126.54
-117.35
-120.81
-116.49
-122.1
-115.0
-124.0
-131.66
-125.99
-123.74
-107.84
-114.91
-123.5
-119.65
-115.7
-117.41
-119.73
-116.85
-124.44
-118.8
-120.75
-110.75
-109.68
-115.47
-120.42
-113.45
-112.67
-122.85
-113.27
-118.38
-108.68
-112.21
-118.61
-114.88
-110.95
-102.95
-108.93
-112.58
-115.29
-110.73
-128.2
-111.42
-118.72
-115.28
-103.29
-119.44
-101.26
-96.11
-102.09
-101.54
-109.0
-103.73
-113.92
-111.86
-101.79
-110.6
-102.31
-112.3
-109.53
-113.84
-114.36
-108.31
-108.0
-108.54
-112.4
-119.67
-106.88
-110.45
-114.96
-108.33
-108.73
-110.21
-114.22
-111.45
-106.09
-108.27
-104.93
-111.57
-102.41
-97.54
-101.32
-98.17
-98.99
-111.83
-108.89
-106.51
-106.54
-103.62
-104.02
-101.35
-112.12
-110.6
-104.38
-108.61
-100.75
-103.03
-99.82
-111.42
-105.99
-109.45
-113.41
-114.1
-115.38
-107.44
-108.99
-104.15
-108.59
-112.61
-107.37
-101.36
-112.54
-107.93
-117.21
-124.23
-111.25
-107.43
-115.86
