-0.702
-0.624
-0.665
-0.468
-0.521
-0.649
-0.637
-0.564
-0.538
-0.529
-0.509
-0.648
-0.43
-0.327
-0.592
-0.513
-0.622
-0.516
-0.626
-0.602
-0.473
-0.579
-0.472
-0.416
-0.536
-0.645
-0.578
-0.415
-0.53
-0.504
-0.38
-0.715
-0.659
-0.519
-0.567
-0.524
-0.397
-0.587
-0.622
-0.431
-0.426
-0.543
-0.682
-0.568
-0.527
-0.421
-0.481
-0.558
-0.587
-0.659
-0.714
-0.318
-0.502
-0.418
-0.365
-0.341
-0.335
-0.409
-0.487
-0.247
-0.446
-0.408
-0.463
-0.509
-0.459
-0.541
-0.531
-0.56
-0.6
-0.764
-0.737
-0.555
-0.651
-0.58
-0.518
-0.453
-0.66
-0.477
-0.636
-0.53
-0.639
-0.563
-0.571
-0.594
-0.448
-0.436
-0.485
-0.541
-0.678
-0.626
-0.528
-0.618
-0.438
-0.495
-0.504
-0.31
-0.349
-0.491
-0.479
-0.442
-0.327
-0.261
-0.505
-0.48
-0.426
-0.684
-0.512
-0.724
-0.719
-0.584
-0.438
-0.515
-0.631
-0.618
-0.601
-0.689
-0.526
-0.412
-0.516
-0.416
-0.438
-0.531
-0.372
-0.492
-0.375
-0.307
-0.515
-0.377
-0.575
-0.536
-0.51
-0.569
-0.565
-0.568
-0.477
-0.594
-0.636
-0.78
-0.641
-0.565
-0.62
-0.505
-0.623
-0.672
-0.701
-0.326
-0.67
-0.755
-0.733
-0.615
-0.619
-0.705
-0.529
-0.607
-0.499
-0.554
-0.709
-0.486
-0.569
-0.74
-0.768
-0.664
-0.531
-0.578
-0.559
-0.535
-0.597
-0.494
-0.535
-0.544
-0.568
-0.58
-0.602
-0.632
-0.57
-0.691
-0.606
-0.62
-0.692
-0.506
-0.481
-0.401
-0.633
-0.575
-0.612
-0.5
-0.507
-0.569
-0.845
-0.467
-0.432
-0.762
-0.489
-0.546
-0.495
-0.52
-0.524
-0.515
-0.632
-0.553
-0.622
-0.459
-0.451
-0.592
-0.544
-0.538
-0.625
-0.643
-0.361
-0.509
-0.648
-0.378
-0.486
-0.571
-0.716
-0.602
-0.577
-0.565
-0.538
-0.526
-0.61
-0.644
-0.696
-0.556
-0.547
-0.661
-0.505
-0.483
-0.512
-0.461
-0.536
-0.466
-0.578
-0.57
-0.595
-0.717
-0.696
-0.377
-0.529
-0.753
-0.494
-0.598
-0.633
-0.517
-0.786
-0.633
-0.841
-0.77
-0.75
-0.713
-0.62
-0.88
-0.848
-0.615
-0.717
-0.805
-0.726
-0.809
-0.727
-0.6
-0.716
-0.569
-0.597
-0.774
-0.587
-0.634
-0.685
-0.743
-0.899
-0.599
-0.675
-0.631
-0.756
-0.771
-0.599
-0.606
-0.599
-0.609
-0.61
-0.734
-0.627
-0.582
-0.63
-0.555
-0.546
-0.617
-0.723
-0.533
-0.387
-0.624
-0.581
-0.649
-0.573
-0.763
-0.604
-0.595
-0.588
-0.669
-0.807
-0.595
-0.648
-0.828
-0.627
-0.756
-0.798
-0.723
-0.687
-0.645
-0.662
-0.49
-0.661
-0.61
-0.731
-0.474
-0.635
-0.537
-0.669
-0.656
-0.7
-0.726
-0.552
-0.741
-0.68
-0.827
-0.893
-0.763
-0.813
-0.825
-0.744
-0.859
-0.678
-0.654
-0.606
-0.692
-0.702
-0.674
-0.754
-0.793
-0.713
-0.72
-0.748
-0.521
-0.788
-0.7
-0.782
-0.821
-0.806
-0.555
-0.789
-0.658
-0.608
-0.556
-0.562
-0.7
-0.713
-0.59
-0.59
-0.653
-0.603
-0.594
-0.71
-0.631
-0.639
-0.49
-0.576
-0.885
-0.717
-0.896
-0.559
-0.823
-0.796
-0.778
-0.745
-0.591
-0.745
-0.527
-0.593
-0.696
-0.741
-0.659
-0.741
-0.478
-0.531
-0.63
-0.515
-0.61
-0.705
-0.75
-0.61
-0.837
-0.638
-0.885
-0.746
-0.69
-0.602
-0.661
-0.789
-0.953
-0.681
-0.757
-0.843
-0.767
-0.754
-0.566
-0.679
-0.517
-0.548
-0.585
-0.594
-0.417
-0.437
-0.485
-0.545
-0.368
-0.454
-0.72
-0.515
-0.484
-0.525
-0.474
-0.386
-0.442
-0.482
-0.535
-0.527
-0.519
-0.529
-0.539
-0.638
-0.638
-0.467
-0.526
-0.614
-0.847
-0.678
-0.665
-0.435
-0.565
-0.418
-0.398
-0.597
-0.489
-0.339
-0.57
-0.411
-0.486
-0.539
-0.564
-0.481
-0.603
-0.505
