-755.066
-780.89
-795.466
-727.241
-742.292
-726.812
-715.422
-701.896
-705.958
-763.154
-719.335
-753.293
-678.8
-712.427
-770.415
-712.134
-692.872
-699.104
-729.653
-729.775
-734.539
-763.322
-745.739
-739.096
-712.618
-757.792
-786.134
-750.019
-711.898
-771.051
-734.005
-729.072
-757.453
-717.407
-709.501
-712.516
-732.202
-683.981
-696.714
-740.498
-697.91
-731.4
-736.119
-743.429
-736.908
-703.29
-749.32
-695.569
-708.486
-711.99
-702.16
-672.613
-680.395
-629.887
-716.303
-678.895
-652.606
-721.77
-683.691
-667.528
-713.443
-720.585
-673.421
-784.327
-730.072
-738.717
-763.988
-745.882
-774.223
-801.835
-733.346
-781.165
-747.579
-780.91
-708.97
-723.429
-747.55
-714.437
-745.461
-780.958
-769.226
-789.343
-763.243
-709.284
-807.666
-706.405
-774.377
-746.521
-746.632
-731.3
-736.341
-730.874
-723.863
-687.106
-719.564
-692.165
-626.378
-704.393
-691.511
-702.412
-707.335
-715.413
-735.575
-669.444
-681.408
-703.323
-691.736
-740.374
-757.053
-769.81
-729.563
-765.827
-771.105
-738.333
-735.507
-734.409
-722.177
-734.622
-679.847
-666.21
-689.305
-712.862
-652.936
-691.896
-694.932
-698.672
-721.212
-671.007
-798.645
-759.394
-755.6
-729.708
-755.852
-742.978
-754.171
-707.017
-767.494
-742.558
-726.435
-744.624
-708.053
-713.165
-721.887
-773.403
-786.461
-803.235
-807.332
-785.594
-741.685
-786.359
-767.975
-772.971
-780.709
-822.939
-837.334
-797.709
-795.056
-740.835
-752.672
-805.649
-714.76
-709.894
-708.869
-725.033
-708.556
-746.645
-736.394
-764.719
-735.393
-692.195
-702.572
-754.945
-728.465
-726.375
-774.102
-769.9
-787.991
-804.754
-743.848
-699.95
-714.819
-761.625
-742.822
-742.083
-694.314
-731.696
-774.601
-748.433
-736.159
-770.334
-734.577
-743.3
-781.044
-736.412
-746.155
-748.38
-763.551
-699.852
-716.9
-750.815
-708.429
-652.107
-657.355
-741.072
-743.007
-719.998
-710.01
-757.948
-719.912
-695.882
-715.161
-741.739
-725.17
-785.879
-746.904
-724.555
-746.234
-781.267
-745.578
-751.315
-727.936
-694.843
-808.05
-764.094
-749.442
-763.713
-706.311
-771.517
-729.384
-739.136
-782.56
-731.621
-706.185
-766.437
-693.615
-775.448
-750.214
-765.573
-720.866
-726.203
-719.153
-750.818
-714.883
-701.502
-740.225
-707.447
-767.397
-773.241
-745.923
-794.683
-723.607
-769.868
-747.784
-787.302
-819.6
-780.602
-772.239
-778.311
-809.626
-801.985
-772.219
-799.399
-768.508
-810.278
-804.673
-743.84
-783.545
-771.529
-789.378
-714.443
-752.062
-708.573
-779.284
-746.033
-795.269
-774.888
-761.692
-778.714
-750.678
-774.398
-726.071
-754.178
-683.564
-721.547
-703.418
-723.145
-739.6
-726.729
-704.511
-782.833
-753.388
-790.353
-771.037
-772.458
-781.15
-767.593
-768.399
-801.936
-708.164
-771.47
-737.088
-744.225
-745.481
-701.105
-751.387
-788.309
-765.403
-767.866
-760.074
-761.087
-807.146
-755.135
-783.806
-788.347
-740.657
-776.199
-743.111
-766.732
-782.049
-798.267
-800.285
-796.762
-808.495
-783.989
-815.479
-783.97
-773.658
-799.744
-790.83
-780.811
-776.187
-725.551
-807.246
-782.192
-747.349
-753.803
-808.697
-761.098
-775.026
-751.276
-813.747
-754.355
-779.19
-795.728
-727.995
-822.922
-767.874
-727.244
-743.618
-725.647
-738.232
-741.158
-760.982
-765.339
-781.291
-722.043
-781.785
-761.11
-756.979
-686.646
-749.28
-751.057
-738.968
-747.394
-757.436
-717.947
-746.207
-717.521
-722.954
-781.341
-783.834
-792.652
-797.804
-748.431
-697.533
-707.401
-732.683
-751.698
-747.506
-752.137
-730.056
-716.366
-725.419
-721.236
-674.15
-716.465
-758.064
-706.524
-678.704
-752.777
-695.318
-666.496
-726.577
-739.654
-737.261
-635.003
-654.613
-740.414
-725.002
-724.344
-766.047
-705.903
-692.628
-703.711
-633.004
-700.166
-703.66
-682.991
-697.785
-675.2
-631.019
-684.406
-679.11
-678.867
-670.252
-669.239
-666.536
-707.238
-658.41
-652.964
-726.757
-674.357
-691.246
-746.398
-719.977
-716.439
-715.193
-736.417
-648.252
-687.149
-640.229
-718.76
-637.259
-691.395
-715.933
-716.351
-698.927
-692.095
-670.086
-647.943
-675.564
-678.4
-668.454
-688.492
-715.541
-689.691
-721.862
-700.654
-716.474
-733.081
-732.895
