-97.61
-91.53
-95.31
-95.19
-96.79
-88.82
-100.61
-94.74
-98.66
-97.84
-88.03
-88.79
-96.57
-91.03
-99.86
-98.79
-79.37
-98.35
-94.97
-98.95
-103.4
-87.0
-94.52
-97.51
-98.76
-102.1
-92.62
-95.89
-96.59
-101.2
-93.99
-99.04
-100.36
-102.67
-98.95
-108.28
-94.55
-92.1
-105.48
-114.15
-90.74
-101.87
-86.98
-94.6
-94.15
-91.14
-90.07
-104.6
-93.38
-101.17
-95.89
-94.89
-95.75
-97.84
-105.03
-99.16
-107.54
-106.64
-112.67
-106.94
-98.24
-98.97
-105.13
-99.42
-99.57
-104.13
-93.81
-94.89
-100.43
-99.94
-90.13
-89.94
-102.83
-101.45
-100.91
-97.0
-95.81
-100.93
-105.99
-94.9
-102.53
-96.95
-101.44
-92.63
-98.08
-97.39
-97.6
-101.06
-101.39
-105.24
-93.08
-107.47
-96.94
-106.52
-97.49
-96.84
-82.78
-93.22
-89.72
-86.97
-81.53
-82.54
-88.52
-94.56
-101.76
-96.87
-96.03
-87.57
-101.16
-99.47
-102.31
-84.22
-81.33
-87.14
-97.52
-85.81
-98.37
-87.95
-87.67
-90.87
-86.91
-85.51
-85.56
-91.45
-86.89
-90.78
-86.18
-97.43
-90.23
-93.16
-86.82
-80.87
-92.51
-90.68
-94.43
-102.07
-104.91
-101.98
-90.43
-95.09
-92.83
-96.7
-100.73
-95.83
-85.98
-90.83
-87.16
-95.53
-92.18
-81.0
-92.9
-86.66
-87.77
-99.04
-88.73
-91.86
-85.72
-100.13
-91.92
-94.78
-101.35
-94.96
-102.21
-99.48
-75.1
-97.61
-99.73
-93.05
-99.1
-94.7
-100.51
-90.17
-101.53
-99.3
-94.82
-99.8
-96.66
-108.72
-94.94
-107.43
-96.97
-94.63
-101.4
-99.72
-90.91
-103.55
-94.96
-98.22
-100.77
-97.58
-92.02
-98.57
-89.61
-89.75
-99.14
-100.13
-106.42
-104.81
-104.69
-102.36
-100.76
-104.23
-96.68
-102.93
-88.3
-95.02
-95.88
-101.46
-100.33
-96.54
-103.74
-98.98
-95.94
-91.29
-98.21
-100.85
-86.36
-88.24
-83.55
-87.44
-87.54
-85.49
-90.12
-83.31
-82.32
-92.03
-80.07
-99.13
-88.38
-90.4
-92.88
-87.59
-81.45
-89.86
-92.86
-86.17
-85.47
-92.79
-82.06
-87.97
-82.76
-87.79
-96.84
-89.54
-87.66
-94.2
-93.71
-83.03
-85.02
-82.16
-87.35
-93.09
-92.9
-85.87
-87.1
-90.51
-95.54
-96.45
-84.15
-96.32
-86.67
-86.54
-80.88
-91.93
-89.88
-96.24
-83.97
-78.89
-77.44
-83.05
-84.68
-89.23
-79.99
-94.27
-91.31
-88.77
-90.63
-100.12
-91.8
-95.43
-97.72
-90.29
-100.68
-88.13
-95.88
-103.49
-101.55
-84.33
-99.47
-85.65
-83.85
-95.22
-85.7
-96.17
-97.42
-95.96
-95.03
-88.19
-89.85
-103.58
-104.51
-91.55
-108.1
-101.49
-89.87
-86.23
-96.61
-98.87
-81.05
-97.22
-86.49
-97.76
-99.81
-90.03
-84.97
-98.79
-88.74
-96.41
-83.04
-101.78
-86.0
-90.64
-101.41
-89.34
-87.66
-94.87
-98.21
-102.04
-89.65
-101.04
-94.1
-100.92
-103.84
-87.14
-93.12
-88.08
-97.45
-99.89
-104.1
-94.13
-98.28
-83.54
-98.37
-92.3
-94.55
-99.31
-97.03
-97.19
-94.21
-94.27
-88.84
-88.02
-101.01
-99.05
-93.43
-97.41
-100.61
-100.09
-98.03
-99.39
-99.75
-108.36
-99.45
-109.24
-98.6
-94.83
-102.33
-105.97
-104.04
-105.85
-111.93
-102.83
-92.21
-91.16
-98.9
-93.64
-104.9
-95.61
-81.29
-94.92
-90.79
-93.98
-102.08
-103.15
-104.15
-89.88
-95.4
-92.24
-98.33
-99.18
-99.39
-97.52
-94.53
-91.09
-101.63
-96.85
-93.3
-100.03
-96.71
-94.4
-99.62
-93.01
-88.01
-95.91
-102.48
-91.95
-95.46
-95.55
-97.34
-98.83
-97.49
-92.69
-96.71
-94.23
-104.21
-91.97
-100.03
-98.15
-108.66
-108.36
-90.15
-112.06
-107.15
-101.0
-98.63
-98.34
-92.53
-99.9
-98.22
-97.03
-102.57
-97.84
-84.52
-96.99
-93.88
-89.86
-95.92
-102.24
-84.59
-101.7
-90.31
-101.26
-76.55
-88.63
-86.1
-101.45
-95.06
-94.29
-100.35
-95.86
-90.03
