-615.168
-579.681
-579.213
-647.099
-608.674
-593.604
-603.532
-658.349
-617.801
-636.998
-589.641
-619.316
-564.189
-618.662
-663.166
-675.617
-613.213
-646.839
-615.938
-688.844
-684.533
-658.125
-645.295
-623.292
-696.092
-696.139
-638.579
-648.881
-698.582
-710.863
-700.602
-713.717
-681.422
-680.627
-681.894
-683.33
-752.139
-678.365
-706.14
-670.965
-657.078
-642.375
-646.176
-675.208
-675.641
-650.432
-653.927
-654.797
-682.249
-641.318
-652.811
-670.843
-683.34
-662.229
-695.12
-644.747
-672.555
-663.032
-681.722
-660.46
-641.744
-636.347
-614.081
-661.454
-715.897
-704.72
-668.215
-697.88
-704.585
-652.821
-720.399
-666.161
-659.512
-643.542
-675.359
-672.473
-647.015
-710.729
-681.024
-696.241
-694.045
-652.676
-648.557
-687.127
-615.644
-677.806
-650.742
-707.493
-658.988
-656.81
-658.002
-678.406
-661.63
-610.899
-673.473
-645.168
-634.978
-623.588
-644.923
-604.777
-644.596
-629.669
-622.607
-603.087
-627.882
-651.535
-610.5
-623.472
-619.377
-577.988
-635.522
-617.279
-638.643
-609.774
-617.54
-603.404
-622.11
-593.008
-600.379
-613.104
-591.817
-590.167
-574.481
-621.079
-622.362
-600.347
-582.99
-622.435
-629.441
-601.093
-568.873
-565.211
-543.235
-545.481
-568.935
-620.522
-679.157
-653.095
-643.067
-612.255
-630.828
-678.25
-687.162
-622.546
-647.225
-604.987
-596.553
-606.115
-622.875
-618.685
-577.461
-592.149
-604.984
-553.51
-581.935
-598.966
-628.451
-650.455
-632.556
-590.653
-655.886
-646.667
-625.473
-608.291
-624.822
-626.329
-628.671
-616.366
-623.198
-698.822
-666.628
-602.807
-582.53
-595.563
-679.743
-666.32
-604.724
-651.261
-650.877
-632.193
-609.64
-657.841
-637.291
-632.09
-635.994
-628.93
-609.865
-677.567
-659.588
-696.845
-606.569
-620.764
-599.028
-620.112
-654.369
-669.388
-693.527
-686.187
-679.92
-664.659
-630.094
-646.662
-643.442
-634.985
-642.951
-605.647
-696.56
-650.144
-604.809
-662.208
-624.439
-628.165
-658.255
-584.889
-651.146
-597.963
-631.621
-568.169
-629.557
-598.055
-606.969
-632.103
-600.974
-605.98
-625.39
-578.071
-575.193
-578.975
-605.208
-594.021
-608.746
-611.67
-593.638
-587.149
-579.195
-614.317
-585.135
-562.732
-559.326
-566.123
-596.231
-620.371
-609.128
-585.351
-570.104
-597.023
-629.158
-573.118
-582.03
-615.153
-626.204
-645.155
-659.357
-623.128
-667.953
-675.824
-622.974
-655.395
-673.328
-707.325
-656.986
-586.655
-591.767
-592.87
-625.181
-686.257
-599.06
-629.522
-572.774
-640.337
-596.658
-632.616
-600.158
-661.931
-629.659
-592.361
-622.015
-616.791
-622.601
-654.134
-642.456
-589.88
-644.089
-599.984
-609.712
-715.803
-613.652
-653.722
-586.948
-568.291
-619.023
-613.737
-596.939
-680.726
-651.781
-657.932
-642.651
-655.148
-657.812
-642.812
-696.85
-627.365
-653.877
-622.877
-622.632
-571.24
-637.092
-666.789
-632.99
-677.034
-675.419
-641.25
-627.303
-595.764
-576.114
-620.605
-680.101
-654.424
-619.422
-665.494
-598.68
-588.343
-609.253
-576.59
-613.77
-602.54
-594.953
-630.57
-618.254
-634.939
-634.188
-721.726
-650.042
-656.315
-633.154
-636.312
-647.547
-618.907
-635.838
-679.861
-633.423
-637.592
-682.098
-637.207
-641.544
-655.778
-670.084
-625.567
-626.143
-685.648
-638.366
-595.912
-661.483
-626.672
-633.386
-592.248
-636.528
-681.176
-657.329
-651.876
-645.291
-691.053
-668.789
-683.261
-669.348
-629.927
-663.748
-717.026
-700.07
-674.29
-696.032
-637.445
-671.805
-614.113
-643.921
-626.19
-637.296
-652.576
-632.802
-612.178
-636.11
-622.87
-643.548
-635.681
-645.802
-592.312
-657.458
-617.229
-656.531
-629.767
-607.854
-636.862
-623.771
-657.665
-615.267
-652.535
-634.604
-604.575
-626.35
-648.699
-658.897
-566.568
-618.448
-622.59
-637.402
-589.894
-652.532
-667.164
-624.547
-670.469
-627.049
-649.27
-594.021
-663.464
-620.444
-654.537
-640.419
-628.347
-665.355
-653.114
-678.867
-770.458
-763.909
-721.244
-693.611
-640.894
-657.996
-647.532
-675.566
-650.889
-683.2
-647.37
-670.941
-675.916
-597.084
-698.982
-671.472
-681.918
-697.108
-646.062
-615.247
-646.662
-611.964
-634.134
-640.721
-654.678
-643.649
-633.742
-643.419
-651.556
-629.441
