-0.565
-0.578
-0.471
-0.445
-0.581
-0.3
-0.508
-0.564
-0.593
-0.49
-0.526
-0.621
-0.42
-0.541
-0.554
-0.52
-0.592
-0.646
-0.542
-0.692
-0.685
-0.586
-0.712
-0.608
-0.754
-0.558
-0.488
-0.59
-0.657
-0.544
-0.807
-0.803
-0.562
-0.612
-0.606
-0.689
-0.544
-0.652
-0.626
-0.669
-0.631
-0.83
-0.393
-0.639
-0.785
-0.53
-0.556
-0.563
-0.59
-0.642
-0.639
-0.571
-0.624
-0.651
-0.63
-0.679
-0.753
-0.626
-0.446
-0.75
-0.624
-0.721
-0.683
-0.707
-0.709
-0.672
-0.468
-0.546
-0.562
-0.582
-0.487
-0.478
-0.276
-0.502
-0.533
-0.546
-0.505
-0.81
-0.648
-0.693
-0.49
-0.633
-0.62
-0.413
-0.564
-0.651
-0.477
-0.559
-0.592
-0.832
-0.556
-0.444
-0.653
-0.331
-0.537
-0.49
-0.626
-0.748
-0.589
-0.549
-0.565
-0.616
-0.638
-0.531
-0.568
-0.657
-0.552
-0.512
-0.51
-0.607
-0.557
-0.417
-0.397
-0.541
-0.667
-0.71
-0.493
-0.601
-0.765
-0.213
-0.298
-0.483
-0.614
-0.56
-0.44
-0.584
-0.438
-0.63
-0.378
-0.477
-0.418
-0.527
-0.32
-0.655
-0.39
-0.476
-0.519
-0.572
-0.543
-0.689
-0.504
-0.754
-0.574
-0.565
-0.556
-0.305
-0.551
-0.441
-0.354
-0.335
-0.475
-0.462
-0.532
-0.519
-0.531
-0.478
-0.648
-0.498
-0.455
-0.334
-0.577
-0.575
-0.644
-0.622
-0.404
-0.565
-0.531
-0.611
-0.575
-0.612
-0.621
-0.731
-0.51
-0.449
-0.754
-0.414
-0.615
-0.58
-0.467
-0.448
-0.517
-0.698
-0.773
-0.711
-0.585
-0.632
-0.483
-0.626
-0.534
-0.793
-0.445
-0.475
-0.435
-0.668
-0.575
-0.532
-0.399
-0.535
-0.584
-0.573
-0.467
-0.673
-0.44
-0.491
-0.501
-0.442
-0.555
-0.494
-0.397
-0.606
-0.44
-0.806
-0.76
-0.523
-0.701
-0.445
-0.521
-0.574
-0.43
-0.41
-0.403
-0.45
-0.604
-0.434
-0.669
-0.705
-0.469
-0.624
-0.435
-0.446
-0.56
-0.477
-0.561
-0.516
-0.409
-0.363
-0.519
-0.561
-0.593
-0.36
-0.44
-0.499
-0.538
-0.518
-0.701
-0.783
-0.556
-0.491
-0.453
-0.468
-0.409
-0.599
-0.511
-0.616
-0.697
-0.826
-0.607
-0.594
-0.725
-0.7
-0.525
-0.671
-0.749
-0.405
-0.499
-0.674
-0.629
-0.547
-0.576
-0.508
-0.602
-0.501
-0.514
-0.516
-0.673
-0.67
-0.607
-0.42
-0.539
-0.55
-0.475
-0.344
-0.495
-0.48
-0.662
-0.555
-0.768
-0.571
-0.615
-0.419
-0.786
-0.521
-0.481
-0.689
-0.668
-0.51
-0.479
-0.615
-0.618
-0.524
-0.649
-0.799
-0.518
-0.721
-0.505
-0.398
-0.51
-0.508
-0.618
-0.52
-0.648
-0.383
-0.587
-0.579
-0.488
-0.663
-0.605
-0.548
-0.561
-0.579
-0.597
-0.44
-0.498
-0.368
-0.497
-0.387
-0.63
-0.515
-0.513
-0.46
-0.48
-0.634
-0.488
-0.505
-0.5
-0.329
-0.457
-0.542
-0.497
-0.589
-0.781
-0.413
-0.463
-0.358
-0.47
-0.41
-0.692
-0.646
-0.452
-0.553
-0.525
-0.387
-0.499
-0.446
-0.376
-0.569
-0.617
-0.621
-0.356
-0.448
-0.655
-0.441
-0.615
-0.677
-0.517
-0.568
-0.736
-0.679
-0.542
-0.528
-0.665
-0.66
-0.505
-0.49
-0.611
-0.476
-0.527
-0.552
-0.417
-0.526
-0.542
-0.467
-0.471
-0.406
-0.475
-0.383
-0.406
-0.613
-0.385
-0.488
-0.355
-0.505
-0.464
-0.586
-0.4
-0.453
-0.508
-0.507
-0.498
-0.444
-0.338
-0.452
-0.569
-0.558
-0.661
-0.577
-0.379
-0.398
-0.398
-0.473
-0.508
-0.388
-0.413
-0.469
-0.406
-0.501
-0.391
-0.533
-0.607
-0.49
-0.543
-0.669
-0.605
-0.806
-0.559
-0.556
-0.462
-0.609
-0.505
-0.553
-0.62
-0.558
-0.531
-0.543
-0.524
-0.466
-0.435
-0.488
-0.668
-0.555
-0.673
-0.732
-0.605
-0.49
-0.68
-0.511
-0.534
-0.536
-0.495
-0.263
-0.285
