-102.34
-113.56
-119.61
-103.04
-100.47
-114.15
-113.67
-108.88
-122.13
-107.59
-110.51
-112.33
-104.47
-117.97
-117.68
-124.26
-108.2
-110.31
-118.46
-106.67
-112.07
-108.8
-112.32
-111.02
-112.71
-104.49
-101.69
-97.57
-107.91
-112.94
-109.81
-114.09
-107.37
-111.35
-112.48
-111.96
-116.71
-121.19
-115.05
-113.17
-116.07
-115.65
-106.32
-105.48
-117.56
-100.37
-94.2
-105.72
-97.22
-86.93
-88.52
-91.04
-101.46
-102.83
-97.94
-101.45
-99.06
-99.32
-96.87
-98.46
-106.03
-94.04
-97.53
-93.3
-107.63
-98.34
-99.01
-95.83
-96.87
-98.9
-103.28
-105.96
-94.89
-82.96
-99.63
-99.28
-94.25
-103.84
-91.98
-98.45
-90.93
-94.33
-88.97
-96.46
-103.52
-120.03
-103.03
-103.85
-94.6
-95.77
-93.85
-103.59
-109.57
-99.66
-102.29
-93.03
-97.2
-97.54
-92.53
-88.14
-102.49
-90.52
-101.23
-94.38
-95.69
-96.39
-99.37
-101.39
-98.92
-104.32
-108.05
-112.31
-95.66
-107.49
-91.96
-114.48
-110.18
-88.65
-96.02
-107.31
-101.95
-90.41
-96.92
-94.77
-118.35
-118.8
-99.27
-95.54
-106.84
-106.83
-109.74
-103.22
-101.85
-112.14
-97.27
-102.43
-92.77
-98.83
-108.58
-106.68
-106.09
-102.39
-97.95
-112.41
-106.38
-110.05
-113.41
-121.26
-120.83
-112.41
