-135.19
-142.52
-127.6
-129.1
-126.38
-119.0
-129.59
-130.49
-124.85
-134.22
-120.03
-127.87
-124.61
-132.33
-124.43
-119.29
-125.3
-126.8
-112.51
-119.6
-112.94
-127.07
-119.99
-121.83
-115.1
-120.93
-107.63
-110.43
-112.33
-114.57
-111.76
-112.9
-106.97
-117.85
-109.12
-127.92
-110.46
-106.94
-108.24
-110.31
-99.96
-111.71
-113.74
-128.06
-120.87
-133.04
-124.6
-116.81
-120.26
-108.86
-107.42
-117.77
-136.4
-125.8
-115.53
-117.73
-130.3
-131.11
-142.72
-124.44
-142.82
-152.05
-146.3
-158.94
-140.67
-132.89
-145.97
-132.82
-137.55
-136.49
-144.1
-131.35
-149.41
-144.15
-154.71
-134.41
-144.58
-136.51
-145.21
-151.01
-144.76
-147.43
-161.27
-147.05
-143.96
-137.1
-151.4
-142.14
-139.06
-139.98
-134.6
-157.98
-156.4
-144.14
-148.89
-142.35
-145.78
-146.64
-150.19
-149.75
-131.89
-151.41
-143.65
-155.87
-143.72
-142.93
-154.77
-147.22
-135.92
-142.93
-139.24
-132.57
-142.44
-134.94
-134.81
-123.66
-129.03
-134.41
-129.72
-131.51
-141.43
-143.04
-148.11
-141.96
-130.82
-139.71
-129.79
-125.77
-128.33
-120.58
-122.58
-129.27
-145.34
-136.56
-121.17
-142.91
-137.62
-130.27
-127.73
-140.73
-131.53
-147.52
-149.17
-136.65
-131.3
-139.85
-135.78
-132.75
-129.39
-149.36
