-0.349
-0.436
-0.195
-0.651
-0.529
-0.497
-0.518
-0.343
-0.465
-0.269
-0.467
-0.396
-0.217
-0.324
-0.253
-0.333
-0.489
-0.453
-0.185
-0.283
-0.393
-0.272
-0.476
-0.546
-0.31
-0.376
-0.298
-0.34
-0.529
-0.538
-0.314
-0.451
-0.317
-0.216
-0.35
-0.308
-0.22
-0.227
-0.44
-0.5
-0.412
-0.214
-0.319
-0.475
-0.414
-0.266
-0.427
-0.305
-0.474
-0.381
-0.33
-0.351
-0.233
-0.225
-0.36
-0.451
-0.337
-0.384
-0.257
-0.285
-0.199
-0.275
-0.3
-0.33
-0.287
-0.428
-0.337
-0.117
-0.373
-0.194
-0.233
-0.304
-0.262
-0.272
-0.165
-0.349
-0.025
-0.275
-0.244
-0.306
-0.352
-0.238
-0.449
-0.27
-0.195
-0.216
-0.16
-0.2
-0.225
-0.248
-0.2
-0.329
-0.348
-0.246
-0.348
-0.225
-0.298
-0.46
-0.298
-0.51
-0.146
-0.242
-0.409
-0.423
-0.31
-0.443
-0.473
-0.332
-0.39
-0.191
-0.291
-0.431
-0.427
-0.352
-0.367
-0.246
-0.238
-0.16
-0.304
-0.386
-0.337
-0.187
-0.433
-0.344
-0.427
-0.379
-0.446
-0.396
-0.416
-0.472
-0.496
-0.473
-0.535
-0.428
-0.481
-0.342
-0.505
-0.283
-0.572
-0.429
-0.351
-0.407
-0.361
-0.408
-0.353
-0.175
-0.274
-0.349
-0.324
-0.408
-0.325
-0.509
-0.505
-0.401
-0.386
-0.285
-0.713
-0.261
-0.298
-0.297
-0.459
-0.359
-0.348
-0.489
-0.562
-0.501
-0.419
-0.359
-0.53
-0.364
-0.34
-0.314
-0.303
-0.295
-0.336
-0.251
-0.324
-0.384
-0.353
-0.264
-0.474
-0.389
-0.349
-0.473
-0.285
-0.347
-0.176
-0.481
-0.3
-0.43
-0.313
-0.451
-0.374
-0.397
-0.247
-0.463
-0.297
-0.377
-0.387
-0.509
-0.423
-0.407
-0.487
-0.418
-0.364
-0.338
-0.554
-0.604
-0.58
-0.376
-0.451
-0.414
-0.422
-0.37
-0.283
-0.312
-0.296
-0.289
-0.254
-0.289
-0.4
-0.422
-0.208
-0.324
-0.386
-0.233
-0.533
-0.354
-0.273
-0.396
-0.486
-0.609
-0.478
-0.6
-0.345
-0.379
-0.432
-0.48
-0.389
-0.383
-0.357
-0.437
-0.405
-0.258
-0.321
-0.333
-0.419
-0.388
-0.325
-0.528
-0.363
-0.382
-0.433
-0.505
-0.339
-0.436
-0.524
-0.385
-0.432
-0.413
-0.265
-0.318
-0.404
-0.387
-0.504
-0.488
-0.456
-0.535
-0.542
-0.526
-0.605
-0.407
-0.621
-0.346
-0.38
-0.418
-0.542
-0.5
-0.417
-0.551
-0.599
-0.529
-0.373
-0.485
-0.39
-0.533
-0.459
-0.478
-0.524
-0.559
-0.415
-0.336
-0.422
-0.366
-0.549
-0.453
-0.429
-0.406
-0.387
-0.456
-0.337
-0.583
-0.587
-0.491
-0.596
-0.538
-0.498
-0.652
-0.39
-0.488
-0.613
-0.533
-0.61
-0.553
-0.406
-0.447
-0.435
-0.535
-0.533
-0.46
-0.636
-0.577
-0.66
-0.356
-0.309
-0.515
-0.459
-0.336
-0.547
-0.574
-0.403
-0.444
-0.409
-0.567
-0.499
-0.358
-0.409
-0.366
-0.476
-0.438
-0.312
-0.531
-0.349
-0.637
-0.405
-0.47
-0.302
-0.58
-0.379
-0.386
-0.298
-0.5
-0.423
-0.437
-0.637
-0.458
-0.403
-0.641
-0.522
-0.54
-0.34
-0.229
-0.354
-0.378
-0.305
-0.34
-0.3
-0.307
-0.262
-0.269
-0.296
-0.39
-0.398
-0.398
-0.511
-0.423
-0.342
-0.31
-0.307
-0.354
-0.24
-0.299
-0.466
-0.262
-0.607
-0.377
-0.21
-0.375
-0.269
-0.472
-0.236
-0.472
-0.36
-0.325
-0.412
-0.382
-0.365
-0.401
-0.537
-0.313
-0.531
-0.214
-0.436
-0.455
-0.476
-0.399
-0.39
-0.436
-0.436
-0.576
-0.315
-0.484
-0.494
-0.498
-0.535
-0.502
-0.335
-0.454
-0.42
-0.451
-0.219
-0.441
-0.379
-0.721
-0.24
-0.503
-0.483
-0.322
-0.496
-0.403
-0.531
-0.436
-0.336
-0.452
-0.394
-0.28
-0.352
-0.399
-0.509
-0.61
-0.449
-0.452
-0.377
-0.588
-0.457
-0.475
-0.22
-0.404
-0.481
-0.333
-0.323
