-844.298
-845.585
-826.216
-812.375
-755.038
-789.378
-829.433
-803.008
-804.728
-743.409
-793.935
-768.195
-803.224
-741.494
-747.809
-705.235
-729.228
-770.076
-707.998
-734.256
-691.29
-698.42
-750.446
-735.42
-748.169
-757.311
-823.205
-761.668
-768.738
-701.802
-708.392
-766.743
-741.81
-755.208
-790.671
-723.549
-738.311
-726.907
-709.115
-764.395
-715.938
-719.509
-679.967
-725.884
-738.979
-715.621
-721.753
-748.341
-777.67
-777.142
-691.199
-753.1
-710.001
-734.913
-707.557
-709.217
-697.153
-735.382
-682.961
-748.167
-682.208
-709.647
-683.291
-677.311
-740.757
-725.247
-671.56
-679.255
-646.538
-689.456
-630.218
-699.834
-647.425
-611.876
-632.631
-635.861
-624.542
-622.525
-646.752
-681.378
-640.94
-664.167
-642.118
-631.905
-692.025
-683.14
-653.487
-631.826
-617.184
-609.818
-652.081
-686.789
-671.369
-725.038
-715.098
-735.477
-737.902
-659.542
-691.122
-665.856
-692.781
-692.787
-718.637
-682.438
-695.181
-664.246
-687.215
-720.758
-744.214
-692.663
-716.402
-717.689
-752.439
-741.867
-734.574
-743.153
-745.359
-713.105
-773.298
-745.306
-739.271
-727.286
-750.885
-779.59
-770.556
-755.623
-752.587
-744.852
-712.318
-739.809
-744.646
-764.456
-796.487
-733.927
-716.37
-730.934
-782.783
-774.078
-727.705
-691.091
-693.283
-788.928
-750.204
-706.952
-736.933
-742.134
-742.402
-767.936
-706.54
-778.008
-734.309
-743.223
-740.919
-786.857
-753.41
-785.174
-828.806
-773.546
-769.23
-791.229
-729.805
-721.362
-729.808
-742.504
-746.216
-728.151
-721.867
-708.885
-718.63
-685.865
-751.626
-780.187
-760.214
-758.019
-721.891
-711.584
-704.292
-659.548
-701.448
-638.429
-671.065
-707.463
-774.005
-702.868
-727.372
-763.724
-731.069
-736.877
-760.283
-793.933
-769.778
-765.912
-792.324
-787.594
-723.433
-738.248
-731.668
-707.446
-687.585
-775.628
-778.489
-736.89
-702.78
-711.786
-734.009
-745.106
-716.024
-656.107
-689.833
-715.967
-734.101
-701.686
-694.972
-717.586
-719.255
-653.076
-701.617
-710.01
-719.963
-661.865
-690.481
-772.39
-767.671
-748.826
-677.224
-772.661
-697.148
-741.629
-777.372
-766.586
-751.893
-728.454
-743.286
-734.799
-755.193
-756.332
-703.191
-714.023
-747.371
-750.175
-725.436
-763.745
-746.184
-756.271
-771.219
-742.417
-765.353
-800.233
-732.576
-780.287
-759.381
-719.184
-739.596
-783.712
-754.086
-726.616
-720.648
-716.985
-753.975
-751.273
-742.35
-752.708
-785.42
-767.945
-753.914
-816.667
-785.029
-792.265
-792.936
-804.898
-792.461
-788.864
-734.639
-732.29
-758.861
-701.784
-794.022
-820.467
-750.195
-741.31
-712.505
-811.098
-756.8
-703.219
-702.127
-776.625
-762.875
-742.867
-771.664
-741.157
-677.752
-758.8
-770.62
-689.158
-739.331
-702.335
-751.818
-744.958
-729.361
-787.87
-754.642
-814.905
-782.278
-803.987
-747.566
-814.559
-833.525
-779.209
-771.582
-736.261
-824.894
-774.16
-814.704
-774.589
-779.34
-777.354
-711.144
-727.124
-796.167
-775.634
-752.238
-774.463
-800.639
-741.324
-763.627
-743.67
-822.563
-759.651
-792.245
-762.319
-778.121
-793.556
-774.767
-746.009
-710.677
-748.133
-720.195
-727.199
-686.147
-767.543
-737.008
-731.359
-728.155
-786.522
-728.941
-669.901
-704.489
-735.622
-724.714
-705.632
-668.774
-709.753
-696.485
-732.641
-721.957
-758.03
-667.756
-755.767
-695.43
-682.41
-684.447
-718.549
-686.754
-730.887
-733.973
-689.839
-722.885
-695.212
-721.143
-703.992
-758.914
-725.307
-742.497
-739.791
-725.436
-713.858
-664.555
-702.033
-729.754
-733.325
-662.152
-729.445
-747.615
-729.47
-725.629
-701.42
-749.281
-711.969
-699.809
-733.245
-694.889
-702.662
-722.318
-732.393
-678.651
-740.563
-715.05
-751.755
-771.114
-715.27
-655.123
-701.726
-709.779
-659.683
-734.187
-705.767
-726.475
-723.481
-725.747
-730.404
-711.04
-685.878
-715.583
-727.044
-748.48
-751.538
-724.323
-718.013
-698.253
-723.818
-703.281
-681.088
-709.939
-737.588
-712.691
-727.137
-686.144
-723.454
-689.272
-659.668
-715.41
-691.07
-717.633
-723.39
-709.455
-730.752
-680.919
-716.988
-711.044
-676.192
-715.511
-752.388
-695.374
-674.641
-759.508
-672.142
-678.746
-705.341
-809.111
-731.118
-658.184
