-121.45
-121.09
-131.11
-125.51
-120.73
-125.95
-128.09
-125.86
-126.03
-114.76
-125.36
-130.45
-123.37
-121.39
-118.4
-120.89
-115.98
-117.54
-120.19
-119.87
-120.69
-119.45
-121.61
-124.53
-121.97
-122.16
-129.95
-122.31
-124.22
-114.39
-116.98
-110.56
-131.25
-113.0
-123.58
-122.07
-127.09
-126.6
-116.17
-123.56
-119.93
-125.13
-113.08
-126.51
-119.44
-129.69
-115.17
-122.63
-120.29
-127.48
-133.48
-126.32
-120.53
-125.06
-131.23
-113.46
-125.75
-124.5
-118.46
-123.05
-120.62
-116.82
-121.44
-127.03
-111.51
-123.35
-119.57
-117.9
-105.79
-114.99
-114.91
-126.36
-109.73
-117.39
-104.78
-108.35
-117.08
-108.43
-116.13
-119.25
-111.3
-115.38
-110.3
-114.03
-105.83
-120.89
-109.12
-107.02
-117.66
-105.55
-108.06
-109.03
-118.93
-116.16
-119.02
-124.73
-122.16
-118.58
-113.12
-109.45
-110.63
-116.87
-129.41
-117.25
-114.07
-115.38
-119.31
-131.18
-123.26
-113.58
-121.23
-128.32
-120.63
-131.51
-130.05
-122.78
-127.58
-118.39
-112.85
-114.66
-125.32
-122.13
-123.49
-129.36
-134.13
-119.35
-124.43
-121.89
-128.78
-120.49
-126.47
-129.29
-131.88
-118.02
-111.92
-119.91
-133.14
-122.01
-130.72
-124.21
-122.73
-129.05
-127.93
-121.02
-124.25
-122.4
-115.29
-121.43
-133.15
-128.79
-116.3
-130.59
-131.03
-132.79
-124.98
-120.65
-126.9
-129.19
-109.83
-123.32
-121.91
-115.52
-115.8
-122.24
-119.06
-115.23
-118.41
-116.27
-116.93
-121.25
-118.16
-122.32
-117.51
-119.14
-125.34
-115.51
-107.2
-113.6
-105.93
-118.04
-118.2
-130.56
-120.94
-125.38
-122.64
-121.4
-116.33
-121.33
-114.04
-118.29
-117.69
-125.7
-125.41
-122.5
-119.24
-119.78
-125.07
-109.88
-101.95
-126.04
-110.32
-116.51
-123.96
-120.56
-116.75
-110.41
-115.82
-116.35
-108.39
-124.34
-113.21
-114.42
-114.09
-110.02
-113.24
-111.7
-112.69
-113.11
-115.9
-127.09
-129.42
-116.73
-117.24
-120.76
-121.18
-124.66
-122.04
-121.84
-117.77
-122.78
-115.74
-120.1
-115.13
-118.27
-130.94
-124.41
-121.99
-126.07
-131.73
-130.44
-118.1
-133.35
-119.19
-117.8
-117.73
-126.84
-113.74
-135.02
-122.3
-120.82
-122.24
-114.41
-114.99
-121.58
-114.33
-127.26
-121.48
-120.8
-126.77
-110.83
-125.29
-120.71
-129.59
-128.39
-130.25
-131.68
-130.49
-125.32
-127.33
-132.58
-125.78
-123.01
-121.07
-114.31
-120.15
-108.79
-129.23
-138.42
-121.6
-126.72
-117.95
-120.21
-125.28
-119.99
-126.18
-130.8
-117.75
-112.21
-117.96
-121.17
-117.61
-120.3
-122.61
-123.16
-124.62
-123.84
-117.8
-120.1
-122.2
-127.37
-119.74
-133.01
-134.6
-133.41
-121.51
-119.67
-117.86
-121.39
-123.05
-120.82
-131.58
-135.34
-132.59
-132.55
-135.39
-136.3
-126.49
-128.95
-136.41
-124.4
-128.88
-132.25
-131.94
-121.41
-128.11
-123.42
-132.93
-126.27
-131.14
-120.57
-127.04
-129.86
-130.96
-124.94
-120.82
-117.66
-116.67
-123.69
-120.4
-126.92
-122.71
-131.44
-120.02
-124.19
-125.19
-115.79
-118.95
-124.64
-124.35
-121.04
-108.79
-116.6
-111.46
-123.29
-122.97
-119.93
-124.14
-122.36
-118.8
-112.89
-119.48
-120.02
-121.31
-122.24
-128.71
-119.97
-122.22
-131.84
-121.41
-121.79
-119.93
-114.09
-126.19
-117.91
-124.12
-124.06
-124.38
-129.39
-115.91
-114.4
-117.17
-116.75
-121.71
-109.58
-121.75
-121.16
-122.53
-126.37
-119.11
-125.03
-120.48
-113.48
-116.72
-118.04
-117.94
-129.17
-124.03
-109.98
-121.68
-121.83
-117.25
-121.38
-116.84
-113.55
-119.98
-123.85
-118.67
-113.85
-120.43
-124.31
-120.24
-108.97
-118.06
-118.85
-123.83
-120.98
-115.14
-120.02
-113.17
-116.9
-122.07
-120.24
-124.19
-136.77
-116.76
-122.57
-115.79
-108.39
-117.48
-117.76
-117.47
-116.96
-120.19
-113.37
-112.08
-115.98
-117.34
-120.5
-111.99
-116.28
-128.36
-117.59
-107.72
-123.8
-126.64
-112.57
-105.28
-121.25
-104.25
-106.92
-107.63
