-0.35
-0.333
-0.253
-0.28
-0.257
-0.213
-0.187
-0.297
-0.282
-0.207
-0.137
-0.244
-0.266
-0.261
-0.273
-0.174
-0.216
-0.272
-0.251
-0.294
-0.19
-0.237
-0.202
-0.322
-0.266
-0.325
-0.236
-0.267
-0.288
-0.277
-0.286
-0.285
-0.358
-0.164
-0.26
-0.211
-0.191
-0.193
-0.191
-0.257
-0.215
-0.206
-0.214
-0.169
-0.175
-0.246
-0.109
-0.219
-0.161
-0.157
-0.196
-0.299
-0.263
-0.185
-0.271
-0.148
-0.167
-0.279
-0.219
-0.201
-0.092
-0.13
-0.08
-0.14
-0.184
-0.33
-0.246
-0.279
-0.212
-0.231
-0.252
-0.34
-0.289
-0.244
-0.176
-0.207
-0.3
-0.276
-0.158
-0.285
-0.259
-0.234
-0.274
-0.212
-0.211
-0.231
-0.236
-0.26
-0.356
-0.381
-0.321
-0.217
-0.288
-0.228
-0.316
-0.274
-0.319
-0.29
-0.358
-0.281
-0.246
-0.332
-0.389
-0.194
-0.214
-0.339
-0.31
-0.307
-0.251
-0.269
-0.293
-0.312
-0.26
-0.261
-0.284
-0.3
-0.271
-0.307
-0.23
-0.187
-0.329
-0.327
-0.254
-0.322
-0.247
-0.298
-0.298
-0.297
-0.29
-0.449
-0.247
-0.208
-0.246
-0.341
-0.355
-0.228
-0.281
-0.214
-0.354
-0.334
-0.214
-0.322
-0.257
-0.237
-0.327
-0.202
-0.233
-0.304
-0.411
-0.249
-0.224
-0.317
-0.154
-0.198
-0.222
-0.153
-0.206
-0.272
-0.108
-0.128
-0.238
-0.258
-0.298
-0.265
-0.095
-0.23
-0.277
-0.257
-0.156
-0.123
-0.267
-0.273
-0.203
-0.246
-0.179
-0.278
-0.175
-0.286
-0.31
-0.32
-0.322
-0.311
-0.316
-0.312
-0.37
-0.35
-0.455
-0.384
-0.416
-0.167
-0.387
-0.399
-0.312
-0.277
-0.298
-0.284
-0.356
-0.571
-0.386
-0.556
-0.498
