-83.92
-92.04
-78.48
-75.94
-66.41
-75.6
-73.87
-71.92
-71.82
-74.61
-79.92
-82.66
-85.26
-78.3
-79.19
-74.26
-79.93
-85.83
-83.94
-88.42
-76.04
-72.46
-66.46
-77.18
-80.07
-86.91
-90.66
-90.21
-91.5
-95.59
-83.93
-88.39
-82.97
-78.45
-81.61
-81.97
-88.99
-83.72
-84.26
-83.07
-84.68
-80.28
-89.84
-78.36
-81.16
-84.36
-79.3
-71.91
-69.88
-79.39
-84.74
-76.61
-84.54
-72.17
-77.8
-74.06
-82.45
-77.17
-77.03
-73.86
-70.7
-66.04
-60.85
-62.36
-62.77
-70.65
-73.73
-76.48
-66.39
-68.36
-71.6
-75.44
-86.43
-73.72
-72.99
-62.51
-75.63
-77.08
-71.02
-63.08
-72.15
-68.5
-70.23
-72.15
-66.8
-64.07
-75.77
-84.14
-80.39
-73.29
-65.68
-62.67
-67.67
-65.87
-57.37
-60.92
-66.39
-62.29
-67.41
-71.01
-79.89
-75.49
-72.34
-64.88
-67.16
-62.61
-70.34
-67.59
-59.72
-54.5
-58.2
-53.57
-75.41
-59.73
-70.02
-75.51
-67.91
-64.2
-61.95
-61.1
-62.77
-68.39
-64.92
-68.54
-66.83
-81.0
-65.65
-72.71
-57.56
-68.6
-64.61
-55.45
-60.9
-67.91
-75.66
-67.84
-72.22
-66.39
-69.56
-56.1
-60.72
-62.64
-68.31
-69.73
-71.24
-65.29
-69.85
-65.88
-74.35
-72.21
-73.84
-67.6
-66.21
-71.75
-82.18
-64.55
-75.0
-61.63
-71.79
-72.27
-78.58
-65.0
-73.43
-80.08
-74.35
-71.59
-76.1
-69.46
-73.03
-66.21
-66.11
-71.06
-81.17
-65.91
-73.62
-63.04
-65.89
-67.76
-57.85
-80.43
-80.02
-77.1
-74.41
-84.59
-82.32
-75.98
-77.48
-82.75
-69.37
-75.57
-72.7
-71.78
-66.61
-69.36
-71.46
-72.78
-82.79
-75.1
-72.25
-73.24
-77.76
