-77.66
-76.59
-89.42
-75.61
-86.61
-78.13
-83.23
-75.26
-73.81
-66.07
-74.26
-77.53
-67.25
-58.39
-58.44
-78.4
-73.15
-76.46
-68.76
-73.53
-77.2
-81.76
-87.74
-76.76
-63.67
-70.13
-74.08
-63.66
-67.84
-69.52
-79.54
-69.44
-66.14
-77.78
-77.07
-65.09
-66.23
-76.45
-80.43
-76.09
-72.12
-76.36
-80.22
-68.66
-74.71
-62.72
-59.36
-58.13
-58.95
-82.18
-64.73
-73.92
-73.96
-68.25
-59.4
-67.84
-79.27
-76.99
-59.63
-61.55
-64.94
-66.63
-76.04
-68.32
-71.04
-72.77
-64.2
-68.11
-65.95
-64.66
-71.41
-78.53
-61.71
-78.97
-79.5
-71.08
-70.82
-69.77
-57.43
-74.6
-61.01
-57.53
-64.15
-71.66
-77.59
-75.21
-57.14
-75.47
-75.47
-58.97
-51.53
-69.56
-73.96
-66.67
-66.7
-61.3
-62.48
-65.53
-76.47
-69.69
-72.78
-67.8
-56.77
-63.6
-71.3
-64.74
-61.26
-50.13
-61.2
-67.49
-76.21
-73.35
-68.15
-76.25
-62.17
-55.08
-69.49
-73.46
-56.94
-65.65
-66.4
-64.52
-71.92
-59.54
-75.39
-72.37
-66.34
-56.71
-54.58
-68.92
-69.9
-74.74
-70.2
-73.16
-73.96
-75.58
-89.44
-68.78
-77.47
-78.84
-80.83
-74.37
-65.93
-70.44
-79.02
-64.82
-86.03
-79.0
-73.14
-71.81
