-613.557
-585.924
-512.255
-559.499
-526.625
-546.506
-555.234
-539.235
-508.913
-503.9
-534.817
-504.622
-599.222
-567.516
-570.161
-520.56
-532.254
-550.509
-564.464
-592.933
-500.155
-517.156
-509.671
-547.286
-526.358
-575.891
-570.535
-595.551
-572.62
-575.621
-573.192
-555.564
-580.466
-541.68
-565.657
-565.314
-540.528
-535.085
-557.59
-580.58
-607.101
-560.278
-563.661
-589.602
-570.151
-538.662
-549.111
-554.594
-540.63
-523.928
-518.495
-536.574
-534.569
-552.056
-511.307
-538.062
-568.521
-554.472
-549.095
-526.572
-473.087
-536.172
-474.949
-507.163
-492.556
-541.862
-533.362
-573.904
-527.072
-499.364
-518.03
-530.705
-592.372
-519.981
-488.718
-508.632
-536.776
-512.495
-535.119
-474.559
-528.35
-497.689
-512.877
-536.663
-503.712
-489.792
-500.635
-603.516
-587.925
-516.218
-532.528
-553.686
-504.252
-522.75
-512.884
-502.923
-525.403
-491.816
-488.306
-542.112
-543.286
-526.818
-509.465
-563.842
-498.687
-501.166
-524.712
-549.07
-465.717
-480.223
-486.092
-454.558
-536.736
-560.85
-573.391
-549.718
-517.891
-551.047
-540.456
-524.34
-536.134
-549.582
-531.03
-570.974
-537.815
-550.748
-510.16
-483.337
-490.782
-557.366
-504.189
-483.992
-461.013
-499.945
-501.277
-528.643
-492.094
-546.334
-523.138
-465.37
-449.86
-492.028
-525.052
-478.444
-503.754
-489.124
-483.395
-519.614
-490.675
-489.66
-498.794
-510.962
-404.236
-488.103
-492.609
-512.435
-488.08
-443.497
-495.85
-511.239
-550.951
-531.407
-528.363
-532.174
-535.356
-495.486
-505.762
-518.888
-480.147
-496.893
-516.34
-525.852
-490.863
-493.1
-489.322
-504.77
-505.929
-429.976
-486.359
-547.963
-579.068
-557.93
-605.617
-574.384
-613.27
-572.746
-600.008
-598.747
-556.638
-571.157
-524.616
-531.451
-537.962
-517.861
-534.715
-528.262
-553.141
-541.446
-584.0
-626.727
-615.657
