-0.594
-0.656
-0.826
-0.604
-0.957
-0.964
-0.836
-0.772
-0.915
-0.86
-0.933
-1.03
-0.67
-0.772
-0.611
-0.662
-0.706
-0.643
-0.655
-0.676
-0.765
-0.582
-0.838
-0.748
-0.816
-0.791
-0.682
-0.978
-0.81
-0.76
-0.745
-0.807
-0.718
-0.9
-0.857
-0.943
-0.848
-0.749
-0.608
-0.836
-0.867
-0.764
-0.78
-0.67
-0.703
-0.716
-0.648
-0.776
-0.718
-0.707
-0.939
-0.736
-0.621
-0.89
-0.824
-0.841
-0.736
-0.8
-0.757
-0.619
-0.586
-0.62
-0.833
-0.637
-0.755
-0.824
-0.714
-0.937
-1.022
-0.719
-0.836
-0.806
-0.881
-0.771
-0.755
-0.895
-0.866
-0.737
-0.562
-0.424
-0.551
-0.583
-0.57
-0.609
-0.779
-0.896
-0.692
-0.91
-0.791
-0.602
-0.616
-0.737
-0.754
-0.672
-0.835
-0.831
-0.731
-0.928
-0.671
-0.798
-0.649
-0.806
-0.907
-0.499
-0.731
-0.774
-0.597
-0.536
-0.734
-0.766
-0.818
-0.586
-0.607
-0.75
-0.651
-0.764
-0.764
-0.855
-0.998
-0.778
-0.763
-0.856
-0.896
-0.775
-1.0
-0.794
-0.717
-0.928
-0.804
-0.697
-0.956
-0.914
-0.866
-1.041
-0.872
-1.007
-0.93
-1.087
-0.822
-0.844
-0.785
-0.821
-0.713
-0.752
-0.69
-0.85
-0.745
-0.797
-0.803
-0.67
-0.674
-0.695
-0.556
-0.752
-0.711
-0.552
-0.717
-0.806
-0.797
-0.66
-0.572
-0.783
-0.853
-0.611
-0.595
-0.641
-0.688
-0.776
-0.869
-0.784
-0.749
-0.701
-0.795
-0.661
-0.602
-0.654
-0.787
-0.936
-0.683
-0.89
-0.575
-0.767
-0.757
-0.773
-0.784
-0.651
-0.565
-0.785
-0.678
-0.736
-0.761
-0.634
-0.673
-0.832
-0.781
-0.714
-0.823
-0.628
-0.774
-0.709
-0.755
-0.959
-0.564
-0.75
-0.642
-0.885
-0.731
-0.635
-0.8
-0.764
-0.799
-0.679
-0.833
-0.729
-0.731
-0.932
-0.781
-0.931
-0.622
-0.697
-0.813
-0.826
-0.84
-0.832
-0.755
-0.79
-0.86
-0.797
-0.851
-0.694
-0.842
-0.94
-0.707
-0.757
-0.742
-0.817
-0.782
-0.772
-0.736
-0.672
-0.568
-0.576
-0.52
-0.64
-0.621
-0.639
-0.645
-0.718
-0.591
-0.808
-0.748
-0.658
-0.688
-0.62
-0.651
-0.749
-0.789
-0.766
-0.86
-0.855
-0.73
-0.638
-0.724
-0.77
-0.772
-0.858
-0.92
-0.878
-0.646
-0.68
-0.715
-0.726
-0.731
-0.63
-0.62
-0.675
-0.735
-0.699
-0.668
-0.603
-0.691
-0.489
-0.708
-0.842
-0.786
-0.61
-0.717
-0.681
-0.643
-0.977
-0.673
-0.584
-0.418
-0.472
-0.671
-0.605
-0.486
-0.612
-0.706
-0.632
-0.574
-0.594
-0.577
-0.529
-0.494
-0.733
-0.625
-0.663
-0.682
-0.744
-0.958
-0.887
-0.68
-0.758
-0.733
-0.802
-0.718
-0.791
-0.599
-0.675
-0.7
-0.643
-0.717
-0.663
-0.631
-0.617
-0.953
-0.834
-0.721
-0.81
-0.899
-0.819
-0.723
-0.758
-0.797
-0.722
-0.47
-0.664
-0.593
-0.555
-0.642
-0.535
-0.509
-0.801
-0.779
-0.614
-0.772
-0.708
-0.639
-0.631
-0.702
-0.825
-0.839
-0.736
-0.728
-0.79
-0.861
-0.721
-0.841
-0.743
-0.63
-0.667
-0.66
-0.893
-0.722
-0.78
-0.739
-0.776
-0.801
-0.676
-0.582
-0.701
-0.69
-0.812
-0.819
-0.857
-0.782
-0.61
-0.753
-0.73
-0.924
-0.666
-0.875
-0.768
-0.856
-0.669
-0.829
-0.779
-0.854
-0.76
-1.006
-0.793
-0.735
-0.83
-0.696
-0.708
-0.766
-0.803
-0.911
-0.662
-1.054
-0.752
-0.749
-0.663
-0.83
-0.809
-0.673
-0.62
-0.785
-0.718
-0.813
-0.76
-0.858
-0.751
-0.848
-0.842
-0.853
-0.602
-0.768
-0.769
-0.748
-0.636
-0.798
-0.724
-0.941
-0.741
-0.825
-0.834
-0.764
-0.451
-0.815
-0.817
-0.822
-0.627
-0.784
-0.777
-0.851
-0.834
-0.757
-0.931
-0.677
-0.712
-0.69
-0.837
-0.713
-0.737
-0.723
-0.714
-0.714
-0.522
-0.434
