-124.13
-144.01
-131.15
-142.72
-138.46
-150.6
-130.91
-128.04
-137.11
-134.7
-141.89
-138.63
-140.0
-124.84
-124.97
-128.92
-120.85
-136.29
-146.86
-144.73
-134.43
-141.44
-131.82
-132.62
-130.61
-125.56
-131.39
-132.09
-141.36
-129.1
-136.29
-129.43
-138.45
-114.6
-145.03
-151.92
-136.88
-133.05
-132.08
-134.19
-137.83
-145.3
-143.9
-137.38
-139.08
-144.53
-131.81
-133.35
-131.82
-118.8
-127.44
-130.24
-128.67
-136.22
-133.37
-148.29
-134.63
-130.43
-129.56
-132.82
-135.13
-137.84
-130.45
-128.34
-123.87
-140.4
-138.68
-135.41
-131.29
-137.15
-131.05
-128.38
-119.09
-143.82
-148.84
-127.18
-128.09
-133.11
-133.87
-120.04
-134.9
-131.1
-135.83
-130.72
-132.56
-136.11
-133.85
-142.71
-134.45
-116.56
-115.93
-137.34
-127.97
-133.76
-134.99
-142.56
-129.34
-130.15
-121.42
-115.23
-121.86
-121.54
-117.71
-121.19
-109.77
-109.45
-115.74
-134.57
-133.9
-122.5
-130.97
-132.82
-128.03
-115.97
-112.88
-114.13
-114.4
-117.68
-128.48
-126.08
-121.61
-108.16
-121.86
-125.24
-125.17
-111.62
-118.79
-129.31
-127.26
-126.02
-126.64
-123.16
-126.45
-121.16
-140.36
-128.03
-126.01
-128.93
-129.15
-125.47
-124.64
-116.92
-118.85
-123.53
-124.27
-132.0
-129.04
-113.14
-130.46
-137.97
