-811.875
-785.82
-729.693
-789.366
-786.823
-797.949
-789.245
-820.419
-760.641
-736.556
-771.772
-812.544
-793.146
-796.897
-754.243
-757.955
-786.44
-811.716
-785.487
-751.35
-795.904
-823.19
-767.267
-791.328
-796.805
-791.617
-775.108
-767.806
-818.92
-799.358
-782.765
-820.587
-765.433
-817.922
-755.639
-778.376
-801.717
-839.865
-843.079
-809.895
-841.018
-786.081
-760.254
-801.106
-799.766
-786.577
-733.259
-783.415
-771.48
-764.079
-753.231
-845.196
-793.172
-791.779
-818.917
-771.471
-807.907
-779.016
-817.004
-806.655
-822.341
-802.699
-753.402
-749.997
-758.164
-785.033
-731.186
-806.367
-796.002
-821.258
-793.674
-798.669
-777.425
-792.723
-771.713
-787.211
-824.466
-822.634
-846.244
-813.335
-762.269
-770.233
-786.953
-803.271
-874.553
-839.536
-834.991
-834.5
-789.593
-798.149
-850.393
-829.187
-845.801
-785.728
-795.934
-812.699
-793.756
-809.89
-799.607
-803.274
-753.078
-784.692
-814.563
-767.789
-764.949
-818.866
-791.08
-762.634
-788.989
-794.363
-782.553
-788.584
-789.45
-761.195
-768.715
-807.26
-826.97
-822.589
-846.495
-850.151
-802.623
-800.255
-745.702
-806.146
-864.557
-765.594
-813.412
-809.771
-828.501
-797.934
-780.455
-796.048
-813.51
-781.031
-838.844
-845.202
-777.745
-807.833
-781.139
-781.044
-764.142
-765.362
-785.346
-777.482
-799.924
-845.555
-821.095
-805.666
-787.845
-753.817
-760.124
-764.995
-725.965
-721.516
-724.614
-755.546
-808.455
-794.806
-814.961
-796.82
-803.34
-836.25
-814.701
-749.659
-730.192
-789.859
-749.593
-742.576
-786.465
-731.591
-784.257
-739.376
-735.909
-771.148
-751.08
-788.477
-781.276
-765.361
-769.495
-789.48
-783.229
-739.649
-733.297
-741.663
-812.623
-804.262
-760.607
-783.265
-744.395
-779.031
-747.241
-735.179
-728.919
-730.62
-792.369
-755.95
-769.859
-746.78
-776.112
-767.291
-763.87
-781.392
-823.153
-719.148
-790.741
-757.547
-769.637
-820.584
-832.707
-797.673
-819.818
-809.611
-804.773
-788.2
-757.29
-790.914
-804.446
-764.198
-738.575
-776.366
-700.862
-754.534
-773.081
-806.543
-775.501
-816.595
-812.368
-769.064
-801.126
-786.801
-819.781
-773.437
-783.038
-769.347
-757.437
-774.243
-805.538
-755.339
-798.605
-796.517
-774.912
-765.535
-784.443
-711.061
-733.046
-770.952
-743.139
-772.621
-715.191
-723.661
-773.404
-746.519
-726.838
-786.12
-800.461
-785.381
-752.63
-762.638
-746.998
-804.767
-776.383
-776.084
-745.091
-783.29
-759.401
-752.703
-758.267
-742.702
-790.422
-753.171
-755.566
-787.615
-797.012
-757.065
-780.609
-778.526
-735.574
-753.075
-741.457
-727.246
-713.836
-736.73
-826.958
-762.589
-748.693
-790.278
-791.53
-792.648
-801.231
-803.659
-825.879
-860.766
-810.085
-818.068
-815.194
-754.235
-772.334
-797.079
-808.983
-791.394
-809.05
-794.521
-812.789
-827.165
-804.502
-833.028
-786.353
-810.544
-815.616
-837.296
-774.821
-823.454
-804.333
-814.843
-793.233
-835.388
-827.206
-786.555
-817.409
-855.522
-829.984
-832.368
-792.164
-791.244
-823.828
-838.421
-757.833
-833.815
-786.78
-793.966
-795.927
-774.422
-764.098
-811.682
-762.533
-780.051
-796.387
-806.946
-788.418
-823.746
-770.33
-829.35
-770.361
-784.632
-807.021
-795.4
-828.576
-802.724
-793.503
-826.785
-826.029
-828.096
-839.295
-803.787
-847.6
-822.486
-819.733
-813.221
-809.011
-757.152
-790.83
-734.064
-733.345
-781.772
-795.096
-731.891
-796.933
-797.588
-814.114
-779.961
-798.895
-831.622
-823.764
-866.73
-831.53
-853.571
-846.182
-851.782
-828.784
-841.603
-876.025
-836.383
-842.37
-800.199
-790.341
-802.421
-858.956
-794.924
-873.63
-876.686
-882.974
-858.13
-808.429
-814.171
-783.77
-801.768
-832.846
-809.258
-811.672
-826.53
-791.233
-792.631
-754.814
-801.615
-795.627
-780.329
-831.453
-818.439
-776.363
-857.482
-773.741
-754.685
-835.012
-773.953
-788.076
-804.494
-775.131
-786.926
-757.016
-800.513
-796.444
-826.088
-858.391
-772.368
-814.41
-837.122
-809.602
-768.729
-795.199
-804.682
-851.801
-811.924
-805.013
-803.61
-822.18
-798.926
-821.611
-804.507
-792.278
-826.64
-817.238
-745.496
-802.221
-795.558
-775.764
-780.985
-730.695
-719.638
-778.746
-727.835
-705.596
