-107.46
-116.22
-113.62
-117.79
-117.1
-111.91
-116.76
-124.58
-118.28
-124.05
-114.79
-124.09
-116.25
-129.9
-115.96
-117.07
-117.35
-113.22
-122.68
-111.98
-125.32
-111.52
-109.65
-130.82
-128.69
-115.16
-120.47
-125.7
-126.82
-119.41
-120.24
-126.32
-121.7
-132.08
-122.88
-116.74
-122.45
-120.37
-118.79
-111.9
-120.03
-119.89
-119.08
-120.06
-116.96
-117.01
-117.5
-124.31
-101.92
-115.2
-123.02
-115.72
-117.38
-119.73
-118.51
-117.32
-121.19
-125.56
-118.17
-117.17
-119.54
-120.02
-120.99
-112.13
-119.04
-114.83
-118.26
-116.4
-130.47
-121.44
-123.83
-123.79
-125.26
-115.17
-115.33
-117.76
-113.18
-114.38
-114.36
-114.64
-116.33
-114.47
-120.15
-117.12
-118.32
-128.88
-123.56
-117.17
-117.81
-122.24
-114.39
-119.58
-110.93
-116.5
-117.6
-127.72
-114.19
-111.35
-115.22
-119.63
-121.71
-124.27
-123.44
-116.26
-113.04
-115.07
-115.01
-133.28
-117.42
-114.4
-116.07
-111.0
-116.8
-114.5
-117.19
-125.73
-120.23
-119.54
-122.22
-114.21
-131.43
-123.18
-119.75
-127.0
-120.05
-116.81
-115.62
-125.13
-121.68
-122.15
-123.8
-127.88
-120.79
-114.51
-117.56
-125.58
-119.47
-127.13
-109.75
-108.53
-114.21
-116.67
-127.64
-117.16
-121.95
-121.05
-123.85
-110.92
-113.96
-107.38
-109.72
-106.91
-108.66
-113.1
-92.28
-97.39
-110.93
-123.42
-113.03
-103.55
-105.62
-113.45
-111.71
-104.14
-101.25
-108.06
-102.33
-113.23
-105.61
-104.9
-113.82
-103.45
-102.64
-110.97
-115.58
-111.65
-105.18
-111.48
-103.75
-114.8
-101.19
-105.01
-104.99
-118.61
-111.2
-116.1
-104.95
-111.45
-116.46
-118.67
-113.02
-112.06
-104.44
-111.43
-112.12
-115.21
-115.42
-103.74
-109.1
-120.57
-108.42
-124.63
-112.78
-102.98
-119.65
-120.82
-117.96
-123.9
-121.83
-125.33
-127.58
-114.43
-125.31
-115.21
-120.7
-127.27
-116.51
-112.72
-108.58
-108.23
-112.41
-112.1
-112.52
-115.37
-113.05
-124.83
-120.62
-111.11
-119.18
-119.08
-112.78
-118.96
-105.84
-112.02
-104.03
-126.53
-123.88
-118.55
-117.39
-122.12
-114.37
-115.47
-113.59
-109.95
-108.91
-110.46
-119.07
-112.2
-114.04
-117.33
-107.61
-108.57
-115.7
-116.47
-118.11
-113.16
-111.71
-108.9
-121.07
-114.62
-109.31
-113.78
-118.99
-116.85
-124.51
-115.37
-108.84
-120.37
-131.05
-122.09
-111.32
-120.61
-103.74
-106.85
-104.34
-106.59
-108.04
-114.37
-113.03
-106.45
-100.12
-91.89
-111.77
-112.21
-102.22
-116.52
-114.58
-111.59
-107.43
-115.06
-123.36
-112.21
-117.55
-116.13
-125.7
-111.08
-112.29
-99.71
-119.23
-103.1
-110.11
-112.8
-114.85
-105.48
-102.59
-124.11
-110.1
-118.27
-111.36
-124.42
-105.29
-129.25
-110.82
-119.23
-112.49
-111.29
-124.53
-125.46
-123.7
-119.49
-125.17
-121.79
-121.24
-114.81
-127.31
-123.06
-112.92
-120.06
-119.67
-112.26
-119.91
-123.68
-105.59
-114.21
-110.31
-111.34
-110.99
-116.28
-106.92
-102.59
-108.45
-128.32
-119.62
-114.05
-119.13
-107.73
-119.34
-122.26
-115.65
-122.24
-110.79
-118.23
-124.03
-105.85
-119.63
-118.53
-123.26
-112.67
-95.78
-104.31
-111.22
-116.54
-110.78
-114.62
-110.9
-110.25
-102.97
-118.93
-114.29
-108.71
-103.88
-106.3
-112.54
-121.57
-104.59
-115.06
-122.23
-120.47
-107.34
-110.14
-121.73
-107.59
-116.26
-96.42
-101.76
-105.6
-108.76
-102.76
-115.85
-119.6
-108.4
-116.41
-103.62
-120.5
-108.41
-103.96
-119.53
-109.32
-102.12
-108.85
-113.99
-107.95
-105.42
-111.25
-108.43
-109.12
-107.07
-122.15
-115.88
-108.95
-108.65
-112.37
-110.12
-114.04
-102.0
-117.7
-107.69
-98.31
-101.61
-111.59
-105.96
-116.85
-95.51
-110.01
-114.67
-115.14
-113.98
-113.59
-105.35
-110.14
-105.08
-109.8
-114.58
-103.42
-108.19
-119.21
-105.09
-112.65
-120.12
-103.56
-102.46
-120.9
-109.83
-121.17
-106.56
-110.31
-110.03
-104.44
-112.04
-100.42
-112.8
