-0.35
-0.613
-0.344
-0.414
-0.293
-0.305
-0.315
-0.353
-0.554
-0.405
-0.346
-0.441
-0.363
-0.385
-0.386
-0.403
-0.295
-0.139
-0.211
-0.298
-0.455
-0.209
-0.495
-0.26
-0.296
-0.508
-0.368
-0.245
-0.17
-0.4
-0.405
-0.471
-0.465
-0.477
-0.553
-0.467
-0.497
-0.436
-0.411
-0.591
-0.553
-0.523
-0.409
-0.453
-0.316
-0.274
-0.342
-0.395
-0.401
-0.353
-0.341
-0.379
-0.598
-0.38
-0.427
-0.41
-0.292
-0.677
-0.346
-0.421
-0.418
-0.495
-0.402
-0.429
-0.561
-0.436
-0.408
-0.361
-0.54
-0.459
-0.482
-0.435
-0.42
-0.491
-0.447
-0.347
-0.524
-0.335
-0.358
-0.291
-0.433
-0.352
-0.482
-0.456
-0.428
-0.419
-0.487
-0.543
-0.438
-0.475
-0.598
-0.426
-0.399
-0.475
-0.423
-0.374
-0.416
-0.295
-0.242
-0.429
-0.42
-0.332
-0.378
-0.325
-0.568
-0.362
-0.405
-0.346
-0.389
-0.356
-0.396
-0.446
-0.331
-0.282
-0.417
-0.347
-0.417
-0.539
-0.317
-0.3
-0.585
-0.493
-0.213
-0.239
-0.513
-0.397
-0.267
-0.396
-0.553
-0.534
-0.464
-0.452
-0.464
-0.639
-0.38
-0.555
-0.267
-0.536
-0.443
-0.43
-0.382
-0.469
-0.415
-0.442
-0.445
-0.657
-0.412
-0.607
-0.505
-0.312
-0.566
-0.391
-0.406
-0.243
-0.454
-0.21
-0.39
-0.4
-0.298
-0.366
-0.258
-0.397
-0.372
-0.422
-0.396
-0.308
-0.392
-0.408
-0.373
-0.248
-0.353
-0.533
-0.403
-0.407
-0.392
-0.321
-0.341
-0.41
-0.587
-0.372
-0.38
-0.375
-0.408
-0.344
-0.238
-0.448
-0.311
-0.535
-0.38
-0.418
-0.423
-0.354
-0.403
-0.496
-0.534
-0.391
-0.281
-0.431
-0.482
-0.425
-0.434
-0.308
-0.566
-0.447
-0.524
-0.411
-0.525
-0.522
-0.32
-0.538
-0.394
-0.345
-0.415
-0.483
-0.43
-0.325
-0.471
-0.435
-0.559
-0.534
-0.319
-0.463
-0.524
-0.541
-0.546
-0.528
-0.436
-0.582
-0.39
-0.365
-0.633
-0.482
-0.558
-0.613
-0.484
-0.393
-0.359
-0.418
-0.501
-0.476
-0.583
-0.363
-0.596
-0.665
-0.382
-0.443
-0.349
-0.333
-0.219
-0.405
-0.408
-0.48
-0.471
-0.47
-0.437
-0.625
-0.523
-0.639
-0.663
-0.568
-0.536
-0.324
-0.386
-0.472
-0.483
-0.399
-0.451
-0.576
-0.4
-0.489
-0.462
-0.443
-0.249
-0.312
-0.298
-0.373
-0.376
-0.254
-0.346
-0.366
-0.418
-0.362
-0.746
-0.5
-0.519
-0.65
-0.514
-0.539
-0.381
-0.618
-0.566
-0.55
-0.5
-0.623
-0.524
-0.546
-0.584
-0.495
-0.586
-0.71
-0.706
-0.631
-0.468
-0.389
-0.431
-0.343
-0.567
-0.519
-0.657
-0.536
-0.699
-0.729
-0.58
-0.516
-0.635
-0.581
-0.657
-0.634
-0.749
-0.471
-0.646
-0.701
-0.711
-0.767
-0.651
-0.584
-0.483
-0.514
-0.52
-0.5
-0.522
-0.599
-0.647
-0.593
-0.697
-0.641
-0.658
-0.524
-0.65
-0.598
-0.589
-0.694
-0.605
-0.581
-0.605
-0.708
-0.64
-0.63
-0.674
-0.73
-0.53
-0.692
-0.706
-0.608
-0.575
-0.605
-0.665
-0.675
-0.69
-0.68
-0.639
-0.77
-0.766
-0.808
-0.616
-0.485
-0.813
-0.545
-0.812
-0.735
-0.788
-0.752
-0.598
-0.689
-0.661
-0.804
-0.675
-0.737
-0.721
-0.672
-0.672
-0.765
-0.828
-0.562
-0.768
-0.821
-0.584
-0.626
-0.434
-0.484
-0.542
-0.506
-0.635
-0.63
-0.616
-0.508
-0.609
-0.587
-0.523
-0.568
-0.585
-0.67
-0.651
-0.739
-0.538
-0.604
-0.66
-0.571
-0.651
-0.732
-0.647
-0.557
-0.643
-0.678
-0.747
-0.631
-0.598
-0.567
-0.523
-0.659
-0.579
-0.721
-0.469
-0.569
-0.426
-0.504
-0.394
-0.503
-0.568
-0.598
-0.411
-0.56
-0.652
-0.488
-0.387
-0.523
-0.589
-0.582
-0.51
-0.428
-0.526
-0.517
-0.566
-0.611
-0.322
-0.535
-0.606
-0.55
-0.617
-0.581
-0.593
