-111.65
-105.02
-106.94
-108.45
-100.99
-107.56
-101.06
-98.83
-108.65
-102.54
-104.51
-110.19
-109.16
-99.07
-93.36
-89.17
-96.54
-91.19
-96.39
-102.43
-112.37
-105.26
-118.39
-112.92
-107.47
-101.77
-108.12
-111.06
-105.75
-116.96
-118.36
-113.83
-110.49
-111.01
-113.69
-105.46
-99.88
-109.2
-113.46
-112.51
-106.91
-105.82
-116.88
-117.49
-111.34
-106.04
-110.84
-112.11
-98.98
-109.2
-111.65
-116.09
-114.2
-109.11
-100.76
-97.29
-98.8
-112.55
-101.02
-105.5
-119.19
-103.95
-120.07
-117.71
-116.21
-115.2
-109.35
-113.3
-116.35
-121.56
-115.59
-115.49
-116.17
-118.04
-109.13
-111.62
-117.22
-118.36
-108.91
-101.25
-112.16
-105.57
-113.28
-116.74
-109.97
-115.58
-112.82
-114.56
-117.44
-111.13
-114.26
-117.73
-118.05
-124.89
-108.31
-98.06
-107.88
-107.16
-107.52
-106.79
-113.46
-111.94
-112.93
-112.49
-107.86
-112.67
-107.54
-107.3
-106.41
-115.17
-112.33
-107.86
-108.24
-106.51
-114.43
-116.86
-118.51
-121.7
-119.69
-104.22
-115.27
-98.72
-117.86
-120.48
-113.76
-107.99
-118.09
-107.04
-106.77
-118.37
-109.37
-113.95
-113.86
-111.98
-112.08
-119.29
-104.94
-117.85
-108.44
-111.62
-106.81
-106.89
-113.68
-112.47
-118.24
-106.16
-118.83
-110.83
-117.13
-119.26
-115.72
-114.53
-115.31
-114.93
-112.61
-105.36
-114.13
-116.03
-115.91
-108.15
-112.94
-112.09
-116.54
-111.03
-112.72
-110.2
-114.34
-115.16
-113.64
-110.39
-120.65
-114.18
-125.46
-120.09
-109.73
-103.19
-113.46
-109.56
-107.53
-102.46
-114.48
-114.2
-112.18
-100.37
-103.92
-106.35
-107.94
-108.47
-112.29
-112.41
-112.87
-109.67
-111.35
-111.51
-115.67
-107.87
-107.6
-106.98
-119.08
-111.07
-116.86
-104.48
-106.83
-110.5
-111.27
-110.95
-114.57
-116.21
-124.11
-113.07
-118.16
-115.14
-119.66
-116.4
-114.21
-109.75
-114.71
-128.94
-127.71
-123.76
-125.66
-127.85
-127.18
-116.25
-119.76
-115.37
-122.24
-123.78
-124.97
-111.04
-118.6
-119.64
-115.16
-126.04
-126.42
-119.41
-119.6
-126.33
-124.73
-131.01
-128.81
-129.32
-124.55
-127.57
-124.62
-120.84
-116.29
-122.66
-112.68
-120.43
-120.47
-116.33
-112.64
-104.4
-122.93
-124.2
-118.5
-115.96
-128.43
-125.17
-120.89
-124.14
-122.76
-116.15
-118.98
-114.13
-114.96
-120.44
-116.23
-112.41
-107.85
-114.48
-112.72
-100.07
-109.01
-108.31
-120.31
-101.61
-109.13
-102.71
-107.7
-111.41
-107.31
-117.38
-111.27
-115.7
-115.22
-106.69
-100.16
-107.82
-99.16
-100.89
-100.77
-104.99
-105.46
-114.17
-112.24
-116.56
-116.68
-116.54
-106.69
-119.44
-113.37
-108.74
-95.35
-106.37
-101.27
-102.21
-122.18
-111.77
-118.3
-106.63
-104.23
-111.71
-122.91
-111.28
-121.19
-111.36
-119.63
-104.12
-111.59
-119.41
-123.95
-113.7
-112.05
-99.15
-111.62
-101.11
-103.68
-102.92
-94.09
-116.65
-106.35
-116.76
-111.57
-108.49
-91.41
-106.46
-92.4
-104.48
-106.36
-107.07
-109.48
-106.16
-102.64
-105.93
-92.26
-107.01
-93.58
-107.56
-95.3
-109.81
-100.81
-106.89
-106.49
-100.16
-115.89
-107.75
-109.54
-110.75
-97.61
-99.07
-97.75
-102.91
-115.98
-110.66
-104.92
-104.37
-110.04
-114.0
-113.08
-111.14
-103.47
-109.18
-95.71
-98.27
-101.11
-96.95
-106.1
-110.85
-114.59
-102.88
-115.14
-115.39
-117.9
-116.91
-110.69
-115.78
-108.05
-103.87
-111.24
-101.12
-110.79
-111.92
-117.45
-103.46
-112.31
-118.33
-112.02
-112.49
-113.14
-114.27
-108.47
-107.67
-102.85
-93.31
-100.51
-104.38
-112.91
-103.88
-107.13
-106.18
-106.32
-111.64
-109.33
-104.46
-106.31
-110.1
-115.8
-116.35
-105.34
-113.84
-103.47
-109.19
-103.28
-119.39
-107.82
-105.29
-110.46
-111.11
-92.91
-102.16
-97.15
-112.51
-104.93
-94.79
-95.03
-99.73
-96.67
-91.19
-94.75
-87.96
-99.17
-98.54
-96.06
-94.72
-92.15
-95.42
-94.5
-91.77
-92.77
