-689.377
-654.356
-686.053
-677.827
-673.969
-692.852
-695.675
-619.685
-685.817
-658.792
-652.462
-643.159
-632.76
-669.769
-592.663
-585.409
-594.542
-590.016
-629.385
-663.798
-647.166
-636.7
-661.068
-626.782
-638.692
-635.597
-639.677
-690.462
-610.016
-651.915
-712.246
-707.146
-708.769
-698.73
-704.476
-672.39
-634.541
-698.354
-663.392
-688.436
-659.986
-654.106
-658.66
-674.038
-665.94
-674.13
-659.711
-653.246
-665.149
-635.439
-643.651
-758.588
-688.398
-706.662
-674.443
-686.674
-652.976
-750.84
-709.901
-712.706
-713.703
-731.16
-745.042
-718.208
-748.806
-720.431
-703.299
-690.667
-669.746
-702.5
-735.916
-762.067
-711.822
-732.453
-676.421
-743.683
-676.236
-723.172
-655.387
-707.57
-695.06
-656.446
-695.946
-732.702
-703.128
-706.755
-722.897
-760.354
-652.771
-646.347
-745.119
-693.882
-685.499
-726.85
-650.0
-671.763
-664.204
-665.4
-691.71
-686.825
-685.155
-655.122
-709.179
-738.15
-678.586
-700.139
-635.81
-649.478
-695.979
-682.87
-684.409
-683.765
-697.239
-693.868
-707.642
-692.566
-708.099
-684.058
-709.792
-641.374
-722.448
-713.817
-701.626
-679.596
-669.691
-636.064
-701.397
-670.141
-661.885
-706.594
-663.527
-647.923
-715.893
-657.244
-718.985
-712.005
-678.687
-633.664
-647.736
-718.572
-656.065
-699.195
-679.688
-684.96
-712.783
-752.061
-702.715
-670.514
-653.479
-711.433
-700.944
-649.454
-760.939
-694.29
-638.671
-659.092
-686.932
-644.751
-666.293
-700.437
-694.876
-667.44
-710.825
-664.74
-654.037
-677.524
-712.139
-697.658
-667.66
-673.397
-678.876
-705.724
-696.246
-637.271
-615.548
-639.033
-683.366
-686.995
-679.899
-619.065
-666.078
-680.06
-694.702
-643.774
-641.268
-663.921
-655.639
-663.146
-680.788
-647.929
-636.665
-658.931
-695.867
-670.387
-629.261
-633.403
-687.676
-676.37
-651.429
-621.638
-655.121
-604.079
-668.984
-696.116
-630.078
-679.915
-702.191
-684.299
-690.856
-723.449
-740.619
-705.215
-670.401
-669.963
-684.807
-698.423
-704.082
-717.92
-703.386
-688.691
-748.397
-766.659
-770.874
-728.223
-710.317
-729.594
-704.384
-802.21
-696.19
-766.009
-785.009
-726.645
-737.398
-750.275
-787.65
-763.837
-758.323
-686.959
-703.248
-766.303
-816.744
-745.372
-785.277
-755.749
-739.257
-687.121
-714.194
-677.895
-681.119
-744.939
-694.599
-710.351
-703.285
-690.943
-744.708
-727.615
-728.377
-743.575
-726.943
-704.821
-743.905
-728.986
-714.348
-689.739
-692.083
-693.049
-661.768
-729.719
-701.223
-631.468
-698.719
-713.387
-715.245
-671.203
-657.562
-639.563
-695.05
-661.171
-619.595
-579.21
-637.938
-660.258
-661.987
-651.238
-616.865
-702.827
-698.876
-670.246
-637.527
-655.601
-647.13
-642.321
-662.8
-715.482
-670.738
-713.495
-702.737
-695.856
-712.815
-723.365
-679.905
-727.956
-673.482
-670.23
-589.399
-631.495
-631.37
-649.626
-707.138
-679.046
-675.861
-665.854
-656.834
-704.367
-725.624
-716.937
-754.165
-686.042
-756.786
-671.995
-723.177
-773.326
-765.986
-761.441
-775.024
-726.236
-789.18
-749.492
-683.678
-699.505
-681.196
-677.919
-741.344
-699.873
-724.872
-706.803
-671.289
-691.465
-662.343
-726.762
-690.466
-708.248
-725.111
-742.181
-717.063
-771.556
-734.902
-756.29
-702.143
-728.451
-697.016
-771.626
-755.853
-722.733
-702.767
-716.83
-757.907
-711.616
-732.182
-787.802
-709.915
-732.1
-741.668
-742.406
-715.467
-761.834
-759.322
-707.863
-830.377
-821.181
-751.843
-772.334
-720.919
-785.181
-725.796
-718.431
-759.907
-754.407
-713.407
-754.584
-725.826
-780.112
-788.641
-787.584
-783.44
-787.709
-682.443
-739.244
-660.874
-689.099
-665.783
-725.443
-728.567
-743.571
-733.161
-751.87
-728.781
-735.47
-766.637
-728.084
-763.454
-782.999
-759.801
-682.697
-671.585
-617.865
-680.765
-719.45
-724.052
-703.894
-718.897
-722.316
-739.665
-708.086
-714.939
-721.924
-727.022
-696.144
-693.93
-728.637
-615.999
-735.238
-714.109
-692.133
-637.798
-678.024
-640.747
-675.837
-647.159
-690.618
-630.857
-726.59
-680.79
-692.831
-684.917
-658.521
-665.048
-671.84
-650.026
-593.068
-660.396
-619.112
-584.582
-646.201
-617.124
-618.9
-587.575
-612.529
-618.274
-544.706
-620.233
