-118.49
-143.34
-131.59
-123.48
-109.47
-116.01
-117.99
-134.85
-123.98
-126.81
-137.7
-136.86
-131.13
-136.98
-136.15
-124.9
-130.65
-129.19
-128.02
-137.46
-142.45
-151.19
-123.74
-139.85
-128.84
-133.77
-129.39
-128.63
-112.02
-121.51
-134.22
-113.07
-132.97
-129.22
-131.95
-124.52
-122.93
-122.91
-108.87
-109.19
-131.03
-132.48
-123.56
-122.78
-117.39
-110.21
-124.45
-115.16
-122.73
-110.87
-123.65
-121.56
-109.81
-124.67
-119.15
-122.24
-120.38
-116.57
-124.04
-128.1
-124.05
-107.99
-114.01
-119.1
-124.2
-119.63
-134.39
-130.5
-138.99
-115.16
-135.76
-117.98
-130.58
-122.69
-125.67
-114.9
-123.27
-111.65
-119.82
-127.65
-122.57
-119.42
-127.82
-123.72
-129.99
-131.49
-110.85
-105.92
-117.9
-131.58
-114.53
-126.58
-111.29
-118.87
-141.64
-134.28
-124.52
-112.9
-131.52
-137.74
-128.08
-123.53
-137.33
-121.59
-124.0
-124.16
-122.14
-113.84
-124.95
-114.79
-129.13
-123.64
-132.28
-105.43
-122.99
-117.8
-130.27
-135.07
-119.56
-112.59
-122.01
-128.45
-136.18
-125.62
-120.26
-125.16
-118.41
-123.0
-115.09
-109.77
-118.93
-124.37
-121.68
-113.49
-109.2
-109.44
-122.02
-128.8
-113.56
-110.55
-118.18
-111.32
-124.53
-117.46
-121.97
-107.9
-119.19
-121.53
-117.85
-118.34
