-120.29
-127.88
-118.09
-126.97
-122.58
-114.62
-121.61
-124.03
-125.32
-108.93
-107.65
-105.88
-108.22
-104.4
-105.62
-113.28
-111.0
-116.24
-116.53
-114.52
-112.99
-112.9
-110.96
-116.06
-120.64
-132.55
-126.34
-126.64
-120.01
-120.13
-109.91
-114.23
-118.31
-108.97
-109.97
-110.53
-105.3
-107.04
-107.65
-125.17
-117.64
-116.17
-108.52
-124.52
-113.0
-112.46
-119.0
-110.7
-117.05
-120.53
-116.96
-121.1
-126.12
-118.64
-115.71
-116.01
-120.27
-113.01
-120.6
-111.87
-107.26
-109.89
-121.99
-115.03
-119.92
-113.66
-120.34
-131.44
-127.35
-124.31
-111.65
-117.13
-107.95
-107.83
-95.59
-125.5
-114.93
-119.97
-120.9
-129.04
-124.79
-101.64
-117.78
-105.81
-117.23
-127.75
-115.8
-117.33
-106.22
-113.11
-120.33
-114.5
-125.61
-122.63
-125.47
-124.77
-112.29
-114.71
-124.38
-124.49
-133.29
-137.92
-140.85
-125.19
-129.34
-133.7
-125.2
-130.29
-115.54
-130.56
-122.61
-121.26
-112.57
-124.81
-129.47
-131.09
-136.84
-122.35
-104.67
-111.85
-131.48
-121.07
-114.23
-134.07
-126.82
-123.77
-129.86
-137.72
-140.14
-134.47
-142.09
-139.03
-137.04
-123.94
-137.98
-133.56
-139.68
-115.9
-130.98
-136.71
-132.39
-130.37
-115.3
-120.88
-137.47
-128.22
-132.68
-132.32
-131.71
-145.31
