-114.89
-115.46
-120.33
-107.55
-123.09
-124.15
-108.31
-128.28
-125.3
-114.88
-117.66
-115.42
-105.87
-118.06
-110.1
-108.88
-119.66
-127.35
-120.63
-117.45
-117.82
-112.45
-120.59
-126.38
-113.03
-121.7
-123.33
-109.69
-110.96
-118.54
-114.08
-124.02
-116.52
-111.94
-101.32
-109.36
-103.23
-98.47
-113.37
-107.8
-106.16
-108.78
-102.9
-106.75
-103.09
-102.13
-104.56
-93.04
-84.15
-112.48
-102.09
-102.49
-103.24
-109.02
-109.78
-98.04
-107.42
-110.5
-101.01
-98.68
-104.3
-92.54
-98.98
-101.18
-97.75
-105.76
-105.09
-99.83
-97.04
-95.13
-92.41
-95.38
-101.41
-94.56
-110.46
-108.7
-106.24
-102.53
-106.56
-104.71
-97.64
-108.19
-104.73
-107.71
-95.09
-106.61
-93.33
-88.86
-94.26
-101.76
-104.25
-101.16
-100.21
-109.9
-111.13
-97.58
-107.19
-93.22
-98.04
-93.76
-101.17
-103.11
-110.28
-105.72
-105.4
-103.1
-107.96
-102.25
-99.28
-103.65
-91.85
-103.84
-113.26
-108.54
-105.42
-94.16
-107.47
-107.37
-111.3
-112.24
-110.71
-108.42
-100.1
-103.94
-98.3
-108.64
-99.48
-98.72
-103.38
-102.28
-110.61
-93.61
-102.38
-89.05
-98.22
-101.12
-96.84
-111.03
-98.3
-103.25
-95.58
-105.84
-101.84
-102.86
-94.01
-104.47
-103.34
-102.99
-109.66
-106.99
-111.8
-112.69
-121.21
-108.56
-114.7
-111.55
-112.46
-116.38
-109.73
-112.83
-107.67
-107.82
-116.83
-105.46
-109.0
-119.46
-119.26
-107.95
-104.16
-94.47
-103.39
-107.76
-108.98
-122.4
-108.14
-111.14
-120.0
-116.61
-121.36
-117.73
-126.19
-134.04
-119.81
-111.96
-123.76
-123.27
-111.75
-109.08
-105.79
-112.78
-116.83
-114.11
-112.56
-111.95
-126.07
-124.05
-115.97
-125.0
-118.22
-119.08
-121.17
-114.84
-116.89
-124.81
-110.42
-116.0
-116.01
-96.73
-111.51
-118.4
-115.09
-115.57
-115.02
-115.13
-110.62
-110.05
-110.83
-114.82
-113.82
-113.34
-105.62
-111.75
-108.77
-107.45
-123.18
-114.46
-106.02
-115.86
-111.25
-103.67
-106.57
-107.53
-117.92
-121.59
-109.81
-115.84
-115.62
-108.28
-114.41
-114.46
-115.5
-106.37
-110.47
-100.48
-111.69
-111.35
-107.93
-109.59
-118.46
-117.33
-108.63
-105.89
-119.56
-114.49
-117.71
-114.35
-107.13
-118.65
-114.49
-112.77
-109.07
-103.2
-106.75
-105.91
-109.05
-108.13
-120.08
-103.37
-114.54
-110.69
-110.22
-108.35
-116.51
-118.14
-112.43
-122.1
-120.87
-114.13
-105.02
-108.05
-119.65
-100.32
-115.88
-99.36
-114.85
-119.84
-106.77
-111.92
-107.39
-113.23
-101.35
-114.17
-115.6
-112.73
-116.31
-109.44
-110.42
-104.27
-116.02
-101.38
-105.28
-125.07
-117.43
-107.77
-109.64
-113.83
-120.85
-108.7
-105.53
-113.91
-110.17
-116.25
-109.6
-107.22
-112.14
-110.61
-114.86
-112.05
-107.86
-105.27
-113.12
-107.75
-103.38
-109.24
-102.18
-111.08
-114.5
-108.95
-112.22
-112.81
-122.73
-110.46
-118.68
-112.99
-115.96
-115.16
-108.11
-114.47
-106.04
-108.69
-113.88
-119.84
-119.12
-116.61
-112.97
-120.85
-112.84
-134.85
-123.83
-107.33
-117.19
-106.81
-123.08
-107.93
-113.08
-118.27
-105.46
-106.54
-106.17
-118.49
-114.03
-109.61
-120.89
-111.19
-120.49
-113.9
-110.62
-124.66
-114.18
-118.0
-108.39
-108.61
-110.89
-107.59
-104.65
-111.49
-118.75
-121.7
-108.46
-104.41
-115.05
-121.93
-116.83
-122.44
-114.2
-120.17
-110.11
-122.08
-109.7
-107.85
-115.63
-112.51
-112.22
-114.46
-108.41
-114.78
-120.92
-104.54
-122.53
-120.85
-122.98
-121.83
-120.27
-114.7
-106.57
-110.39
-119.07
-113.07
-115.5
-121.65
-108.88
-119.99
-108.12
-116.04
-117.43
-122.01
-108.07
-112.52
-108.37
-109.87
-97.98
-99.39
-113.53
-114.89
-108.95
-119.71
-108.0
-115.56
-109.23
-116.6
-110.72
-105.55
-116.2
-116.53
-105.92
-121.05
-117.22
-114.31
-117.68
-108.83
-111.64
-117.81
-114.94
-108.39
-122.82
-116.44
-115.82
-124.42
-117.24
-125.1
-125.8
