-0.632
-0.637
-0.772
-0.645
-0.877
-0.806
-0.704
-0.729
-0.592
-0.662
-0.751
-0.702
-0.518
-0.862
-0.687
-0.608
-0.673
-0.788
-0.726
-0.623
-0.801
-0.68
-0.656
-0.71
-0.661
-0.59
-0.575
-0.448
-0.533
-0.671
-0.562
-0.743
-0.622
-0.738
-0.516
-0.591
-0.653
-0.539
-0.808
-0.531
-0.417
-0.571
-0.687
-0.544
-0.462
-0.513
-0.595
-0.535
-0.463
-0.846
-0.693
-0.513
-0.524
-0.6
-0.534
-0.538
-0.569
-0.534
-0.652
-0.554
-0.647
-0.584
-0.605
-0.532
-0.516
-0.663
-0.602
-0.568
-0.621
-0.601
-0.584
-0.506
-0.736
-0.539
-0.504
-0.514
-0.535
-0.635
-0.577
-0.617
-0.558
-0.61
-0.611
-0.744
-0.687
-0.776
-0.702
-0.477
-0.646
-0.805
-0.604
-0.646
-0.668
-0.725
-0.83
-0.82
-0.698
-0.556
-0.56
-0.619
-0.635
-0.596
-0.572
-0.629
-0.686
-0.719
-0.73
-0.707
-0.66
-0.645
-0.626
-0.659
-0.755
-0.567
-0.626
-0.508
-0.594
-0.52
-0.49
-0.727
-0.757
-0.642
-0.62
-0.742
-0.627
-0.619
-0.631
-0.582
-0.673
-0.611
-0.691
-0.448
-0.666
-0.53
-0.624
-0.642
-0.827
-0.698
-0.738
-0.676
-0.651
-0.739
-0.585
-0.616
-0.835
-0.679
-0.743
-0.679
-0.749
-0.662
-0.611
-0.662
-0.721
-0.56
-0.456
-0.499
-0.733
-0.731
-0.572
-0.572
-0.634
-0.744
-0.565
-0.553
-0.546
-0.44
-0.521
-0.486
-0.712
-0.637
-0.761
-0.487
-0.482
-0.643
-0.568
-0.681
-0.563
-0.582
-0.576
-0.562
-0.73
-0.698
-0.525
-0.756
-0.674
-0.705
-0.654
-0.699
-0.598
-0.524
-0.567
-0.658
-0.867
-0.792
-0.751
-0.707
-0.576
-0.734
-0.925
-0.809
-0.905
-0.81
-0.71
-0.51
-0.489
-0.657
-0.797
-0.604
-0.783
-0.644
-0.855
-0.681
-0.759
-0.498
-0.437
-0.705
-0.644
-0.511
-0.684
-0.814
-0.738
-0.692
-0.543
-0.691
-0.727
-0.648
-0.567
-0.664
-0.473
-0.587
-0.557
-0.646
-0.587
-0.757
-0.571
-0.842
-0.58
-0.556
-0.825
-0.81
-0.788
-0.623
-0.794
-0.565
-0.688
-0.55
-0.42
-0.494
-0.689
-0.804
-0.589
-0.543
-0.571
-0.761
-0.636
-0.555
-0.515
-0.672
-0.496
-0.504
-0.628
-0.622
-0.517
-0.586
-0.673
-0.583
-0.543
-0.461
-0.564
-0.731
-0.71
-0.651
-0.442
-0.768
-0.535
-0.771
-0.591
-0.686
-0.564
-0.563
-0.484
-0.526
-0.483
-0.547
-0.648
-0.729
-0.401
-0.47
-0.381
-0.443
-0.735
-0.736
-0.522
-0.429
-0.616
-0.405
-0.521
-0.33
-0.524
-0.45
-0.639
-0.677
-0.604
-0.656
-0.382
-0.487
-0.501
-0.721
-0.566
-0.475
-0.641
-0.585
-0.521
-0.588
-0.473
-0.572
-0.437
-0.542
-0.538
-0.491
-0.693
-0.511
-0.473
-0.506
-0.417
-0.493
-0.448
-0.393
-0.578
-0.546
-0.746
-0.745
-0.685
-0.788
-0.737
-0.613
-0.462
-0.69
-0.789
-0.553
-0.528
-0.545
-0.559
-0.684
-0.781
-0.619
-0.534
-0.648
-0.715
-0.509
-0.661
-0.451
-0.576
-0.382
-0.592
-0.487
-0.53
-0.466
-0.561
-0.52
-0.405
-0.38
-0.594
-0.51
-0.578
-0.444
-0.457
-0.822
-0.602
-0.431
-0.475
-0.621
-0.393
-0.466
-0.449
-0.39
-0.515
-0.434
-0.439
-0.517
-0.504
-0.59
-0.384
-0.51
-0.608
-0.449
-0.49
-0.408
-0.493
-0.5
-0.509
-0.49
-0.442
-0.538
-0.5
-0.477
-0.446
-0.465
-0.501
-0.49
-0.495
-0.489
-0.532
-0.476
-0.585
-0.377
-0.534
-0.538
-0.518
-0.575
-0.533
-0.373
-0.557
-0.382
-0.656
-0.469
-0.538
-0.417
-0.321
-0.525
-0.382
-0.432
-0.431
-0.436
-0.44
-0.508
-0.626
-0.566
-0.516
-0.638
-0.344
-0.613
-0.428
-0.569
-0.537
-0.298
-0.331
-0.468
-0.35
-0.435
-0.449
-0.405
-0.475
-0.478
-0.708
-0.515
-0.42
-0.71
-0.559
-0.607
-0.468
