-779.333
-798.544
-784.249
-784.498
-762.933
-815.86
-833.449
-819.922
-831.929
-801.819
-763.487
-796.232
-779.623
-786.646
-821.535
-786.995
-815.135
-804.36
-793.678
-745.925
-755.396
-752.868
-781.459
-802.862
-810.719
-809.195
-794.84
-785.847
-802.485
-834.989
-799.954
-829.694
-826.322
-809.968
-737.12
-763.572
-723.701
-681.951
-778.276
-738.99
-716.725
-711.585
-698.676
-678.165
-686.52
-694.193
-749.015
-728.311
-714.528
-718.273
-748.404
-678.741
-764.268
-714.465
-725.453
-698.252
-740.384
-733.352
-718.994
-721.141
-694.046
-725.63
-709.9
-685.544
-697.073
-709.898
-708.938
-751.513
-719.662
-725.513
-777.542
-736.208
-765.396
-754.97
-728.207
-781.761
-740.871
-758.422
-755.537
-771.963
-719.997
-735.17
-727.594
-704.481
-765.43
-708.057
-710.982
-691.234
-714.826
-725.835
-734.055
-766.583
-681.625
-757.235
-720.885
-695.859
-754.608
-778.818
-766.484
-705.138
-743.372
-767.573
-771.552
-807.727
-764.476
-779.216
-772.918
-786.913
-776.341
-726.121
-757.031
-773.465
-762.278
-764.189
-777.97
-745.208
-821.549
-839.294
-850.158
-804.407
-758.833
-786.734
-786.597
-698.076
-739.798
-801.295
-712.395
-749.881
-796.743
-745.197
-798.678
-745.822
-748.114
-721.886
-714.863
-774.313
-758.874
-751.702
-738.706
-819.437
-752.959
-732.603
-791.65
-767.807
-778.892
-748.648
-736.173
-753.668
-780.201
-761.168
-796.12
-760.836
-778.882
-783.059
-780.293
-748.057
-718.429
-722.963
-732.483
-757.964
-721.841
-695.301
-732.296
-723.812
-760.162
-745.401
-750.509
-724.509
-684.907
-728.178
-742.269
-757.595
-756.068
-777.604
-767.381
-759.388
-768.919
-776.327
-799.931
-825.741
-822.452
-799.156
-812.582
-738.896
-799.019
-779.228
-793.28
-794.528
-735.899
-778.9
-771.149
-768.648
-815.29
-786.545
-821.468
-789.212
-782.101
-803.396
-797.849
-849.504
-817.954
-782.214
-796.295
-812.681
-792.24
-834.463
-781.126
-780.035
-833.143
-792.343
-797.25
-770.864
-810.419
-812.791
-772.513
-721.778
-754.329
-670.63
-761.039
-772.91
-771.808
-771.783
-779.908
-770.345
-818.917
-755.198
-801.423
-738.335
-752.525
-727.823
-743.494
-720.051
-773.505
-769.339
-755.486
-793.981
-743.504
-756.623
-762.368
-788.372
-743.536
-766.894
-755.487
-772.526
-754.95
-734.166
-713.176
-729.646
-761.611
-793.728
-758.058
-766.397
-780.242
-766.902
-768.25
-793.835
-784.474
-760.617
-740.953
-809.414
-759.961
-746.995
-746.654
-718.033
-735.299
-760.647
-737.76
-746.335
-742.104
-763.861
-764.013
-765.297
-706.151
-746.625
-754.56
-697.892
-794.684
-756.821
-732.132
-779.965
-738.109
-703.362
-762.8
-757.836
-830.71
-791.805
-731.479
-757.454
-773.146
-746.207
-799.052
-814.421
-813.246
-763.337
-760.456
-799.956
-777.15
-791.62
-819.567
-761.844
-768.715
-837.49
-790.58
-771.549
-736.527
-798.74
-810.564
-751.098
-759.406
-792.622
-769.314
-766.492
-764.801
-783.914
-741.94
-826.909
-798.082
-744.298
-758.432
-742.053
-742.274
-757.141
-736.206
-747.13
-710.221
-764.715
-780.531
-816.606
-799.969
-791.514
-799.582
-802.115
-801.507
-809.598
-764.119
-767.991
-815.115
-819.921
-792.109
-788.354
-812.968
-805.699
-809.93
-818.499
-772.827
-761.207
-786.199
-826.49
-790.257
-840.347
-850.763
-784.144
-793.748
-776.058
-815.26
-758.839
-787.259
-772.484
-806.552
-774.721
-769.132
-783.183
-779.156
-750.31
-761.096
-783.891
-754.763
-807.968
-820.101
-814.252
-761.615
-746.149
-795.809
-766.386
-788.495
-785.313
-810.225
-752.408
-773.145
-759.868
-758.496
-781.439
-747.932
-803.088
-806.439
-758.232
-773.253
-749.649
-749.816
-731.661
-770.249
-748.22
-718.712
-770.577
-734.088
-746.237
-739.598
-761.858
-753.637
-768.136
-764.468
-790.668
-759.426
-763.443
-732.813
-740.977
-789.629
-754.289
-823.52
-808.877
-801.285
-776.176
-754.917
-751.525
-730.002
-753.766
-775.857
-714.252
-706.765
-753.566
-725.163
-720.491
-727.367
-720.676
-796.465
-812.225
-810.044
-763.893
-785.122
-714.922
-769.253
-793.725
-766.428
-722.406
-727.626
-791.873
-736.561
-712.052
-751.252
-766.397
-755.315
-705.407
-731.882
-693.563
-761.629
-801.681
-741.622
-796.026
-815.557
-825.847
-793.231
