-766.731
-756.471
-771.957
-798.031
-780.706
-835.685
-862.987
-789.819
-812.359
-795.762
-841.191
-836.056
-866.764
-813.792
-803.639
-791.597
-771.795
-825.47
-808.432
-794.779
-850.907
-782.43
-796.207
-755.687
-748.182
-785.958
-792.437
-763.134
-816.035
-810.726
-831.188
-807.137
-795.435
-803.523
-801.447
-808.288
-785.245
-778.611
-772.189
-754.999
-755.634
-748.465
-714.492
-747.952
-768.943
-737.589
-750.274
-731.476
-760.394
-803.038
-790.057
-810.607
-802.466
-813.821
-781.36
-823.45
-786.166
-768.941
-777.018
-815.472
-835.09
-828.024
-829.077
-778.235
-787.906
-788.473
-753.772
-783.56
-759.227
-792.56
-789.726
-809.582
-785.365
-743.489
-805.567
-808.544
-818.335
-821.48
-817.874
-803.16
-756.574
-787.632
-822.623
-797.362
-793.355
-741.448
-813.377
-813.565
-807.923
-821.346
-795.848
-766.072
-801.849
-785.968
-754.637
-798.619
-850.206
-830.514
-808.508
-794.816
-756.174
-797.328
-757.729
-796.344
-802.67
-767.702
-763.261
-796.981
-782.807
-746.119
-708.155
-730.679
-783.683
-812.854
-775.684
-752.466
-770.408
-818.354
-793.411
-802.537
-804.459
-766.058
-796.912
-754.726
-767.345
-679.382
-843.806
-780.696
-785.646
-802.376
-802.002
-857.326
-830.865
-833.843
-836.114
-823.468
-796.492
-782.416
-760.323
-792.729
-789.728
-748.559
-711.888
-758.97
-809.317
-795.341
-819.36
-757.379
-800.742
-811.994
-772.205
-766.69
-794.438
-774.362
-711.432
-754.637
-746.126
-791.482
-728.986
-759.168
-746.1
-756.499
-725.042
-756.428
-726.962
-754.376
-778.006
-767.786
-775.886
-775.916
-733.131
-754.232
-779.838
-796.76
-786.744
-751.57
-750.753
-720.78
-718.968
-652.62
-712.935
-748.23
-703.779
-726.603
-678.367
-703.21
-719.156
-705.205
-753.745
-772.418
-798.539
-727.177
-776.242
-841.385
-775.607
-795.275
-820.94
-813.403
-770.204
-798.014
-729.502
-761.895
-802.39
-769.638
-773.835
-730.92
-737.64
-755.044
-737.835
-727.859
-730.11
-730.326
-727.693
-732.767
-729.251
-727.227
-768.393
-776.035
-787.348
-781.285
-768.943
-780.259
-749.462
-741.751
-776.577
-783.351
-732.68
-790.516
-776.755
-767.058
-771.808
-782.764
-781.373
-730.521
-729.662
-768.63
-786.945
-777.588
-779.379
-768.837
-772.485
-737.939
-778.016
-707.736
-730.851
-740.499
-736.265
-724.887
-740.131
-746.559
-780.993
-732.73
-738.093
-744.566
-763.453
-739.757
-733.688
-751.466
-752.652
-784.637
-708.621
-768.092
-724.405
-723.969
-760.984
-781.625
-806.281
-790.261
-801.885
-826.7
-790.125
-796.575
-828.254
-849.329
-763.882
-782.723
-838.211
-767.036
-745.994
-806.751
-783.142
-773.301
-814.632
-783.167
-737.035
-798.307
-766.269
-731.26
-777.411
-761.253
-767.913
-735.005
-745.722
-725.904
-718.446
-705.466
-780.669
-780.363
-775.741
-821.243
-779.371
-797.193
-761.915
-700.708
-756.042
-798.008
-784.023
-808.18
-768.279
-763.087
-731.257
-769.548
-725.62
-750.382
-745.501
-688.443
-725.972
-667.864
-702.587
-702.202
-731.608
-735.609
-721.242
-758.523
-754.585
-730.627
-739.148
-723.411
-671.735
-713.375
-753.585
-747.591
-778.38
-771.077
-717.938
-738.925
-724.542
-747.526
-715.136
-741.26
-686.159
-767.119
-670.331
-691.839
-733.827
-734.476
-743.095
-752.777
-824.24
-798.449
-808.766
-761.786
-776.959
-775.595
-787.615
-773.137
-803.336
-822.841
-807.406
-744.337
-777.103
-774.318
-760.343
-762.619
-731.646
-759.69
-738.452
-727.223
-784.061
-755.833
-756.083
-634.398
-704.235
-703.035
-742.737
-726.519
-721.393
-715.644
-754.914
-744.941
-739.726
-755.639
-738.185
-724.144
-718.625
-742.108
-710.073
-757.164
-751.349
-750.057
-769.182
-760.187
-737.617
-749.371
-760.238
-763.41
-750.123
-742.117
-753.9
-781.797
-723.704
-750.407
-681.776
-745.149
-731.2
-782.414
-741.382
-741.196
-721.302
-758.665
-799.753
-793.729
-811.897
-802.646
-783.768
-792.88
-751.332
-763.204
-750.393
-717.642
-764.192
-795.956
-792.514
-743.569
-771.254
-768.536
-716.416
-702.002
-750.842
-737.821
-839.836
-803.265
-795.451
-798.378
-753.221
-779.837
-712.868
-755.344
-736.626
-727.841
-729.732
-728.525
-735.267
-714.896
-760.491
-676.617
-687.496
-704.234
-738.253
-718.51
-698.327
