-92.69
-115.55
-108.45
-105.09
-90.9
-112.96
-113.59
-104.57
-107.57
-113.54
-118.88
-108.72
-107.96
-111.05
-110.4
-104.87
-115.98
-110.55
-107.63
-109.72
-109.76
-103.08
-102.38
-99.82
-102.2
-109.29
-105.51
-102.77
-104.81
-119.02
-103.9
-99.78
-106.61
-108.87
-115.21
-109.32
-104.87
-114.35
-102.36
-106.36
-114.99
-99.82
-104.59
-107.75
-111.28
-104.45
-104.41
-109.54
-95.51
-102.19
-106.3
-102.82
-108.59
-112.18
-105.65
-104.52
-109.91
-108.47
-92.72
-112.0
-104.57
-113.35
-113.14
-98.0
-116.4
-108.85
-108.35
-110.76
-106.92
-110.49
-105.17
-99.26
-106.95
-117.98
-97.33
-107.73
-103.36
-102.54
-107.45
-112.24
-113.12
-116.71
-106.87
-109.94
-103.31
-112.61
-108.8
-106.25
-112.68
-101.93
-94.34
-96.93
-109.79
-108.56
-96.37
-107.09
-110.28
-103.57
-116.17
-113.12
-105.48
-107.7
-110.56
-98.47
-103.49
-99.11
-105.68
-103.24
-97.71
-99.19
-108.78
-98.71
-100.42
-102.46
-113.82
-112.18
-98.27
-110.4
-96.89
-101.68
-100.95
-100.14
-104.39
-92.36
-98.98
-111.39
-98.28
-107.53
-112.03
-114.11
-110.98
-107.2
-97.6
-114.5
-109.22
-103.6
-119.58
-107.92
-101.26
-105.94
-108.26
-102.88
-100.27
-97.96
-115.23
-97.74
-110.02
-104.64
-115.58
-107.04
-100.68
-97.73
-92.0
-96.02
-98.59
-101.59
-100.17
-95.5
-81.93
-110.16
-108.12
-102.5
-106.43
-101.43
-100.37
-114.13
-97.75
-103.08
-96.4
-93.3
-100.86
-99.63
-95.11
-106.26
-106.14
-110.06
-106.93
-103.6
-92.77
-98.54
-94.03
-100.44
-96.24
-103.98
-90.14
-94.49
-99.86
-96.29
-107.69
-109.42
-97.42
-92.07
-106.98
-115.94
-98.84
-95.15
-100.23
-89.59
-104.95
-100.55
-113.98
-112.27
-108.68
-116.11
-112.87
-108.5
-105.49
-96.09
-94.38
-93.32
-96.78
-107.95
-102.77
-104.97
-97.62
-98.32
-100.04
-99.17
-101.96
-105.59
-92.83
-98.48
-106.73
-111.65
-98.72
-105.02
-109.43
-101.76
-106.69
-115.34
-108.29
-109.79
-101.33
-97.22
-99.01
-109.83
-104.51
-94.74
-105.28
-104.5
-118.95
-109.01
-100.36
-98.81
-108.24
-108.79
-102.7
-114.32
-120.07
-109.91
-100.06
-107.97
-101.95
-94.55
-107.92
-97.63
-98.43
-102.68
-100.53
-101.93
-104.11
-108.0
-92.82
-100.86
-105.21
-93.48
-114.16
-114.17
-107.51
-113.95
-108.93
-105.28
-117.9
-109.63
-109.06
-116.06
-117.54
-103.78
-116.2
-120.51
-112.87
-103.66
-111.09
-117.57
-112.42
-110.0
-99.75
-101.46
-108.51
-107.78
-103.38
-98.51
-114.05
-104.6
-111.86
-115.63
-103.83
-111.62
-110.53
-100.48
-108.22
-123.91
-99.33
-113.14
-105.72
-107.11
-108.96
-104.98
-110.16
-105.08
-104.96
-107.95
-103.08
-99.65
-97.38
-102.04
-108.5
-95.32
-107.13
-99.64
-91.21
-102.82
-103.47
-112.81
-112.14
-102.86
-112.01
-107.08
-110.48
-112.74
-89.64
-118.22
-106.56
-101.1
-96.46
-100.36
-109.89
-110.8
-111.87
-99.35
-103.71
-104.41
-104.38
-99.81
-100.62
-106.56
-100.05
-102.95
-110.34
-113.75
-114.93
-108.66
-103.55
-110.67
-116.05
-110.49
-102.8
-102.41
-111.08
-97.84
-115.48
-94.79
-121.5
-113.56
-112.02
-105.71
-104.74
-108.1
-102.59
-103.86
-113.65
-96.38
-101.28
-106.89
-108.28
-114.22
-98.33
-108.88
-106.83
-108.27
-91.19
-104.53
-116.14
-99.59
-95.1
-99.59
-110.0
-106.8
-96.65
-101.17
-103.36
-103.98
-105.75
-97.08
-105.83
-105.11
-108.58
-101.09
-102.52
-102.36
-115.37
-111.76
-109.06
-119.07
-110.25
-113.84
-110.19
-98.99
-93.99
-103.89
-103.59
-99.49
-109.19
-100.68
-106.68
-104.62
-108.45
-104.72
-103.45
-100.01
-108.9
-105.89
-101.75
-98.41
-111.3
-97.29
-94.86
-100.37
-93.12
-100.67
-98.71
-102.27
-110.25
-109.53
-100.85
-106.37
-97.79
-107.76
-94.58
-99.49
-92.16
-99.9
-81.92
-95.74
-107.53
-94.48
-95.55
-87.06
-101.01
-94.82
-89.77
