-0.786
-1.014
-0.973
-0.817
-1.025
-0.967
-1.122
-0.844
-0.971
-0.926
-1.083
-0.98
-0.924
-0.778
-1.029
-0.832
-1.016
-0.801
-0.971
-0.82
-0.96
-0.773
-0.893
-0.807
-0.831
-0.786
-0.883
-0.721
-0.772
-1.007
-0.899
-0.845
-0.789
-0.866
-0.925
-0.88
-0.732
-1.085
-0.781
-0.907
-0.906
-0.818
-0.939
-0.675
-0.677
-0.844
-0.731
-0.806
-0.633
-0.898
-0.908
-0.735
-0.829
-0.819
-0.923
-0.871
-0.845
-0.801
-0.609
-0.82
-0.844
-0.787
-0.954
-0.718
-0.82
-0.808
-0.707
-0.804
-0.881
-1.047
-0.953
-0.837
-0.692
-0.711
-0.76
-0.776
-0.88
-0.813
-0.77
-0.978
-0.919
-0.971
-0.799
-0.762
-0.806
-1.112
-0.926
-1.128
-0.97
-0.915
-0.914
-0.686
-1.086
-0.99
-0.8
-0.979
-1.102
-1.018
-0.844
-1.048
-1.038
-1.04
-0.905
-0.811
-0.806
-0.676
-0.827
-0.952
-0.805
-0.896
-0.879
-0.808
-0.832
-0.898
-0.847
-0.877
-0.947
-1.015
-0.863
-0.912
-1.039
-0.839
-0.846
-0.721
-0.687
-0.867
-0.922
-0.842
-0.993
-0.955
-0.985
-0.914
-0.818
-0.932
-0.885
-0.687
-0.779
-0.788
-0.591
-0.606
-0.893
-0.802
-0.947
-0.951
-1.126
-0.75
-1.028
-0.909
-0.734
-0.951
-0.8
-0.737
-0.756
-1.076
-0.83
-0.832
-0.641
-0.704
-0.843
-0.881
-0.76
-0.747
-0.915
-0.714
-0.878
-0.864
-0.859
-0.796
-0.905
-0.764
-0.894
-0.867
-0.986
-0.639
-0.918
-0.983
-0.843
-0.629
-0.783
-0.621
-0.711
-0.652
-0.724
-0.793
-0.628
-0.892
-0.655
-0.755
-0.832
-0.965
-0.888
-0.846
-0.978
-0.952
-0.857
-0.772
-0.704
-0.892
-0.834
-0.789
-0.765
-0.871
-0.697
-0.745
-0.686
-0.805
-0.669
-0.725
-0.71
-0.805
-0.807
-0.883
-0.848
-0.867
-0.735
-0.829
-0.707
-0.886
-0.955
-0.875
-0.826
-0.799
-0.749
-0.824
-0.807
-0.865
-0.735
-0.627
-0.502
-0.866
-0.955
-0.893
-0.848
-0.835
-0.902
-0.841
-0.925
-0.867
-0.801
-0.958
-0.853
-0.932
-1.071
-0.628
-0.782
-0.894
-0.726
-0.949
-1.05
-0.755
-0.938
-0.738
-0.723
-0.623
-0.914
-0.803
-0.597
-0.885
-0.859
-0.876
-0.744
-0.727
-0.769
-0.616
-0.719
-0.972
-0.722
-0.75
-0.749
-0.714
-0.61
-1.088
-0.94
-0.785
-0.85
-0.785
-1.073
-0.917
-0.889
-0.744
-0.689
-0.723
-0.939
-0.803
-0.765
-0.97
-0.922
-0.929
-0.811
-0.915
-0.811
-0.865
-0.685
-0.738
-0.754
-0.815
-0.999
-0.85
-0.71
-0.776
-0.781
-0.69
-0.777
-0.646
-0.706
-0.667
-0.865
-0.908
-0.705
-0.754
-0.87
-0.995
-0.794
-0.803
-0.938
-0.936
-0.881
-0.829
-0.686
-0.784
-0.696
-0.803
-0.78
-1.018
-1.008
-0.861
-1.014
-0.922
-0.879
-0.809
-0.927
-0.955
-0.995
-0.842
-0.886
-0.828
-0.85
-0.865
-0.857
-0.823
-0.733
-0.741
-0.669
-0.836
-0.767
-0.74
-0.83
-0.726
-0.72
-0.603
-0.876
-0.611
-0.866
-0.748
-0.681
-0.691
-0.73
-0.95
-0.728
-0.811
-0.862
-0.757
-0.767
-0.608
-0.862
-0.831
-0.768
-0.718
-0.77
-0.787
-0.705
-0.56
-0.64
-0.737
-0.614
-0.907
-0.875
-0.761
-0.803
-0.876
-0.797
-0.683
-0.71
-0.73
-0.733
-0.763
-0.866
-0.988
-0.708
-0.792
-0.945
-0.993
-0.862
-0.886
-0.899
-1.071
-0.759
-0.79
-0.888
-0.858
-0.819
-0.976
-0.718
-1.047
-0.809
-1.135
-0.712
-0.743
-0.745
-0.808
-0.804
-0.878
-0.89
-0.887
-1.026
-0.634
-0.822
-0.784
-0.836
-0.775
-0.793
-0.935
-0.792
-0.811
-0.873
-0.697
-0.732
-0.715
-0.842
-0.787
-0.766
-0.656
-0.815
-0.855
-0.795
-0.933
-0.645
-0.878
-0.839
-0.798
-0.816
-0.774
-0.812
-0.724
-0.862
-0.773
-0.552
-0.625
-0.604
-0.813
-0.669
