-127.34
-130.05
-128.82
-127.2
-123.58
-122.88
-127.2
-129.39
-116.51
-128.35
-129.07
-131.07
-141.21
-131.57
-117.56
-132.7
-126.08
-123.45
-120.84
-119.0
-122.52
-122.91
-113.52
-116.8
-118.75
-116.75
-132.14
-116.81
-125.84
-130.52
-128.86
-128.56
-121.34
-125.0
-122.09
-121.88
-133.97
-124.67
-129.06
-135.19
-128.97
-106.11
-114.84
-126.49
-118.25
-125.99
-126.63
-124.83
-133.95
-123.04
-121.85
-129.48
-122.62
-118.06
-120.13
-124.83
-128.32
-124.74
-123.31
-115.48
-120.51
-124.5
-122.55
-116.05
-120.73
-129.86
-120.99
-125.94
-116.69
-127.97
-128.12
-112.15
-121.23
-118.45
-113.53
-109.3
-119.76
-121.14
-130.97
-130.32
-128.52
-125.08
-125.97
-126.76
-123.8
-116.37
-141.45
-117.97
-111.68
-112.95
-114.65
-113.77
-111.9
-117.14
-126.54
-129.34
-123.46
-110.12
-115.14
-123.42
-114.91
-122.38
-119.8
-117.06
-113.4
-116.05
-106.53
-115.23
-102.49
-133.19
-131.23
-125.61
-108.83
-116.23
-123.37
-122.0
-125.21
-115.55
-127.77
-123.04
-120.81
-127.47
-121.36
-127.6
-130.29
-134.09
-127.51
-118.79
-109.24
-109.39
-98.06
-118.99
-113.56
-112.68
-107.57
-116.37
-125.51
-121.69
-116.63
-132.25
-127.2
-108.54
-130.71
-145.18
-129.87
-124.05
-125.12
-127.84
-121.71
-131.6
