-645.476
-657.773
-664.3
-699.202
-695.411
-712.18
-660.25
-600.532
-650.261
-676.271
-677.935
-688.96
-692.489
-680.532
-742.174
-683.237
-728.879
-739.736
-723.468
-696.111
-714.056
-784.954
-751.868
-765.09
-724.055
-823.26
-768.235
-728.359
-663.107
-703.36
-725.954
-721.845
-665.135
-668.377
-682.457
-676.041
-673.419
-639.628
-668.486
-635.638
-597.539
-626.509
-623.313
-668.492
-666.856
-635.778
-634.424
-682.943
-647.025
-645.807
-611.685
-611.662
-671.523
-639.32
-649.08
-611.869
-615.117
-617.734
-687.941
-668.627
-707.099
-721.155
-695.394
-715.851
-704.039
-717.815
-733.919
-685.488
-724.998
-677.481
-699.582
-677.149
-710.675
-656.997
-643.018
-719.645
-677.593
-716.52
-635.712
-663.542
-598.832
-629.642
-639.688
-734.704
-609.609
-680.728
-582.375
-583.454
-655.801
-602.774
-587.787
-563.716
-613.868
-638.118
-606.989
-656.074
-647.801
-623.801
-614.315
-582.944
-592.992
-598.018
-602.876
-627.004
-581.06
-605.067
-624.957
-635.645
-654.825
-593.68
-669.047
-661.179
-623.358
-614.678
-627.308
-555.53
-567.098
-586.988
-608.834
-657.288
-603.308
-668.363
-665.279
-603.223
-598.916
-601.336
-638.346
-641.87
-595.494
-580.085
-601.71
-603.214
-631.682
-641.923
-604.717
-651.141
-582.777
-628.809
-622.681
-631.053
-598.33
-613.646
-642.034
-644.394
-618.392
-651.292
-652.619
-678.08
-719.612
-666.643
-669.057
-659.674
-629.586
-701.812
-665.536
-641.706
-692.166
-622.722
-604.239
-661.638
-654.319
-672.891
-638.827
-624.13
-699.489
-631.344
-662.108
-630.202
-685.539
-629.562
-702.953
-670.837
-611.306
-627.356
-607.32
-641.516
-639.481
-658.761
-666.765
-655.556
-675.072
-630.545
-629.386
-649.937
-607.201
-667.861
-673.066
-646.894
-653.954
-661.706
-718.096
-648.267
-687.363
-717.902
-691.955
-722.39
-687.623
-613.659
-651.818
-668.963
-675.336
-689.849
-714.135
-711.059
-686.441
-651.791
-653.12
-667.351
-690.412
-772.066
-719.026
-670.848
-730.824
-693.093
-690.976
-690.456
-705.828
-662.202
-677.514
-631.624
-695.31
-604.844
-634.558
-664.09
-648.489
-651.102
-688.117
-653.176
-652.078
-658.207
-677.379
-671.093
-666.389
-631.314
-661.64
-661.599
-631.106
-663.03
-609.892
-639.503
-651.166
-674.095
-676.312
-645.995
-686.336
-656.134
-625.414
-639.48
-609.747
-643.958
-658.921
-603.325
-640.281
-613.463
-679.64
-658.866
-613.861
-593.01
-630.94
-621.061
-649.774
-667.968
-695.483
-642.515
-634.896
-584.901
-658.554
-667.768
-714.713
-724.925
-660.494
-648.887
-689.321
-638.781
-681.15
-633.175
-627.014
-693.958
-646.076
-673.672
-653.611
-624.255
-651.528
-693.601
-662.555
-615.119
-669.645
-649.04
-684.436
-651.641
-657.302
-702.714
-663.886
-648.605
-618.462
-670.995
-632.172
-668.203
-688.476
-647.398
-672.486
-645.079
-664.799
-626.164
-634.921
-610.833
-617.388
-641.365
-687.982
-620.596
-665.982
-653.636
-662.321
-692.83
-653.894
-657.538
-670.753
-628.179
-671.735
-601.369
-689.761
-642.043
-596.519
-712.357
-701.165
-621.058
-604.835
-648.996
-614.443
-644.573
-615.465
-596.418
-631.555
-567.874
-565.171
-602.072
-557.894
-598.269
-614.546
-617.219
-613.84
-572.973
-587.443
-635.302
-585.487
-587.639
-621.564
-572.518
-674.45
-653.251
-663.728
-622.896
-641.948
-613.199
-588.151
-548.847
-588.574
-553.384
-576.017
-561.222
-581.796
-564.782
-575.693
-633.142
-600.282
-636.395
-600.342
-550.573
-662.949
-561.423
-597.515
-579.929
-629.139
-632.398
-579.989
-575.646
-549.496
-592.129
-602.413
-554.25
-589.775
-587.969
-634.855
-612.881
-570.112
-552.642
-585.762
-580.117
-594.953
-619.93
-626.3
-609.208
-611.711
-560.881
-607.56
-606.967
-658.659
-640.527
-631.264
-625.866
-623.041
-703.597
-624.011
-598.121
-551.001
-649.953
-666.442
-660.396
-602.561
-603.859
-597.925
-619.058
-627.618
-640.332
-621.918
-612.934
-630.409
-633.555
-647.644
-631.603
-656.69
-662.743
-662.344
-639.797
-630.108
-629.724
-663.162
-619.092
-607.223
-638.099
-651.927
-617.078
-676.091
-651.988
-656.587
-601.369
-683.116
-647.394
-658.401
-639.383
-656.389
-602.947
-674.4
-579.371
-623.15
-657.789
-606.595
-654.995
-610.338
-674.439
-665.288
