-121.34
-98.92
-125.55
-114.68
-118.32
-111.68
-112.93
-115.9
-136.53
-131.11
-123.72
-140.06
-128.9
-138.18
-120.57
-137.14
-130.09
-123.54
-121.68
-129.59
-140.8
-114.12
-125.41
-114.79
-113.81
-134.46
-118.85
-141.68
-103.74
-116.34
-106.24
-106.1
-121.74
-120.35
-125.59
-123.65
-99.1
-95.03
-118.27
-115.14
-111.01
-101.82
-115.27
-104.89
-105.77
-133.2
-120.86
-100.46
-118.98
-105.5
-120.81
-92.52
-116.72
-115.21
-114.21
-110.2
-119.07
-122.23
-118.54
-108.48
-128.89
-119.84
-122.13
-113.7
-119.57
-110.19
-103.59
-105.07
-117.94
-108.61
-119.48
-118.5
-125.17
-116.3
-104.66
-103.35
-110.98
-105.74
-107.28
-92.38
-111.59
-98.97
-130.36
-125.87
-108.26
-106.19
-114.04
-108.04
-111.04
-123.84
-116.59
-108.3
-120.26
-125.19
-115.59
-105.91
-126.64
-122.11
-133.27
-123.98
-113.66
-129.0
-106.55
-130.01
-115.01
-121.48
-118.85
-115.95
-103.39
-118.44
-123.82
-111.09
-118.34
-123.58
-127.38
-116.98
-135.7
-112.2
-120.49
-124.32
-120.3
-116.22
-109.15
-123.09
-117.95
-133.42
-117.56
-121.47
-112.32
-115.24
-121.19
-116.26
-120.85
-111.94
-112.98
-121.99
-118.15
-117.66
-117.56
-123.23
-126.52
-120.18
-132.36
-140.84
-128.73
-137.59
-115.37
-113.82
-119.69
-129.12
