-110.9
-111.79
-102.51
-105.67
-103.68
-98.08
-99.39
-109.27
-102.42
-112.68
-115.75
-107.8
-109.14
-101.85
-111.72
-113.74
-110.85
-116.31
-119.01
-121.41
-123.09
-114.74
-124.1
-114.43
-126.37
-119.77
-117.53
-119.49
-116.0
-115.42
-117.27
-111.44
-116.69
-116.82
-108.12
-113.58
-118.0
-114.5
-110.81
-117.27
-110.19
-113.89
-108.62
-110.64
-105.38
-104.95
-93.94
-97.83
-108.5
-103.64
-106.36
-96.69
-106.88
-110.01
-111.84
-110.61
-100.42
-103.36
-120.5
-110.98
-118.57
-120.58
-111.42
-115.54
-117.25
-116.06
-114.61
-117.45
-119.49
-105.53
-118.93
-103.11
-112.08
-114.88
-106.87
-108.71
-111.6
-119.46
-104.05
-104.27
-111.59
-101.72
-100.24
-111.11
-119.92
-112.73
-101.24
-97.15
-107.95
-103.22
-97.68
-100.75
-109.59
-107.39
-102.64
-114.04
-106.57
-94.95
-107.54
-97.78
-109.19
-92.69
-106.39
-104.23
-111.71
-109.37
-105.56
-113.34
-108.73
-100.47
-107.14
-106.15
-118.99
-109.86
-105.21
-101.16
-105.37
-106.53
-110.47
-109.02
-105.99
-109.44
-119.28
-109.03
-105.99
-95.5
-99.29
-96.24
-105.97
-98.13
-103.6
-105.36
-117.56
-108.07
-102.21
-106.99
-115.0
-109.89
-114.41
-109.16
-119.24
-105.39
-116.62
-108.98
-109.96
-108.05
-116.96
-110.54
-119.82
-115.47
-114.55
-107.33
-107.02
-119.02
-107.0
-112.31
-103.1
-110.2
-104.29
-117.02
-111.99
-113.41
-115.04
-111.27
-115.48
-109.25
-119.87
-113.6
-112.95
-120.8
-110.8
-110.49
-103.55
-112.64
-113.13
-119.11
-116.72
-107.86
-111.42
-117.12
-108.97
-115.96
-109.46
-111.3
-108.46
-115.38
-110.81
-110.12
-110.18
-112.02
-115.3
-110.63
-110.78
-124.88
-117.56
-120.86
-115.93
-115.59
-109.7
-125.5
-114.41
-122.02
-124.87
-121.91
-108.55
-116.71
-117.25
-115.27
-122.39
-121.18
-125.19
-119.25
-126.81
-121.94
-123.1
-122.6
-118.94
-118.94
-113.83
-118.76
-122.7
-105.2
-114.09
-120.7
-117.99
-120.63
-119.47
-114.45
-114.84
-116.08
-111.84
-118.68
-116.41
-121.16
-119.6
-119.67
-109.36
-112.52
-114.61
-121.22
-117.43
-123.02
-115.45
-119.29
-123.35
-112.76
-119.34
-107.55
-108.77
-109.4
-108.9
-102.57
-116.88
-116.89
-116.64
-115.81
-115.42
-102.83
-100.22
-114.61
-109.81
-115.66
-116.32
-115.28
-114.84
-118.22
-118.94
-106.06
-114.42
-120.29
-107.65
-112.04
-110.45
-115.94
-115.6
-110.39
-104.94
-102.81
-105.33
-114.96
-116.4
-109.29
-114.1
-113.28
-115.28
-113.27
-117.53
-117.14
-119.17
-117.14
-108.89
-109.96
-118.76
-116.45
-112.0
-110.52
-106.13
-121.24
-112.25
-113.03
-117.48
-105.12
-118.18
-103.78
-112.02
-108.74
-110.05
-103.99
-111.56
-105.12
-115.62
-91.06
-111.14
-112.43
-111.11
-113.16
-112.26
-105.49
-120.37
-109.21
-113.23
-123.01
-110.31
-107.59
-113.52
-113.9
-102.48
-111.02
-89.51
-103.38
-107.23
-100.7
-105.05
-104.43
-97.43
-105.73
-102.85
-107.16
-102.18
-98.81
-108.17
-99.0
-95.51
-108.16
-97.91
-102.93
-115.19
-106.75
-110.37
-120.46
-115.08
-103.41
-106.96
-105.4
-118.26
-104.57
-108.29
-105.56
-101.55
-111.63
-108.42
-106.85
-105.41
-99.77
-108.68
-105.22
-110.37
-110.59
-110.35
-105.86
-112.71
-99.6
-110.74
-109.2
-112.33
-113.38
-102.67
-100.59
-111.79
-95.63
-96.76
-102.0
-109.0
-117.78
-110.53
-101.42
-112.39
-102.52
-113.98
-105.03
-110.13
-104.87
-109.13
-108.21
-106.06
-110.97
-101.89
-107.23
-109.87
-103.81
-106.15
-103.84
-99.23
-101.88
-99.19
-97.24
-106.0
-108.17
-108.25
-104.46
-99.21
-112.25
-108.5
-104.61
-107.15
-107.55
-108.87
-112.34
-106.28
-106.86
-108.47
-105.58
-116.66
-105.04
-100.51
-115.07
-113.37
-106.38
-108.11
-109.44
-110.41
-111.38
-117.38
-108.38
-104.76
-110.05
-107.57
-107.79
-114.53
-106.05
-112.53
-105.06
-111.2
-109.32
-106.23
-109.73
-103.65
-110.26
-104.29
-114.94
-107.93
