-0.455
-0.48
-0.49
-0.513
-0.451
-0.467
-0.56
-0.523
-0.487
-0.55
-0.399
-0.444
-0.367
-0.349
-0.407
-0.397
-0.488
-0.61
-0.514
-0.451
-0.656
-0.356
-0.566
-0.419
-0.5
-0.533
-0.634
-0.41
-0.599
-0.453
-0.649
-0.465
-0.426
-0.561
-0.434
-0.491
-0.344
-0.379
-0.261
-0.408
-0.37
-0.483
-0.505
-0.405
-0.28
-0.421
-0.349
-0.355
-0.412
-0.406
-0.434
-0.338
-0.359
-0.438
-0.302
-0.366
-0.366
-0.443
-0.339
-0.548
-0.444
-0.437
-0.454
-0.474
-0.453
-0.502
-0.358
-0.453
-0.426
-0.375
-0.462
-0.443
-0.338
-0.377
-0.351
-0.47
-0.43
-0.499
-0.428
-0.319
-0.496
-0.284
-0.358
-0.541
-0.468
-0.302
-0.485
-0.373
-0.243
-0.353
-0.363
-0.355
-0.368
-0.254
-0.358
-0.498
-0.225
-0.368
-0.231
-0.175
-0.176
-0.138
-0.268
-0.128
-0.295
-0.304
-0.407
-0.444
-0.458
-0.477
-0.499
-0.469
-0.366
-0.424
-0.403
-0.354
-0.375
-0.283
-0.537
-0.394
-0.418
-0.493
-0.613
-0.359
-0.558
-0.54
-0.415
-0.557
-0.301
-0.286
-0.346
-0.418
-0.667
-0.432
-0.469
-0.361
-0.339
-0.328
-0.479
-0.423
-0.432
-0.393
-0.338
-0.335
-0.372
-0.335
-0.35
-0.423
-0.352
-0.305
-0.42
-0.314
-0.315
-0.205
-0.473
-0.389
-0.297
-0.426
-0.539
-0.469
-0.285
-0.458
-0.512
-0.371
-0.407
-0.449
-0.548
-0.46
-0.472
-0.655
-0.371
-0.45
-0.39
-0.659
-0.498
-0.581
-0.503
-0.39
-0.705
-0.53
-0.466
-0.432
-0.463
-0.497
-0.46
-0.474
-0.388
-0.524
-0.54
-0.385
-0.593
-0.57
-0.615
-0.685
-0.672
-0.647
-0.554
-0.487
-0.545
-0.625
-0.531
-0.452
-0.672
-0.586
-0.514
-0.596
-0.407
-0.559
-0.531
-0.598
-0.703
-0.561
-0.476
-0.531
-0.485
-0.492
-0.524
-0.538
-0.496
-0.416
-0.556
-0.457
-0.39
-0.476
-0.473
-0.529
-0.508
-0.504
-0.471
-0.402
-0.574
-0.469
-0.459
-0.534
-0.617
-0.667
-0.396
-0.374
-0.462
-0.585
-0.439
-0.552
-0.514
-0.575
-0.573
-0.408
-0.564
-0.563
-0.531
-0.558
-0.453
-0.577
-0.59
-0.61
-0.498
-0.504
-0.433
-0.443
-0.407
-0.439
-0.326
-0.44
-0.411
-0.538
-0.449
-0.699
-0.502
-0.585
-0.511
-0.56
-0.44
-0.416
-0.405
-0.475
-0.494
-0.438
-0.583
-0.543
-0.396
-0.467
-0.426
-0.48
-0.448
-0.577
-0.499
-0.603
-0.527
-0.5
-0.438
-0.418
-0.337
-0.492
-0.417
-0.486
-0.64
-0.553
-0.499
-0.595
-0.423
-0.484
-0.717
-0.465
-0.49
-0.549
-0.566
-0.439
-0.583
-0.448
-0.486
-0.47
-0.728
-0.503
-0.532
-0.623
-0.534
-0.451
-0.344
-0.405
-0.606
-0.474
-0.471
-0.385
-0.444
-0.396
-0.525
-0.492
-0.442
-0.49
-0.448
-0.617
-0.635
-0.47
-0.382
-0.359
-0.312
-0.583
-0.377
-0.312
-0.329
-0.359
-0.586
-0.44
-0.357
-0.288
-0.263
-0.543
-0.649
-0.492
-0.555
-0.716
-0.712
-0.705
-0.545
-0.499
-0.628
-0.417
-0.527
-0.448
-0.402
-0.498
-0.396
-0.374
-0.402
-0.56
-0.328
-0.408
-0.179
-0.311
-0.411
-0.448
-0.47
-0.49
-0.313
-0.413
-0.481
-0.317
-0.284
-0.492
-0.422
-0.43
-0.496
-0.52
-0.526
-0.448
-0.347
-0.488
-0.499
-0.539
-0.443
-0.617
-0.441
-0.439
-0.384
-0.445
-0.437
-0.494
-0.318
-0.407
-0.536
-0.472
-0.551
-0.627
-0.552
-0.411
-0.483
-0.616
-0.6
-0.627
-0.767
-0.722
-0.506
-0.607
-0.6
-0.45
-0.629
-0.457
-0.602
-0.661
-0.652
-0.534
-0.604
-0.575
-0.449
-0.53
-0.536
-0.54
-0.541
-0.509
-0.507
-0.494
-0.558
-0.594
-0.638
-0.679
-0.49
-0.465
-0.472
-0.458
-0.411
-0.655
-0.373
-0.69
-0.473
-0.585
-0.44
-0.623
-0.476
-0.56
-0.634
-0.705
-0.606
