-0.619
-0.646
-0.536
-0.621
-0.629
-0.409
-0.612
-0.461
-0.649
-0.683
-0.739
-0.799
-0.719
-0.641
-0.722
-0.618
-0.511
-0.735
-0.562
-0.56
-0.663
-0.719
-0.729
-0.563
-0.659
-0.584
-0.646
-0.521
-0.666
-0.512
-0.639
-0.583
-0.601
-0.514
-0.6
-0.455
-0.577
-0.667
-0.657
-0.612
-0.735
-0.456
-0.664
-0.567
-0.444
-0.631
-0.695
-0.637
-0.607
-0.677
-0.58
-0.581
-0.685
-0.59
-0.515
-0.497
-0.645
-0.579
-0.457
-0.707
-0.541
-0.635
-0.593
-0.714
-0.617
-0.616
-0.406
-0.421
-0.574
-0.593
-0.604
-0.585
-0.642
-0.622
-0.706
-0.679
-0.498
-0.468
-0.523
-0.408
-0.522
-0.554
-0.372
-0.537
-0.468
-0.299
-0.511
-0.666
-0.607
-0.555
-0.564
-0.55
-0.577
-0.73
-0.569
-0.436
-0.384
-0.485
-0.454
-0.578
-0.555
-0.26
-0.432
-0.499
-0.469
-0.457
-0.504
-0.552
-0.618
-0.481
-0.605
-0.545
-0.601
-0.571
-0.598
-0.473
-0.607
-0.663
-0.582
-0.51
-0.549
-0.53
-0.506
-0.628
-0.506
-0.405
-0.584
-0.641
-0.483
-0.397
-0.536
-0.449
-0.435
-0.61
-0.697
-0.448
-0.582
-0.594
-0.536
-0.527
-0.632
-0.722
-0.747
-0.744
-0.745
-0.69
-0.434
-0.69
-0.59
-0.566
-0.65
-0.656
-0.593
-0.59
-0.771
-0.562
-0.515
-0.701
-0.555
-0.38
-0.92
-0.779
-0.772
-0.488
-0.588
-0.693
-0.615
-0.585
-0.466
-0.581
-0.675
-0.588
-0.597
-0.596
-0.731
-0.543
-0.662
-0.465
-0.572
-0.455
-0.412
-0.439
-0.485
-0.549
-0.581
-0.478
-0.585
-0.513
-0.722
-0.5
-0.486
-0.612
-0.455
-0.435
-0.497
-0.531
-0.496
-0.55
-0.439
-0.49
-0.394
-0.448
-0.383
-0.417
-0.527
-0.52
-0.421
-0.448
-0.53
-0.568
-0.446
-0.57
-0.393
-0.579
-0.623
-0.462
-0.562
-0.523
-0.719
-0.527
-0.529
-0.669
-0.64
-0.523
-0.672
-0.505
-0.461
-0.611
-0.643
-0.499
-0.426
-0.395
-0.776
-0.561
-0.634
-0.381
-0.593
-0.442
-0.481
-0.466
-0.505
-0.6
-0.602
-0.442
-0.376
-0.521
-0.403
-0.597
-0.47
-0.598
-0.519
-0.716
-0.61
-0.515
-0.486
-0.606
-0.762
-0.611
-0.492
-0.46
-0.573
-0.632
-0.615
-0.46
-0.48
-0.591
-0.559
-0.481
-0.588
-0.501
-0.684
-0.663
-0.589
-0.637
-0.569
-0.464
-0.501
-0.586
-0.693
-0.497
-0.404
-0.415
-0.46
-0.535
-0.548
-0.773
-0.632
-0.656
-0.507
-0.51
-0.509
-0.721
-0.464
-0.443
-0.461
-0.58
-0.427
-0.618
-0.456
-0.463
-0.531
-0.472
-0.555
-0.695
-0.502
-0.511
-0.61
-0.506
-0.424
-0.597
-0.551
-0.611
-0.447
-0.648
-0.398
-0.481
-0.734
-0.698
-0.388
-0.641
-0.723
-0.67
-0.582
-0.711
-0.532
-0.526
-0.453
-0.399
-0.585
-0.562
-0.515
-0.551
-0.489
-0.659
-0.546
-0.547
-0.673
-0.522
-0.672
-0.533
-0.58
-0.539
-0.473
-0.734
-0.521
-0.691
-0.548
-0.55
-0.425
-0.68
-0.643
-0.513
-0.686
-0.497
-0.704
-0.748
-0.599
-0.566
-0.665
-0.639
-0.705
-0.389
-0.432
-0.569
-0.486
-0.626
-0.639
-0.727
-0.472
-0.506
-0.703
-0.674
-0.631
-0.707
-0.514
-0.506
-0.551
-0.616
-0.622
-0.53
-0.713
-0.494
-0.693
-0.729
-0.695
-0.695
-0.657
-0.476
-0.502
-0.527
-0.619
-0.53
-0.664
-0.534
-0.46
-0.625
-0.638
-0.624
-0.583
-0.555
-0.645
-0.566
-0.554
-0.564
-0.618
-0.57
-0.531
-0.504
-0.606
-0.784
-0.55
-0.597
-0.721
-0.551
-0.591
-0.584
-0.587
-0.467
-0.491
-0.534
-0.523
-0.58
-0.591
-0.582
-0.617
-0.553
-0.523
-0.515
-0.437
-0.557
-0.589
-0.582
-0.362
-0.6
-0.525
-0.54
-0.501
-0.484
-0.426
-0.65
-0.552
-0.565
-0.525
-0.598
-0.8
-0.566
-0.704
-0.681
-0.717
-0.636
-0.703
