-115.39
-118.48
-127.45
-112.18
-121.38
-119.44
-116.81
-126.69
-120.65
-114.58
-124.48
-124.68
-107.16
-109.59
-131.03
-119.85
-123.66
-127.08
-116.82
-117.97
-110.61
-119.05
-123.46
-130.57
-132.16
-116.28
-126.0
-107.84
-116.1
-107.41
-123.63
-112.46
-109.58
-114.4
-126.17
-118.21
-130.04
-137.25
-130.26
-119.07
-116.4
-121.68
-135.11
-126.3
-114.51
-120.51
-121.61
-118.7
-116.26
-120.65
-112.69
-102.44
-104.51
-106.91
-119.23
-105.12
-109.09
-113.94
-127.78
-122.52
-131.1
-130.8
-116.12
-129.23
-126.37
-126.59
-121.35
-117.58
-121.42
-115.46
-114.59
-121.75
-111.78
-109.71
-115.64
-117.71
-123.54
-120.58
-117.91
-116.57
-128.04
-124.45
-124.91
-125.42
-126.73
-117.18
-126.49
-121.89
-136.96
-119.59
-118.18
-118.09
-118.11
-121.29
-120.71
-131.84
-132.16
-124.0
-132.4
-128.85
-126.5
-132.41
-127.66
-129.99
-114.34
-124.34
-129.07
-118.05
-136.88
-130.67
-122.16
-133.98
-127.13
-136.6
-131.33
-132.19
-131.27
-133.73
-132.65
-121.12
-137.31
-127.37
-117.16
-130.18
-130.96
-135.68
-120.31
-124.87
-117.73
-121.09
-120.89
-129.36
-128.74
-125.88
-118.41
-129.33
-120.94
-125.38
-131.11
-123.16
-129.49
-128.41
-114.42
-124.23
-114.25
-117.01
-125.76
-122.1
-119.76
-120.43
