-793.253
-765.563
-746.465
-669.29
-739.575
-729.221
-741.234
-679.326
-710.255
-691.208
-787.915
-732.7
-729.475
-728.151
-757.84
-763.107
-701.863
-766.672
-747.101
-706.692
-727.521
-700.338
-732.746
-770.798
-760.107
-772.642
-763.912
-729.407
-739.053
-708.158
-719.683
-716.711
-716.83
-768.283
-759.681
-730.542
-708.59
-751.17
-724.851
-769.33
-742.336
-739.427
-730.455
-725.727
-724.223
-734.043
-702.722
-798.844
-726.864
-722.705
-776.478
-722.909
-722.81
-746.241
-762.481
-756.009
-706.397
-774.377
-725.884
-708.263
-731.221
-691.104
-697.579
-710.076
-680.854
-732.215
-728.632
-754.48
-691.985
-699.0
-700.694
-704.655
-728.384
-755.461
-665.065
-731.822
-688.028
-684.605
-715.249
-725.302
-749.77
-670.041
-691.328
-724.117
-743.477
-756.1
-760.668
-768.739
-737.051
-766.554
-734.251
-725.994
-676.435
-712.102
-700.93
-706.32
-705.176
-671.185
-705.521
-682.478
-696.388
-702.643
-650.923
-683.148
-709.866
-654.918
-665.156
-692.08
-729.757
-756.364
-717.104
-701.917
-683.977
-738.587
-731.499
-748.645
-748.781
-720.547
-720.423
-698.779
-678.052
-740.878
-667.496
-681.059
-685.373
-701.692
-725.068
-698.826
-725.734
-684.118
-743.388
-685.994
-726.264
-708.354
-685.695
-680.443
-705.742
-692.763
-715.99
-727.969
-676.776
-677.027
-683.034
-732.898
-723.748
-715.001
-725.93
-707.35
-657.599
-735.78
-708.587
-740.401
-785.046
-701.057
-748.273
-682.012
-691.175
-698.58
-749.023
-736.893
-735.524
-702.789
-685.159
-715.563
-743.274
-699.866
-742.074
-675.77
-686.785
-711.68
-739.618
-719.016
-688.09
-731.545
-716.381
-765.429
-729.819
-760.726
-697.178
-730.552
-695.036
-742.099
-783.441
-765.169
-717.737
-767.216
-721.695
-712.905
-760.803
-747.579
-763.627
-711.923
-731.696
-721.127
-725.465
-713.872
-688.341
-702.522
-689.566
-730.829
-648.239
-685.049
-714.133
-702.844
-703.765
-672.46
-685.472
-682.292
-726.338
-686.049
-690.221
-701.602
-716.115
-694.624
-636.191
-671.124
-665.649
-687.047
-732.764
-713.377
-710.936
-740.144
-703.73
-696.732
-687.073
-753.359
-749.037
-762.11
-754.579
-725.066
-732.088
-724.817
-734.535
-725.941
-704.474
-715.748
-704.0
-731.132
-741.054
-710.548
-750.411
-790.811
-780.389
-772.263
-768.537
-728.937
-751.919
-718.99
-765.477
-777.435
-752.991
-808.786
-747.243
-765.686
-765.999
-827.474
-770.578
-731.909
-791.723
-747.429
-716.229
-798.723
-752.023
-712.478
-737.682
-735.099
-741.521
-696.441
-734.703
-738.404
-761.044
-720.652
-742.909
-767.747
-772.162
-776.849
-756.457
-748.248
-783.877
-796.835
-749.734
-744.888
-709.967
-757.259
-714.164
-757.465
-701.302
-722.238
-734.074
-749.371
-765.244
-745.9
-732.793
-780.594
-724.613
-762.569
-762.768
-750.492
-734.242
-712.031
-727.94
-738.009
-754.859
-745.414
-723.506
-678.024
-729.454
-740.146
-741.92
-698.24
-676.146
-679.789
-703.927
-682.15
-675.847
-703.454
-746.984
-734.777
-671.258
-717.924
-714.908
-732.311
-733.975
-753.711
-702.938
-719.827
-703.721
-685.518
-650.187
-674.557
-656.341
-703.799
-714.812
-718.6
-656.338
-702.468
-727.706
-687.094
-655.507
-693.376
-722.997
-698.593
-697.065
-695.786
-733.191
-723.634
-699.694
-718.431
-690.796
-709.815
-704.148
-722.741
-675.251
-736.81
-717.522
-756.24
-684.67
-700.896
-706.813
-697.553
-687.496
-703.342
-740.194
-680.424
-658.814
-697.904
-704.691
-685.672
-662.143
-697.052
-733.525
-741.827
-729.914
-686.066
-721.066
-722.53
-725.768
-727.701
-756.482
-783.183
-709.078
-756.606
-772.335
-715.602
-706.101
-719.583
-675.084
-713.381
-682.149
-703.059
-797.097
-788.145
-765.816
-739.468
-735.462
-757.255
-762.682
-730.199
-757.711
-718.91
-740.616
-673.3
-709.132
-744.305
-720.646
-742.345
-747.181
-718.453
-726.101
-785.926
-679.04
-738.781
-765.895
-749.759
-724.928
-724.601
-760.52
-762.585
-688.541
-756.124
-746.434
-744.415
-743.355
-755.213
-738.334
-726.534
-726.962
-719.547
-703.676
-732.653
-736.802
-733.629
-728.759
-745.922
-711.789
-742.822
-738.067
-703.936
-755.207
-752.208
-756.056
-722.212
-730.647
-748.782
-747.618
-728.761
-779.427
-757.947
-726.977
-723.893
-711.341
