-107.31
-102.89
-100.54
-105.98
-103.77
-88.14
-94.93
-94.75
-99.69
-110.78
-103.65
-105.14
-96.45
-108.81
-108.69
-100.99
-93.41
-114.04
-111.15
-112.22
-99.36
-110.6
-108.24
-113.67
-108.18
-100.8
-109.96
-107.38
-110.6
-105.2
-102.49
-93.12
-106.39
-109.61
-102.94
-113.93
-107.94
-115.45
-95.66
-112.35
-104.12
-105.05
-102.72
-97.21
-96.07
-106.17
-100.9
-98.43
-107.15
-110.62
-94.59
-100.34
-110.36
-98.83
-103.78
-103.3
-101.87
-101.74
-101.35
-101.83
-102.66
-113.65
-95.39
-90.14
-102.65
-109.31
-113.68
-102.15
-105.86
-97.93
-109.99
-113.03
-106.89
-113.97
-114.79
-110.77
-110.13
-100.38
-102.65
-100.58
-109.22
-101.26
-111.42
-101.34
-94.35
-105.45
-112.17
-111.63
-117.93
-116.84
-103.79
-106.92
-110.71
-104.29
-101.53
-99.67
-114.38
-107.39
-95.7
-100.85
-97.68
-96.9
-98.62
-99.39
-99.09
-89.87
-88.99
-101.04
-102.1
-108.74
-110.47
-107.93
-103.54
-106.25
-115.79
-112.9
-106.31
-112.72
-108.35
-106.76
-104.9
-100.98
-107.23
-106.25
-102.45
-111.19
-100.92
-107.52
-106.66
-113.28
-120.19
-99.39
-106.76
-114.89
-101.9
-96.51
-101.75
-97.51
-98.92
-102.44
-105.29
-99.62
-107.91
-106.38
-108.16
-108.45
-108.86
-105.23
-111.8
-109.19
-108.38
-109.37
-110.12
-115.1
-110.23
-107.21
-114.07
-112.88
-105.54
-113.21
-106.22
-114.58
-102.73
-107.6
-104.67
-114.23
-110.97
-110.09
-116.11
-105.1
-107.42
-110.38
-98.75
-109.98
-116.5
-106.79
-112.02
-109.99
-108.35
-102.14
-106.68
-105.3
-104.59
-110.44
-108.9
-102.03
-108.65
-112.33
-115.53
-101.13
-109.95
-102.83
-102.13
-102.89
-109.77
-91.46
-101.13
-104.8
-113.31
-104.74
-99.88
-97.1
-95.34
-92.1
-97.72
-98.36
-89.29
-92.71
-97.03
-97.4
-99.09
-101.18
-109.68
-83.64
-86.12
-94.62
-78.07
-96.5
-108.77
-103.72
-104.37
-100.99
-104.34
-96.91
-92.12
-95.81
-94.45
-105.87
-107.98
-102.77
-99.04
-93.23
-101.14
-103.92
-109.43
-110.47
-101.35
-96.35
-100.18
-114.45
-98.72
-90.96
-104.7
-102.71
-97.53
-98.11
-102.31
-105.25
-100.56
-102.53
-101.9
-112.89
-121.17
-107.42
-118.86
-113.66
-100.57
-108.67
-105.4
-111.36
-115.54
-103.48
-102.99
-100.36
-108.37
-107.95
-110.92
-111.81
-104.02
-106.44
-100.94
-106.16
-107.82
-105.41
-103.19
-105.02
-114.81
-106.48
-108.96
-110.9
-116.38
-110.08
-109.68
-108.17
-111.24
-111.13
-100.3
-103.94
-111.44
-118.44
-119.94
-116.43
-105.16
-109.76
-110.97
-119.6
-116.53
-110.26
-101.42
-107.24
-106.54
-113.86
-105.25
-115.74
-108.08
-102.68
-111.22
-104.15
-102.52
-112.49
-109.45
-102.07
-100.13
-106.59
-98.88
-100.51
-105.34
-103.53
-89.33
-106.38
-102.68
-104.12
-101.8
-117.17
-101.74
-94.82
-103.96
-101.7
-96.59
-98.89
-99.19
-98.71
-108.76
-105.8
-106.27
-112.31
-111.13
-102.92
-107.19
-110.57
-116.62
-109.92
-104.14
-110.23
-104.78
-113.12
-112.52
-114.67
-101.31
-110.01
-115.18
-112.04
-113.06
-109.37
-117.72
-108.63
-111.43
-106.19
-112.87
-103.54
-110.73
-111.13
-102.28
-105.58
-109.61
-114.86
-113.46
-112.56
-102.04
-104.43
-114.64
-109.25
-100.22
-106.04
-109.47
-106.93
-119.92
-112.39
-118.16
-105.4
-110.49
-112.53
-101.8
-110.95
-104.77
-110.39
-112.63
-113.57
-105.86
-128.48
-114.96
-114.09
-117.94
-112.03
-98.47
-114.19
-114.08
-105.68
-108.29
-111.29
-107.37
-112.22
-102.89
-108.73
-107.68
-114.48
-106.06
-102.88
-99.2
-108.11
-113.29
-108.86
-112.01
-108.14
-98.34
-103.05
-103.49
-99.34
-104.83
-113.39
-112.34
-108.63
-117.3
-113.81
-119.37
-106.15
-110.51
-116.26
-105.34
-100.44
-101.87
-102.95
-97.29
-106.14
-99.41
-102.94
-101.02
-107.32
-108.37
-109.66
-101.58
-106.3
-103.25
-110.0
-103.44
-102.63
-109.64
-98.87
-95.14
-104.54
-107.67
