-108.77
-104.34
-118.59
-120.2
-103.66
-116.29
-108.5
-100.88
-111.76
-109.92
-116.21
-112.26
-113.09
-107.04
-115.51
-102.67
-103.45
-97.11
-106.34
-98.44
-104.74
-98.77
-106.64
-112.75
-112.1
-105.22
-102.66
-102.19
-104.54
-107.2
-110.19
-111.71
-106.71
-115.2
-108.31
-103.73
-103.55
-98.61
-114.19
-109.09
-113.54
-114.44
-123.98
-120.08
-116.08
-125.55
-109.54
-110.56
-99.02
-110.95
-105.35
-116.07
-102.71
-106.91
-103.1
-106.66
-109.84
-105.99
-107.2
-120.14
-111.36
-109.78
-120.87
-122.13
-109.99
-108.6
-117.92
-110.3
-110.22
-112.09
-107.5
-109.86
-110.0
-109.85
-104.91
-108.43
-107.64
-106.56
-105.45
-113.51
-112.94
-109.98
-117.11
-118.33
-106.96
-113.83
-107.33
-118.17
-118.31
-106.05
-114.05
-107.76
-102.29
-113.18
-111.44
-114.06
-112.19
-108.14
-106.57
-113.66
-110.94
-110.02
-112.2
-115.72
-95.86
-121.81
-119.14
-110.29
-112.19
-120.98
-114.3
-121.2
-113.55
-118.95
-111.45
-104.59
-112.28
-114.79
-123.22
-110.14
-119.57
-127.46
-120.16
-118.11
-122.04
-114.79
-114.3
-108.92
-117.58
-117.47
-109.59
-113.3
-116.46
-119.58
-119.55
-121.37
-118.5
-113.8
-124.54
-114.83
-118.36
-118.49
-124.55
-111.33
-124.81
-107.23
-120.31
-118.63
-113.36
-105.62
-117.53
-109.41
-123.73
-112.1
-118.95
-108.11
-114.23
-119.96
-116.46
-109.95
-106.84
-113.47
-109.28
-108.93
-119.09
-110.96
-112.44
-112.14
-116.82
-111.63
-107.42
-113.05
-111.32
-107.44
-103.28
-113.15
-109.84
-103.64
-112.27
-109.38
-111.17
-132.13
-119.67
-116.59
-112.78
-96.57
-104.9
-107.98
-105.46
-109.13
-106.75
-106.7
-107.53
-97.75
-109.01
-103.02
-108.5
-110.74
-109.93
-102.49
-100.68
-100.81
-97.3
-111.05
-119.36
-116.42
-109.11
-118.9
-112.85
-111.19
-111.59
-124.32
-113.89
-125.48
-118.12
-120.97
-122.09
-118.35
-117.68
-117.5
-120.24
-111.85
-119.16
-122.98
-111.39
-118.75
-122.67
-114.11
-114.48
-114.45
-117.22
-128.37
-116.9
-112.19
-118.3
-117.49
-122.0
-110.38
-115.55
-114.99
-114.95
-107.0
-106.24
-107.04
-111.68
-103.25
-110.25
-115.34
-112.51
-94.18
-106.8
-107.34
-108.08
-110.73
-100.81
-99.93
-100.16
-97.41
-105.39
-98.9
-102.03
-97.36
-100.36
-98.54
-102.87
-95.68
-105.26
-101.19
-92.38
-102.33
-86.75
-90.87
-100.1
-94.35
-94.48
-85.03
-102.84
-100.26
-107.81
-110.69
-100.5
-104.5
-106.03
-97.42
-104.81
-93.24
-85.16
-88.45
-93.54
-99.09
-96.54
-89.3
-98.33
-102.56
-101.13
-100.98
-92.32
-97.12
-94.36
-87.21
-91.7
-84.65
-100.86
-95.98
-97.21
-94.62
-96.85
-89.05
-95.62
-94.48
-95.1
-92.38
-100.38
-100.43
-107.68
-100.33
-92.06
-98.41
-95.25
-92.31
-92.76
-96.75
-98.22
-90.34
-91.13
-85.81
-91.77
-90.4
-95.23
-85.98
-95.97
-100.5
-95.48
-87.96
-96.14
-104.45
-99.13
-104.04
-107.27
-111.09
-103.23
-105.39
-102.77
-111.98
-97.45
-95.87
-96.89
-95.8
-109.87
-109.11
-108.72
-100.8
-97.95
-110.62
-106.89
-106.37
-104.24
-106.81
-109.0
-101.02
-100.74
-100.63
-120.2
-108.31
-118.52
-125.17
-119.87
-111.58
-109.73
-112.27
-121.43
-113.1
-113.67
-127.72
-119.92
-112.33
-115.3
-132.79
-121.23
-117.66
-120.52
-114.14
-122.07
-119.4
-122.33
-108.96
-111.39
-122.65
-115.63
-110.47
-113.19
-121.85
-107.87
-122.02
-111.97
-126.93
-115.19
-118.47
-115.86
-115.94
-121.51
-112.15
-121.76
-130.88
-119.27
-117.82
-120.32
-126.15
-116.86
-110.79
-114.8
-107.39
-111.28
-113.31
-116.45
-114.15
-109.41
-120.25
-108.94
-113.57
-112.09
-107.36
-108.64
-106.9
-119.69
-114.07
-117.98
-110.68
-111.61
-103.49
-111.34
-99.79
-100.45
-111.6
-113.45
-109.68
-115.57
-109.87
-115.88
-122.43
-115.04
-112.01
-114.03
-123.61
-112.78
-105.83
-106.96
-109.34
-109.27
-105.13
-108.53
