-0.559
-0.466
-0.527
-0.497
-0.472
-0.304
-0.511
-0.534
-0.311
-0.356
-0.362
-0.339
-0.387
-0.376
-0.531
-0.339
-0.436
-0.416
-0.584
-0.384
-0.334
-0.299
-0.45
-0.628
-0.533
-0.34
-0.401
-0.351
-0.38
-0.463
-0.38
-0.53
-0.588
-0.41
-0.361
-0.291
-0.28
-0.374
-0.467
-0.343
-0.487
-0.505
-0.577
-0.444
-0.419
-0.559
-0.541
-0.45
-0.313
-0.311
-0.389
-0.439
-0.337
-0.458
-0.455
-0.302
-0.27
-0.43
-0.341
-0.499
-0.545
-0.303
-0.294
-0.545
-0.334
-0.328
-0.498
-0.374
-0.336
-0.611
-0.416
-0.399
-0.346
-0.255
-0.232
-0.505
-0.445
-0.257
-0.367
-0.493
-0.55
-0.473
-0.612
-0.408
-0.364
-0.522
-0.331
-0.399
-0.295
-0.408
-0.362
-0.32
-0.391
-0.29
-0.27
-0.441
-0.556
-0.339
-0.521
-0.577
-0.414
-0.467
-0.464
-0.472
-0.375
-0.404
-0.56
-0.34
-0.445
-0.348
-0.453
-0.464
-0.337
-0.298
-0.387
-0.443
-0.38
-0.419
-0.488
-0.201
-0.331
-0.365
-0.594
-0.431
-0.612
-0.568
-0.573
-0.549
-0.647
-0.56
-0.598
-0.589
-0.559
-0.452
-0.585
-0.441
-0.515
-0.41
-0.623
-0.486
-0.373
-0.527
-0.768
-0.496
-0.501
-0.542
-0.634
-0.355
-0.364
-0.444
-0.559
-0.506
-0.471
-0.656
-0.488
-0.676
-0.57
-0.596
-0.586
-0.48
-0.392
-0.523
-0.396
-0.454
-0.522
-0.37
-0.586
-0.509
-0.428
-0.574
-0.671
-0.499
-0.512
-0.452
-0.33
-0.45
-0.293
-0.266
-0.393
-0.263
-0.358
-0.42
-0.475
-0.398
-0.435
-0.505
-0.424
-0.41
-0.374
-0.486
-0.435
-0.411
-0.357
-0.44
-0.503
-0.428
-0.353
-0.479
-0.472
-0.532
-0.445
-0.552
-0.447
-0.365
-0.529
-0.241
-0.34
-0.744
-0.524
-0.445
-0.443
-0.462
-0.613
-0.497
-0.411
-0.507
-0.549
-0.508
-0.535
-0.443
-0.52
-0.495
-0.527
-0.487
-0.52
-0.412
-0.706
-0.615
-0.455
-0.514
-0.531
-0.503
-0.371
-0.49
-0.399
-0.53
-0.458
-0.389
-0.306
-0.581
-0.492
-0.372
-0.305
-0.421
-0.52
-0.446
-0.454
-0.48
-0.532
-0.398
-0.426
-0.482
-0.342
-0.447
-0.384
-0.482
-0.346
-0.332
-0.375
-0.326
-0.399
-0.379
-0.446
-0.48
-0.502
-0.381
-0.415
-0.541
-0.455
-0.464
-0.336
-0.332
-0.289
-0.315
-0.295
-0.403
-0.566
-0.448
-0.328
-0.432
-0.203
-0.233
-0.375
-0.303
-0.277
-0.262
-0.342
-0.45
-0.339
-0.421
-0.354
-0.365
-0.184
-0.277
-0.219
-0.089
-0.314
-0.171
-0.425
-0.285
-0.313
-0.369
-0.327
-0.453
-0.341
-0.303
-0.236
-0.309
-0.238
-0.367
-0.295
-0.372
-0.379
-0.377
-0.414
-0.24
-0.205
-0.312
-0.466
-0.403
-0.232
-0.169
-0.277
-0.328
-0.201
-0.29
-0.235
-0.433
-0.314
-0.445
-0.361
-0.277
-0.346
-0.299
-0.417
-0.442
-0.351
-0.381
-0.247
-0.392
-0.312
-0.572
-0.457
-0.283
-0.283
-0.304
-0.363
-0.382
-0.394
-0.274
-0.14
-0.426
-0.412
-0.452
-0.514
-0.243
-0.42
-0.568
-0.425
-0.298
-0.582
-0.361
-0.387
-0.361
-0.382
-0.473
-0.347
-0.476
-0.273
-0.228
-0.36
-0.187
-0.252
-0.384
-0.5
-0.428
-0.577
-0.555
-0.387
-0.243
-0.443
-0.556
-0.653
-0.278
-0.415
-0.466
-0.266
-0.467
-0.463
-0.474
-0.338
-0.569
-0.49
-0.571
-0.464
-0.494
-0.63
-0.626
-0.364
-0.355
-0.498
-0.359
-0.476
-0.495
-0.638
-0.286
-0.406
-0.399
-0.354
-0.446
-0.451
-0.508
-0.489
-0.305
-0.4
-0.611
-0.451
-0.39
-0.351
-0.398
-0.411
-0.522
-0.527
-0.473
-0.686
-0.485
-0.322
-0.496
-0.567
-0.414
-0.37
-0.446
-0.486
-0.537
-0.519
-0.39
-0.578
-0.372
-0.331
-0.48
-0.614
-0.37
-0.552
-0.338
-0.339
-0.671
-0.379
-0.408
-0.372
-0.381
-0.448
