-138.14
-130.05
-122.27
-129.2
-114.73
-119.52
-123.55
-127.41
-128.26
-142.43
-127.65
-132.03
-140.43
-132.53
-127.07
-145.34
-144.94
-145.86
-136.11
-138.22
-120.64
-126.85
-148.02
-143.34
-118.61
-139.96
-137.72
-124.38
-138.66
-126.0
-130.14
-128.77
-139.4
-127.31
-116.65
-134.17
-123.22
-143.43
-131.52
-118.1
-130.61
-130.11
-120.05
-122.03
-123.05
-124.52
-123.52
-123.08
-117.0
-122.76
-135.49
-130.87
-137.07
-137.92
-125.4
-137.31
-137.6
-127.76
-135.42
-154.4
-137.75
-148.65
-136.96
-135.15
-129.73
-128.01
-132.81
-145.89
-149.7
-123.57
-140.38
-155.64
-136.86
-138.87
-139.92
-133.11
-147.9
-136.14
-138.03
-133.85
-136.37
-135.33
-137.73
-138.81
-130.01
-129.67
-134.41
-109.73
-137.91
-134.5
-130.78
-134.26
-134.71
-131.14
-144.73
-120.43
-133.13
-124.25
-113.87
-113.1
-122.74
-135.82
-136.78
-131.54
-130.04
-117.46
-123.19
-141.04
-143.12
-119.09
-128.15
-119.47
-116.78
-119.14
-124.57
-116.35
-123.95
-121.24
-123.73
-123.38
-130.74
-127.05
-120.16
-115.26
-119.59
-119.59
-123.16
-125.35
-120.1
-128.5
-128.86
-135.89
-126.66
-136.37
-141.34
-119.14
-123.63
-114.92
-112.06
-124.57
-121.22
-124.32
-115.5
-120.61
-124.2
-110.75
-120.91
-127.63
-125.25
-123.73
