-692.966
-648.191
-695.868
-721.06
-713.076
-744.424
-684.43
-758.778
-688.044
-731.266
-742.735
-688.167
-690.123
-672.27
-711.622
-706.497
-698.153
-677.294
-706.834
-678.984
-712.662
-673.613
-653.132
-717.768
-687.453
-636.184
-673.164
-660.381
-665.364
-632.071
-716.134
-687.014
-697.148
-635.619
-715.597
-624.444
-657.983
-674.244
-692.783
-708.969
-679.988
-699.386
-707.729
-722.707
-699.038
-723.529
-656.196
-714.678
-695.165
-681.187
-735.463
-681.43
-628.811
-643.047
-656.454
-672.234
-706.884
-692.063
-690.725
-677.147
-704.714
-724.345
-736.592
-712.798
-705.746
-673.226
-690.051
-732.634
-737.23
-720.927
-653.367
-641.436
-753.034
-738.44
-596.955
-698.817
-698.977
-683.658
-708.936
-669.665
-714.385
-681.406
-661.29
-673.989
-631.881
-684.987
-640.003
-674.696
-726.324
-645.542
-674.06
-683.501
-655.921
-703.002
-716.344
-671.589
-676.302
-679.357
-692.155
-716.802
-690.996
-700.534
-682.037
-736.348
-688.293
-721.263
-742.116
-721.623
-697.622
-755.444
-692.266
-713.481
-726.335
-768.548
-683.981
-711.263
-738.746
-726.907
-759.966
-709.008
-735.969
-751.638
-695.969
-728.269
-735.882
-737.481
-735.397
-683.695
-725.144
-679.085
-722.857
-681.682
-696.895
-726.306
-711.071
-675.246
-705.357
-645.647
-695.792
-698.329
-706.238
-726.793
-726.187
-721.566
-756.645
-741.706
-701.384
-715.891
-694.91
-654.876
-666.383
-703.204
-733.4
-718.953
-678.853
-662.244
-763.922
-738.509
-697.817
-707.28
-664.695
-663.633
-657.107
-671.12
-690.965
-684.756
-705.719
-697.368
-702.701
-702.545
-694.422
-711.27
-667.844
-655.136
-640.04
-646.953
-637.162
-640.901
-643.5
-663.778
-690.461
-736.555
-688.281
-695.681
-706.429
-622.845
-647.819
-643.308
-655.14
-634.934
-633.32
-655.661
-665.77
-614.151
-639.533
-646.001
-651.27
-665.23
-681.404
-667.366
-687.461
-711.649
-677.556
-680.591
-695.624
-661.267
-658.63
-636.579
-704.266
-682.054
-688.907
-685.628
-646.956
-728.901
-705.078
-683.546
-722.886
-701.09
-679.815
-729.869
-724.593
-719.58
-692.152
-710.358
-695.009
-670.472
-717.249
-661.238
-679.094
-750.769
-719.171
-688.882
-656.762
-736.368
-676.841
-731.397
-711.349
-721.326
-688.343
-643.525
-611.24
-617.904
-659.875
-653.378
-655.058
-654.276
-701.413
-691.659
-745.946
-651.437
-681.392
-694.76
-714.491
-698.225
-704.341
-692.609
-689.681
-640.895
-645.797
-615.105
-633.987
-642.486
-690.122
-666.902
-652.112
-639.525
-644.932
-652.488
-650.152
-641.706
-653.959
-637.785
-663.703
-605.337
-638.185
-627.962
-668.897
-624.494
-675.337
-673.227
-635.697
-660.761
-642.532
-663.316
-611.879
-590.533
-594.729
-592.414
-583.509
-638.532
-609.313
-631.162
-652.042
-682.738
-634.662
-651.6
-587.492
-637.985
-640.499
-617.527
-585.397
-609.284
-647.228
-639.347
-640.868
-623.211
-605.688
-618.724
-594.44
-622.88
-586.086
-579.806
-599.914
-582.263
-615.732
-586.182
-605.335
-628.896
-622.567
-655.691
-618.603
-652.407
-651.269
-608.228
-603.497
-604.076
-623.063
-645.855
-659.191
-643.356
-679.775
-667.368
-693.086
-639.601
-658.106
-648.314
-695.974
-698.671
-683.834
-713.868
-675.904
-719.355
-629.317
-663.391
-670.475
-637.294
-600.72
-615.606
-689.983
-640.507
-661.363
-679.027
-660.645
-662.513
-677.461
-639.873
-616.785
-651.907
-647.256
-632.268
-656.128
-658.074
-649.216
-695.051
-714.34
-756.442
-697.473
-682.644
-666.607
-668.619
-680.146
-701.618
-721.709
-712.688
-710.951
-726.494
-685.467
-721.527
-731.599
-766.826
-731.308
-802.453
-683.91
-679.928
-740.542
-736.622
-673.332
-714.59
-722.311
-707.032
-713.818
-706.352
-693.787
-727.594
-691.925
-713.493
-711.701
-758.695
-675.349
-676.213
-698.484
-725.213
-703.351
-737.685
-718.468
-682.085
-641.429
-703.442
-663.475
-631.433
-633.434
-694.401
-711.669
-647.781
-691.152
-659.642
-685.88
-696.591
-651.398
-684.788
-687.891
-650.815
-656.613
-639.332
-745.176
-701.519
-678.807
-667.735
-688.831
-670.565
-635.07
-624.853
-679.46
-751.92
-721.933
-730.069
-711.321
-716.761
-715.29
-758.038
-740.494
-707.625
-759.026
-722.174
-706.588
-724.773
-660.441
-684.055
-695.748
-751.212
-712.207
