-0.644
-0.701
-0.446
-0.418
-0.571
-0.514
-0.509
-0.666
-0.453
-0.632
-0.673
-0.42
-0.586
-0.543
-0.577
-0.405
-0.473
-0.407
-0.438
-0.558
-0.608
-0.812
-0.65
-0.469
-0.566
-0.393
-0.502
-0.522
-0.473
-0.614
-0.655
-0.604
-0.541
-0.659
-0.468
-0.458
-0.521
-0.684
-0.606
-0.84
-0.662
-0.594
-0.666
-0.614
-0.502
-0.569
-0.486
-0.72
-0.494
-0.57
-0.572
-0.769
-0.566
-0.65
-0.847
-0.796
-0.715
-0.771
-0.743
-0.636
-0.787
-0.703
-0.801
-0.656
-0.667
-0.731
-0.552
-0.536
-0.531
-0.518
-0.381
-0.745
-0.432
-0.521
-0.288
-0.591
-0.602
-0.712
-0.571
-0.509
-0.617
-0.621
-0.536
-0.525
-0.523
-0.505
-0.71
-0.348
-0.403
-0.431
-0.56
-0.409
-0.459
-0.528
-0.47
-0.576
-0.561
-0.641
-0.588
-0.464
-0.683
-0.565
-0.738
-0.629
-0.599
-0.51
-0.606
-0.673
-0.678
-0.624
-0.525
-0.396
-0.623
-0.65
-0.617
-0.662
-0.747
-0.533
-0.559
-0.456
-0.549
-0.339
-0.521
-0.665
-0.407
-0.659
-0.596
-0.456
-0.674
-0.7
-0.724
-0.851
-0.477
-0.59
-0.592
-0.502
-0.554
-0.55
-0.596
-0.515
-0.607
-0.553
-0.595
-0.508
-0.582
-0.594
-0.649
-0.683
-0.64
-0.564
-0.506
-0.458
-0.557
-0.544
-0.62
-0.617
-0.545
-0.487
-0.508
-0.472
-0.576
-0.647
-0.506
-0.641
-0.787
-0.663
-0.6
-0.569
-0.548
-0.431
-0.581
-0.722
-0.546
-0.576
-0.642
-0.527
-0.539
-0.53
-0.602
-0.696
-0.516
-0.579
-0.673
-0.42
-0.671
-0.573
-0.351
-0.578
-0.489
-0.766
-0.832
-0.601
-0.335
-0.567
-0.549
-0.437
-0.569
-0.428
-0.285
-0.434
-0.291
-0.43
-0.403
-0.46
-0.488
-0.375
-0.552
-0.567
-0.531
-0.529
-0.639
-0.658
-0.688
-0.755
-0.799
-0.627
-0.639
-0.789
-0.734
-0.343
-0.653
-0.596
-0.745
-0.722
-0.523
-0.504
-0.764
-0.651
-0.59
-0.791
-0.831
-0.796
-0.793
-0.81
-0.79
-0.697
-0.396
-0.808
-0.678
-0.632
-0.643
-0.775
-0.491
-0.653
-0.632
-0.78
-0.631
-0.827
-0.702
-0.783
-0.675
-0.467
-0.243
-0.397
-0.426
-0.479
-0.503
-0.507
-0.588
-0.494
-0.377
-0.553
-0.528
-0.512
-0.587
-0.386
-0.641
-0.462
-0.472
-0.568
-0.524
-0.522
-0.491
-0.591
-0.67
-0.574
-0.499
-0.597
-0.633
-0.62
-0.591
-0.606
-0.638
-0.941
-0.462
-0.705
-0.637
-0.704
-0.461
-0.652
-0.674
-0.61
-0.855
-0.631
-0.743
-0.551
-0.547
-0.663
-0.549
-0.6
-0.559
-0.755
-0.714
-0.505
-0.564
-0.676
-0.664
-0.709
-0.68
-0.668
-0.734
-0.621
-0.708
-0.561
-0.419
-0.504
-0.497
-0.408
-0.496
-0.578
-0.424
-0.382
-0.788
-0.419
-0.478
-0.413
-0.739
-0.538
-0.588
-0.578
-0.575
-0.536
-0.389
-0.684
-0.413
-0.493
-0.586
-0.594
-0.419
-0.629
-0.611
-0.572
-0.378
-0.445
-0.527
-0.559
-0.548
-0.655
-0.54
-0.649
-0.55
-0.446
-0.34
-0.262
-0.727
-0.554
-0.624
-0.542
-0.626
-0.581
-0.68
-0.511
-0.702
-0.479
-0.495
-0.474
-0.416
-0.437
-0.609
-0.439
-0.525
-0.519
-0.376
-0.555
-0.528
-0.66
-0.556
-0.516
-0.342
-0.4
-0.46
-0.462
-0.535
-0.23
-0.501
-0.497
-0.374
-0.395
-0.435
-0.329
-0.257
-0.45
-0.65
-0.676
-0.55
-0.528
-0.639
-0.649
-0.546
-0.719
-0.65
-0.569
-0.386
-0.349
-0.477
-0.329
-0.442
-0.562
-0.564
-0.522
-0.727
-0.676
-0.707
-0.47
-0.411
-0.514
-0.401
-0.519
-0.703
-0.593
-0.431
-0.536
-0.459
-0.648
-0.528
-0.592
-0.498
-0.552
-0.351
-0.356
-0.452
-0.337
-0.486
-0.442
-0.639
-0.417
-0.622
-0.587
-0.494
-0.836
-0.464
-0.793
-0.604
-0.734
-0.581
-0.527
-0.667
-0.689
-0.613
-0.481
-0.604
