-733.493
-772.658
-756.09
-705.581
-778.406
-757.059
-778.303
-772.138
-776.713
-748.389
-792.985
-760.679
-770.279
-805.775
-797.33
-812.586
-798.048
-808.512
-735.139
-766.543
-763.495
-781.304
-793.118
-803.533
-803.06
-733.377
-803.27
-791.394
-764.394
-749.513
-728.621
-783.714
-814.528
-857.546
-759.408
-776.707
-832.482
-812.424
-785.366
-781.054
-800.723
-814.39
-783.279
-812.583
-781.382
-835.706
-755.444
-814.366
-822.315
-822.02
-803.031
-790.798
-766.145
-772.241
-785.847
-769.908
-804.161
-757.388
-814.435
-806.319
-811.192
-838.416
-835.321
-764.993
-772.423
-806.19
-807.689
-830.448
-772.986
-800.716
-743.378
-799.991
-790.399
-821.764
-786.398
-817.412
-748.894
-806.136
-751.118
-755.33
-792.651
-761.563
-765.742
-759.553
-781.853
-774.722
-769.62
-754.582
-772.82
-741.64
-761.197
-807.904
-728.454
-812.541
-776.369
-765.936
-753.427
-782.025
-794.844
-794.556
-770.443
-767.664
-827.148
-791.274
-779.146
-819.835
-779.118
-770.127
-772.135
-810.075
-825.015
-779.734
-797.749
-816.052
-820.157
-785.783
-821.965
-744.704
-781.54
-782.634
-780.475
-749.928
-818.987
-814.741
-805.244
-803.852
-819.778
-851.214
-799.349
-839.914
-804.358
-812.003
-849.917
-822.46
-807.541
-819.732
-884.224
-798.302
-794.593
-783.829
-732.42
-795.643
-815.631
-798.603
-791.489
-810.016
-771.305
-830.948
-824.047
-832.992
-797.14
-805.157
-794.286
-826.531
-796.349
-813.641
-829.376
-813.076
-795.546
-794.363
-814.559
-815.862
-820.217
-838.186
-806.067
-769.598
-853.952
-795.995
-823.003
-768.96
-788.534
-784.265
-782.616
-769.826
-781.428
-839.842
-783.733
-818.181
-781.091
-836.937
-799.916
-805.122
-798.493
-812.321
-790.34
-830.736
-814.7
-761.637
-759.766
-804.467
-860.267
-798.045
-765.713
-757.14
-880.286
-853.249
-819.011
-788.409
-794.188
-797.595
-771.7
-809.682
-835.891
-830.671
-809.536
-820.094
-863.172
-842.816
-824.658
-880.994
-807.467
-808.325
-815.123
-819.995
-847.731
-852.45
-813.56
-790.499
-862.691
-795.834
-823.928
-786.787
-794.912
-819.084
-857.213
-791.389
-840.886
-824.88
-791.608
-803.77
-803.621
-816.311
-815.974
-824.821
-769.868
-838.847
-787.848
-761.99
-831.641
-823.261
-836.152
-838.075
-846.165
-851.571
-846.327
-845.875
-831.621
-835.07
-865.038
-818.977
-823.648
-806.742
-819.065
-837.171
-820.12
-856.44
-777.529
-862.356
-828.755
-823.174
-815.51
-828.985
-830.057
-831.315
-834.339
-822.312
-804.552
-796.445
-788.741
-780.887
-822.725
-787.693
-794.876
-838.637
-811.699
-830.955
-821.105
-831.637
-785.976
-833.821
-823.796
-829.793
-836.952
-846.452
-865.648
-803.643
-781.928
-830.949
-763.577
-813.607
-806.483
-842.468
-799.991
-768.434
-816.311
-772.044
-824.392
-756.701
-819.613
-802.263
-783.362
-821.201
-784.305
-816.763
-762.418
-754.455
-800.761
-820.203
-826.879
-826.8
-815.815
-835.896
-798.851
-797.432
-807.727
-768.292
-810.88
-779.647
-749.038
-789.431
-802.513
-787.203
-758.487
-781.175
-820.056
-798.777
-779.029
-792.51
-783.109
-779.39
-794.756
-736.395
-743.442
-777.79
-736.972
-796.183
-740.481
-771.239
-731.104
-750.651
-814.337
-743.493
-790.392
-770.101
-768.51
-818.123
-848.46
-800.193
-786.093
-818.708
-781.466
-794.416
-817.243
-792.607
-798.906
-796.469
-813.708
-788.469
-799.226
-781.205
-848.65
-857.007
-828.345
-802.803
-804.442
-811.849
-785.601
-804.478
-836.905
-852.997
-800.483
-802.95
-787.42
-802.478
-815.211
-785.598
-751.234
-813.848
-828.005
-772.709
-772.068
-814.956
-837.029
-804.152
-853.49
-810.92
-776.068
-778.848
-778.666
-819.402
-780.013
-777.334
-817.284
-864.44
-783.169
-810.8
-816.191
-885.176
-790.679
-778.571
-803.923
-822.092
-841.165
-810.926
-824.537
-785.506
-829.049
-848.244
-793.149
-819.739
-855.634
-761.825
-798.791
-818.232
-758.207
-810.519
-748.822
-810.687
-794.246
-784.219
-806.444
-747.97
-781.558
-731.693
-669.961
-790.25
-821.436
-792.104
-800.895
-754.976
-747.085
-744.382
-797.981
-807.038
-781.856
-799.173
-745.873
-795.03
-769.138
-813.758
-807.078
-807.708
-804.708
-809.88
-786.635
-805.773
-799.069
-730.769
-746.514
-758.529
-776.188
