-125.47
-139.88
-119.18
-125.61
-130.13
-133.85
-124.73
-134.28
-127.18
-130.15
-136.7
-132.92
-146.24
-125.91
-128.79
-122.9
-129.66
-122.87
-114.65
-120.04
-136.46
-132.37
-126.39
-134.25
-134.71
-130.63
-114.68
-125.64
-121.96
-128.6
-122.84
-123.95
-117.61
-111.74
-126.3
-128.9
-113.61
-115.44
-114.66
-111.97
-132.56
-130.72
-127.12
-125.73
-120.11
-130.77
-139.1
-125.12
-121.2
-124.59
-132.74
-137.73
-130.89
-139.75
-123.36
-134.54
-137.02
-120.25
-133.16
-133.65
-135.98
-144.4
-133.24
-140.74
-127.35
-138.89
-142.75
-113.89
-128.67
-129.32
-120.69
-136.23
-132.95
-141.23
-138.06
-134.61
-146.32
-135.16
-135.3
-127.83
-139.2
-139.54
-150.85
-141.33
-149.55
-140.26
-142.47
-139.66
-135.76
-118.83
-126.46
-131.84
-135.63
-146.51
-130.0
-134.63
-145.14
-143.28
-137.96
-138.48
-136.17
-141.95
-139.58
-149.29
-137.9
-138.8
-134.66
-134.51
-128.48
-136.22
-136.2
-126.81
-135.89
-137.94
-132.03
-126.05
-141.03
-129.59
-138.08
-136.0
-135.05
-129.96
-130.89
-133.85
-130.23
-138.5
-122.1
-130.27
-118.9
-135.12
-120.12
-131.34
-123.24
-128.48
-125.48
-137.87
-131.18
-120.23
-123.86
-127.08
-143.99
-126.72
-126.85
-140.29
-146.82
-135.92
-131.48
-126.2
-138.5
-132.88
