-118.55
-108.21
-112.24
-100.05
-110.51
-102.89
-105.38
-118.7
-116.65
-106.95
-109.93
-112.2
-115.53
-119.79
-122.42
-119.56
-124.15
-121.19
-112.36
-116.52
-116.69
-122.31
-107.63
-118.94
-113.39
-102.03
-101.11
-109.53
-111.99
-124.46
-110.07
-109.61
-113.11
-123.57
-112.47
-112.94
-101.91
-106.75
-116.67
-123.42
-116.43
-113.05
-119.69
-118.94
-117.81
-115.88
-114.71
-121.41
-111.98
-122.37
-120.37
-123.43
-113.88
-122.8
-118.35
-128.42
-116.08
-114.06
-115.99
-112.2
-123.27
-123.3
-133.6
-113.32
-124.32
-115.64
-122.34
-122.74
-108.5
-125.38
-123.0
-116.05
-107.98
-114.73
-127.72
-115.1
-115.21
-111.59
-119.87
-118.06
-116.39
-121.55
-111.6
-107.9
-113.98
-112.09
-113.53
-114.35
-104.79
-104.46
-117.8
-113.7
-113.7
-121.94
-113.6
-121.14
-116.71
-121.06
-110.49
-101.92
-116.79
-120.61
-106.35
-115.28
-111.05
-96.52
-113.01
-113.61
-121.13
-108.54
-112.8
-113.66
-105.71
-118.42
-107.74
-116.06
-111.32
-113.43
-106.67
-111.42
-111.05
-115.91
-108.83
-111.34
-114.66
-108.43
-118.63
-115.27
-108.64
-105.93
-110.17
-116.55
-120.73
-107.98
-125.7
-116.42
-113.57
-117.87
-114.47
-100.74
-116.64
-110.98
-108.31
-121.67
-106.97
-106.29
-114.83
-101.16
-116.05
-96.05
-113.08
-117.76
-119.61
-122.41
-107.9
-120.1
-115.55
-115.98
-120.27
-108.24
-119.89
-123.35
-117.21
-119.22
-105.88
-114.02
-123.33
-119.52
-114.71
-114.83
-124.03
-115.36
-106.68
-105.22
-116.09
-110.92
-105.19
-120.81
-115.96
-107.99
-103.74
-115.62
-108.58
-103.41
-107.75
-104.79
-104.94
-109.5
-112.64
-111.85
-117.47
-114.84
-112.47
-112.42
-117.06
-124.3
-114.55
-117.22
-110.46
-112.71
-115.6
-113.85
-119.97
-123.15
-122.14
-114.79
-124.84
-117.66
-114.36
-135.16
-121.14
-132.42
-124.58
-136.49
-120.29
-139.18
-124.85
-121.88
-124.38
-127.21
-123.88
-127.98
-116.03
-112.78
-132.24
-122.78
-129.6
-119.33
-118.54
-121.95
-121.11
-141.25
-122.97
-119.4
-122.71
-113.32
-113.39
-118.34
-111.32
-128.47
-120.1
-129.21
-128.3
-126.55
-135.73
-140.54
-136.82
-128.08
-125.58
-127.04
-126.83
-128.33
-130.04
-129.42
-120.5
-121.13
-124.56
-122.74
-121.16
-116.75
-121.66
-128.86
-124.84
-128.28
-128.6
-126.69
-129.68
-115.18
-124.54
-134.96
-122.99
-128.74
-112.88
-129.86
-132.17
-124.07
-129.75
-119.92
-118.16
-122.44
-128.74
-125.36
-127.24
-124.6
-123.63
-127.72
-113.97
-113.1
-119.8
-123.85
-127.47
-133.96
-130.21
-122.98
-125.73
-121.61
-129.47
-121.21
-123.48
-123.16
-128.96
-121.59
-125.92
-119.63
-119.83
-123.7
-117.12
-121.55
-116.14
-120.26
-130.26
-120.07
-115.56
-117.4
-123.95
-113.37
-110.14
-124.31
-123.14
-118.68
-118.17
-119.02
-128.56
-124.08
-131.24
-117.5
-126.99
-118.15
-121.22
-122.38
-117.64
-126.86
-131.92
-129.07
-117.72
-125.49
-113.16
-116.8
-110.19
-116.43
-120.87
-107.2
-114.11
-120.38
-111.88
-120.28
-116.34
-121.17
-117.15
-127.58
-125.11
-130.02
-114.54
-111.96
-117.32
-114.68
-121.78
-131.38
-124.38
-114.78
-135.48
-118.16
-128.95
-121.01
-120.77
-118.12
-130.44
-119.58
-124.24
-123.59
-118.38
-114.18
-122.3
-124.05
-125.03
-122.5
-115.36
-120.48
-121.78
-116.26
-118.68
-116.01
-118.16
-118.17
-121.33
-115.5
-122.79
-114.4
-112.49
-123.76
-124.54
-128.74
-117.68
-127.39
-108.32
-116.96
-123.14
-117.78
-120.48
-113.34
-120.85
-109.9
-123.93
-121.48
-119.96
-115.25
-130.33
-107.97
-117.88
-116.8
-121.0
-113.73
-123.56
-110.52
-115.4
-110.94
-117.23
-121.07
-118.25
-111.62
-111.38
-120.95
-115.26
-108.07
-109.48
-114.15
-119.95
-113.29
-117.24
-117.23
-118.6
-115.78
-112.01
-108.74
-120.91
-110.44
-114.77
-109.97
-117.26
-108.44
-106.84
-121.61
-119.29
-116.95
-113.64
-116.33
-99.02
-112.04
-118.57
-112.04
-118.5
