-108.07
-116.36
-108.04
-105.21
-104.45
-112.58
-104.35
-107.18
-107.55
-112.57
-111.34
-107.77
-114.42
-119.71
-113.35
-104.99
-105.29
-110.48
-108.43
-110.59
-107.13
-119.68
-104.54
-105.24
-101.01
-107.37
-104.3
-100.42
-110.41
-110.19
-109.55
-110.45
-107.66
-114.3
-111.45
-107.84
-103.67
-100.39
-116.41
-108.22
-114.07
-113.82
-112.06
-115.08
-107.3
-108.13
-105.25
-105.06
-105.91
-105.4
-114.3
-112.22
-104.55
-106.13
-112.9
-104.33
-112.46
-101.13
-99.46
-105.75
-96.12
-97.51
-92.46
-102.58
-97.35
-103.15
-97.78
-94.87
-95.48
-101.99
-102.15
-107.4
-103.62
-106.53
-93.78
-105.74
-105.36
-109.19
-105.33
-103.18
-99.57
-102.39
-114.6
-107.67
-101.72
-117.56
-102.58
-97.28
-108.82
-99.45
-100.8
-101.81
-105.86
-93.06
-97.88
-105.0
-109.96
-111.56
-106.86
-108.32
-99.98
-105.58
-110.54
-106.58
-102.0
-103.75
-111.24
-103.85
-93.18
-106.78
-100.38
-98.14
-92.13
-102.12
-108.25
-108.97
-115.31
-104.0
-112.97
-100.75
-110.95
-107.12
-108.53
-109.35
-109.14
-114.39
-101.88
-110.7
-108.45
-108.59
-104.38
-107.99
-98.77
-108.63
-107.55
-123.49
-115.63
-127.36
-115.6
-112.12
-109.94
-109.74
-111.05
-105.35
-109.77
-102.63
-110.35
-109.08
-107.45
-104.78
-108.31
-119.42
-117.95
-117.36
-100.68
-98.13
-111.92
-110.46
-117.03
-114.66
-113.03
-114.46
-119.46
-106.81
-120.67
-123.85
-123.48
-122.07
-121.35
-115.75
-116.23
-119.66
-108.51
-120.54
-117.44
-106.02
-117.18
-117.15
-124.61
-107.6
-116.35
-115.34
-112.26
-123.04
-118.48
-115.3
-115.74
-111.99
-116.17
-117.06
-114.41
-116.07
-109.16
-119.0
-119.67
-122.78
-111.21
-128.04
-120.79
-131.44
-125.52
-118.29
-117.67
-127.84
-118.72
-122.32
-118.8
-108.3
-117.09
-119.92
-125.2
-119.58
-132.13
-127.64
-112.2
-118.39
-109.75
-109.0
-112.09
-108.12
-100.25
-105.37
-108.75
-116.64
-118.51
-106.25
-113.91
-115.39
-114.91
-115.1
-105.69
-114.19
-126.02
-118.84
-113.94
-109.28
-108.68
-101.03
-116.04
-112.73
-119.2
-115.5
-109.59
-120.5
-109.64
-115.57
-111.58
-113.73
-112.22
-114.99
-118.26
-115.38
-100.92
-112.66
-111.14
-113.34
-107.34
-114.16
-113.62
-107.89
-104.59
-115.35
-97.79
-106.82
-101.85
-98.52
-99.35
-109.91
-108.13
-111.11
-94.13
-101.1
-109.03
-101.0
-113.53
-106.23
-107.59
-112.88
-102.42
-108.79
-101.67
-113.17
-119.83
-99.95
-103.43
-115.1
-104.97
-113.08
-111.68
-109.64
-95.79
-110.83
-105.54
-103.79
-106.3
-106.92
-111.21
-104.77
-107.29
-108.19
-106.87
-106.82
-108.8
-110.74
-104.95
-96.68
-101.85
-115.7
-101.98
-114.71
-110.95
-117.06
-107.76
-109.1
-109.88
-110.63
-109.75
-111.66
-114.42
-112.71
-109.77
-105.13
-122.05
-121.0
-111.73
-111.64
-115.0
-113.21
-102.85
-102.99
-98.59
-109.76
-109.02
-105.94
-99.54
-98.09
-116.41
-113.71
-121.54
-116.93
-106.16
-117.11
-111.29
-107.43
-106.48
-100.7
-110.33
-116.33
-107.24
-108.18
-98.92
-99.51
-89.24
-100.98
-104.96
-102.73
-101.35
-95.2
-101.4
-91.79
-104.83
-101.86
-99.57
-95.48
-103.33
-98.7
-108.08
-104.73
-101.37
-98.84
-107.15
-98.16
-103.05
-98.98
-99.94
-87.94
-99.51
-103.16
-103.28
-102.65
-96.73
-104.71
-98.39
-98.16
-100.83
-98.19
-99.69
-94.57
-105.62
-105.7
-97.46
-102.26
-101.49
-107.06
-100.41
-103.44
-97.18
-101.02
-103.25
-106.09
-110.56
-99.15
-113.99
-109.52
-101.47
-105.07
-103.87
-114.31
-99.72
-119.22
-116.15
-109.06
-112.66
-108.6
-120.79
-112.86
-120.01
-125.21
-119.45
-122.62
-105.78
-114.49
-114.63
-113.67
-115.92
-107.62
-102.7
-113.38
-108.21
-112.77
-108.32
-118.0
-110.3
-115.13
-112.7
-120.29
-113.08
-100.89
-106.41
-106.24
-106.55
-116.7
-113.35
-115.75
-118.84
-115.38
-111.73
-108.9
-106.22
-115.51
-98.72
