-127.42
-121.88
-118.69
-121.98
-119.22
-110.53
-120.02
-112.58
-116.62
-113.45
-103.41
-106.66
-97.87
-116.63
-112.17
-106.97
-118.85
-108.54
-113.45
-117.73
-107.54
-105.8
-105.27
-116.95
-107.01
-109.83
-120.52
-129.12
-120.84
-119.26
-115.14
-119.86
-126.07
-117.08
-110.71
-122.93
-117.12
-123.9
-122.5
-109.4
-123.48
-108.41
-119.18
-93.3
-112.21
-105.95
-122.49
-114.47
-123.79
-117.03
-99.93
-110.86
-120.57
-123.18
-110.84
-101.52
-105.93
-99.43
-94.45
-116.88
-108.07
-102.94
-101.47
-103.53
-113.81
-129.14
-123.26
-111.69
-108.83
-96.69
-114.59
-117.52
-115.27
-113.39
-113.47
-120.06
-118.96
-107.31
-115.9
-123.01
-107.33
-110.57
-129.4
-115.48
-121.12
-128.31
-120.67
-140.57
-130.47
-116.3
-122.94
-121.34
-114.11
-119.86
-108.15
-118.82
-110.49
-126.0
-121.26
-111.06
-106.93
-119.76
-134.63
-130.49
-115.83
-105.76
-122.63
-124.96
-125.08
-124.14
-138.68
-120.71
-137.73
-125.76
-126.02
-142.64
-131.95
-129.03
-127.64
-123.86
-135.81
-132.4
-121.09
-124.78
-125.91
-118.33
-120.59
-119.95
-137.87
-121.14
-117.91
-129.06
-111.62
-136.04
-127.97
-122.2
-126.12
-117.31
-139.38
-125.98
-122.16
-118.28
-124.44
-124.6
-135.33
-132.63
-121.28
-144.76
-137.69
-136.62
