-0.36
-0.296
-0.375
-0.472
-0.42
-0.476
-0.381
-0.349
-0.39
-0.576
-0.595
-0.328
-0.555
-0.487
-0.491
-0.621
-0.456
-0.543
-0.396
-0.283
-0.406
-0.411
-0.353
-0.459
-0.396
-0.491
-0.374
-0.529
-0.37
-0.379
-0.378
-0.434
-0.458
-0.486
-0.485
-0.311
-0.367
-0.425
-0.424
-0.467
-0.467
-0.256
-0.361
-0.525
-0.405
-0.371
-0.351
-0.312
-0.334
-0.521
-0.44
-0.755
-0.397
-0.479
-0.621
-0.366
-0.463
-0.406
-0.508
-0.285
-0.293
-0.52
-0.415
-0.384
-0.401
-0.461
-0.466
-0.511
-0.406
-0.477
-0.371
-0.589
-0.356
-0.432
-0.582
-0.555
-0.363
-0.247
-0.396
-0.502
-0.357
-0.337
-0.429
-0.466
-0.475
-0.495
-0.394
-0.371
-0.415
-0.354
-0.467
-0.282
-0.314
-0.402
-0.418
-0.233
-0.451
-0.426
-0.338
-0.357
-0.378
-0.378
-0.367
-0.37
-0.458
-0.458
-0.343
-0.34
-0.307
-0.438
-0.46
-0.256
-0.396
-0.336
-0.12
-0.234
-0.248
-0.177
-0.315
-0.356
-0.11
-0.252
-0.31
-0.294
-0.288
-0.414
-0.311
-0.4
-0.372
-0.434
-0.501
-0.414
-0.38
-0.364
-0.339
-0.537
-0.493
-0.527
-0.447
-0.548
-0.55
-0.446
-0.444
-0.469
-0.466
-0.535
-0.383
-0.478
-0.387
-0.348
-0.226
-0.257
-0.489
-0.456
-0.355
-0.39
-0.449
-0.326
-0.414
-0.433
-0.492
-0.495
-0.558
-0.507
-0.48
-0.494
-0.551
-0.522
-0.451
-0.377
-0.533
-0.531
-0.434
-0.378
-0.377
-0.559
-0.306
-0.349
-0.378
-0.497
-0.479
-0.541
-0.258
-0.578
-0.436
-0.418
-0.49
-0.36
-0.377
-0.577
-0.377
-0.37
-0.34
-0.299
-0.32
-0.41
-0.597
-0.764
-0.689
-0.546
-0.645
-0.583
-0.686
-0.6
-0.566
-0.605
-0.585
-0.507
-0.561
-0.522
-0.699
-0.478
-0.542
-0.673
-0.526
-0.556
-0.576
-0.64
-0.555
-0.399
-0.485
-0.526
-0.419
-0.377
-0.622
-0.533
-0.478
-0.611
-0.529
-0.682
-0.611
-0.533
-0.484
-0.677
-0.712
-0.449
-0.479
-0.467
-0.535
-0.343
-0.566
-0.487
-0.386
-0.527
-0.72
-0.702
-0.51
-0.5
-0.565
-0.62
-0.48
-0.543
-0.407
-0.478
-0.472
-0.347
-0.378
-0.56
-0.559
-0.435
-0.455
-0.362
-0.209
-0.49
-0.376
-0.279
-0.422
-0.375
-0.348
-0.277
-0.318
-0.38
-0.211
-0.418
-0.447
-0.377
-0.296
-0.303
-0.365
-0.534
-0.495
-0.522
-0.473
-0.514
-0.683
-0.682
-0.505
-0.449
-0.382
-0.434
-0.326
-0.28
-0.389
-0.385
-0.59
-0.438
-0.505
-0.425
-0.492
-0.537
-0.472
-0.605
-0.46
-0.544
-0.545
-0.4
-0.36
-0.529
-0.411
-0.607
-0.497
-0.43
-0.396
-0.521
-0.46
-0.467
-0.531
-0.57
-0.437
-0.677
-0.39
-0.318
-0.429
-0.435
-0.466
-0.512
-0.405
-0.57
-0.426
-0.424
-0.4
-0.271
-0.539
-0.493
-0.429
-0.473
-0.426
-0.429
-0.527
-0.458
-0.332
-0.443
-0.358
-0.378
-0.416
-0.384
-0.358
-0.404
-0.228
-0.463
-0.504
-0.309
-0.49
-0.489
-0.399
-0.358
-0.418
-0.509
-0.374
-0.311
-0.344
-0.349
-0.343
-0.487
-0.467
-0.408
-0.543
-0.457
-0.349
-0.434
-0.377
-0.459
-0.413
-0.514
-0.404
-0.485
-0.579
-0.396
-0.525
-0.339
-0.474
-0.401
-0.422
-0.467
-0.481
-0.362
-0.517
-0.285
-0.36
-0.41
-0.401
-0.651
-0.614
-0.563
-0.467
-0.495
-0.502
-0.372
-0.591
-0.384
-0.47
-0.386
-0.524
-0.442
-0.583
-0.472
-0.542
-0.45
-0.52
-0.589
-0.493
-0.564
-0.491
-0.444
-0.63
-0.354
-0.636
-0.594
-0.482
-0.516
-0.42
-0.584
-0.443
-0.427
-0.612
-0.458
-0.478
-0.492
-0.477
-0.341
-0.412
-0.503
-0.583
-0.459
-0.522
-0.382
-0.523
-0.403
-0.411
-0.318
-0.247
-0.458
-0.38
-0.485
-0.517
-0.392
-0.458
-0.484
-0.581
-0.366
-0.549
