-647.124
-691.38
-605.395
-605.749
-670.565
-608.094
-635.853
-621.792
-617.449
-648.367
-659.099
-654.715
-635.151
-680.325
-663.07
-655.414
-639.607
-684.03
-609.951
-624.564
-654.152
-666.921
-670.076
-595.492
-597.153
-654.782
-635.974
-667.832
-651.73
-666.971
-669.719
-709.904
-651.5
-670.342
-661.188
-663.174
-665.442
-667.543
-692.752
-682.53
-650.6
-677.807
-715.786
-659.335
-634.555
-632.543
-580.747
-547.216
-642.061
-631.119
-653.64
-688.937
-681.304
-663.37
-648.184
-663.337
-693.66
-593.749
-616.481
-623.52
-638.477
-627.32
-598.498
-638.094
-604.211
-587.623
-605.881
-649.385
-603.907
-637.202
-609.181
-622.168
-632.705
-672.558
-637.434
-650.975
-653.753
-643.7
-632.579
-631.291
-632.24
-685.059
-709.221
-691.775
-661.33
-680.942
-636.893
-608.845
-697.416
-639.972
-624.615
-549.57
-635.466
-555.933
-657.12
-596.714
-660.479
-612.939
-662.532
-633.759
-605.142
-627.432
-639.098
-662.658
-653.672
-610.058
-566.208
-570.778
-542.761
-637.57
-621.195
-562.028
-591.216
-569.201
-625.65
-630.525
-598.898
-636.985
-612.734
-576.446
-629.472
-633.555
-630.705
-584.625
-657.507
-585.621
-615.595
-592.78
-632.905
-671.617
-652.953
-592.492
-635.619
-643.139
-643.238
-662.856
-691.315
-718.382
-687.426
-675.963
-664.753
-676.246
-708.029
-661.424
-645.299
-671.157
-646.253
-718.497
-650.893
-655.232
-656.677
-647.478
-697.032
-671.097
-619.335
-700.948
-713.654
-727.265
-674.172
-704.714
-689.967
-686.397
-723.08
-724.85
-731.806
-724.606
-739.788
-736.775
-707.265
-701.902
-705.867
-729.114
-701.787
-693.264
-686.273
-655.709
-687.675
-698.669
-709.594
-659.723
-657.586
-705.565
-670.337
-720.107
-728.527
-671.828
-691.205
-691.434
-708.687
-693.682
-701.71
-692.831
-711.218
-687.535
-754.882
-727.977
-696.067
-800.381
-780.118
-771.183
-749.015
-749.096
-803.05
-813.091
-746.677
-737.952
-786.935
-745.976
-759.57
-731.799
-788.241
-745.69
-799.219
-765.885
-713.374
-686.576
-692.809
-645.933
-682.638
-644.129
-673.396
-700.422
-730.026
-688.299
-722.133
-668.388
-724.382
-696.463
-684.489
-716.777
-659.443
-680.901
-743.382
-734.586
-699.965
-711.015
-753.367
-673.42
-659.708
-691.346
-673.085
-673.691
-689.188
-703.476
-663.159
-693.807
-646.585
-649.342
-692.786
-635.471
-628.97
-552.149
-660.124
-645.333
-629.136
-661.894
-645.325
-660.786
-637.232
-674.522
-651.467
-630.475
-623.632
-624.941
-644.436
-626.197
-652.757
-648.221
-707.804
-637.073
-621.779
-641.687
-631.212
-679.083
-676.475
-715.157
-709.772
-665.349
-711.469
-721.601
-655.589
-738.553
-724.85
-697.96
-692.764
-702.008
-693.081
-698.444
-652.278
-632.833
-600.803
-624.437
-674.633
-653.873
-625.163
-652.456
-604.742
-656.383
-659.558
-610.891
-682.717
-614.412
-611.183
-637.289
-683.497
-678.216
-680.972
-681.033
-678.551
-695.947
-674.165
-698.649
-661.167
-676.253
-632.692
-685.475
-695.073
-681.91
-722.85
-717.115
-676.968
-758.291
-710.393
-697.79
-726.178
-722.209
-707.002
-744.503
-601.182
-645.331
-565.923
-620.052
-655.903
-668.556
-679.883
-631.962
-660.319
-685.021
-675.439
-719.714
-621.085
-734.219
-704.146
-685.656
-727.633
-665.089
-754.384
-733.479
-644.534
-711.572
-623.56
-588.43
-678.857
-653.348
-700.37
-677.059
-645.685
-562.638
-694.569
-630.229
-635.905
-652.601
-675.398
-643.663
-625.801
-608.791
-674.096
-716.236
-622.739
-658.395
-714.05
-649.578
-706.141
-683.662
-656.194
-679.02
-617.212
-656.485
-624.344
-642.867
-640.641
-699.987
-654.643
-676.995
-654.786
-664.658
-652.956
-667.968
-692.344
-608.009
-678.624
-682.009
-645.253
-709.952
-651.388
-653.282
-663.111
-624.662
-683.849
-689.172
-652.284
-716.859
-663.524
-752.881
-716.086
-678.275
-681.086
-737.937
-777.892
-738.378
-774.1
-745.323
-757.291
-760.909
-768.81
-705.299
-735.153
-760.225
-742.291
-726.026
-718.308
-771.606
-768.787
-687.608
-716.167
-691.595
-703.134
-680.99
-694.276
-696.028
-708.21
-704.908
-678.379
-683.633
-643.983
-650.09
-687.555
-648.23
-695.838
-681.15
-690.589
-712.037
-715.782
-759.619
-701.981
-644.481
-661.12
-706.698
-666.402
-650.744
-687.96
