-371.144
-387.157
-349.111
-384.069
-371.796
-333.751
-372.497
-400.701
-412.418
-443.157
-421.799
-419.078
-427.028
-439.854
-413.038
-410.141
-377.233
-375.085
-431.123
-417.881
-352.479
-365.341
-390.327
-391.615
-405.749
-388.597
-394.003
-365.502
-368.396
-448.53
-397.135
-432.184
-432.942
-430.191
-407.035
-421.876
-386.607
-432.672
-379.372
-439.118
-410.175
-414.908
-427.771
-400.38
-414.478
-381.821
-424.729
-434.883
-389.645
-379.979
-385.751
-395.837
-414.223
-349.617
-359.477
-395.715
-355.658
-407.038
-376.897
-409.405
-377.093
-385.807
-371.905
-393.663
-358.25
-377.859
-385.121
-408.722
-409.327
-368.101
-388.045
-385.424
-388.682
-377.627
-391.962
-361.877
-381.586
-362.633
-372.81
-378.634
-386.204
-325.757
-372.321
-352.7
-324.082
-351.913
-343.398
-336.69
-340.327
-361.743
-307.099
-391.455
-357.472
-360.044
-364.028
-308.539
-311.634
-310.665
-310.929
-285.085
-314.24
-301.147
-345.669
-361.695
-304.728
-286.77
-296.537
-354.543
-363.688
-347.921
-375.751
-372.179
-393.807
-376.469
-351.811
-390.308
-408.759
-381.412
-411.165
-422.554
-387.282
-350.276
-399.668
-414.828
-361.34
-369.373
-389.833
-399.19
-407.445
-371.282
-404.529
-374.498
-377.71
-430.201
-383.887
-379.746
-403.176
-375.537
-378.98
-383.089
-375.116
-396.173
-353.974
-329.926
-410.073
-350.595
-355.324
-413.446
-384.42
-363.696
-396.101
-390.051
-370.874
-356.613
-346.237
-386.237
-404.205
-401.015
-422.079
-376.187
-398.87
-343.998
-390.201
-384.84
-397.301
-369.794
-410.8
-388.067
-395.768
-389.133
-406.576
-390.695
-390.538
-365.015
-373.522
-382.628
-385.261
-397.992
-382.355
-389.26
-333.178
-360.188
-336.25
-393.099
-345.409
-382.459
-338.35
-380.212
-377.895
-372.457
-393.375
-426.398
-369.143
-370.132
-403.108
-366.095
-374.353
-400.476
-360.635
-388.556
-352.486
-362.605
-373.8
-349.442
-382.584
-390.373
-393.516
-410.602
-404.242
-439.871
-406.427
-417.296
-421.93
-444.862
-383.616
-373.617
-404.699
-410.72
-391.359
-367.357
-360.811
-377.999
-403.74
-318.053
-360.52
-359.937
-351.52
-361.443
-421.459
-355.807
-350.464
-366.524
-366.576
-387.158
-372.164
-370.788
-394.742
-389.977
-365.418
-340.22
-425.636
-423.105
-392.733
-361.941
-377.526
-373.43
-358.642
-364.439
-341.497
-364.55
-363.029
-356.996
-370.252
-378.201
-367.593
-375.364
-360.133
-366.797
-416.006
-387.117
-385.901
-360.171
-338.302
-381.211
-376.01
-373.944
-370.408
-333.217
-386.354
-375.055
-401.677
-406.908
-369.846
-340.232
-388.549
-367.086
-347.548
-377.75
-377.507
-353.639
-328.468
-389.182
-329.061
-366.67
-377.94
-313.389
-360.763
-398.689
-352.645
-334.166
-394.269
-401.306
-366.419
-352.062
-376.726
-389.539
-340.006
-372.65
-378.444
-366.646
-335.172
-387.407
-391.454
-356.865
-344.105
-377.959
-365.268
-404.222
-410.52
-389.347
-400.639
-351.709
-409.924
-387.982
-397.741
-354.559
-375.696
-358.69
-348.407
-402.785
-365.807
-397.262
-353.085
-369.708
-371.224
-355.826
-362.084
-340.584
-350.782
-364.976
-370.29
-352.097
-373.285
-350.28
-333.245
-313.433
-322.741
-322.834
-342.87
-317.139
-340.195
-331.086
-364.3
-341.63
-327.019
-371.23
-330.499
-339.931
-314.428
-321.418
-314.861
-349.583
-336.364
-357.353
-340.081
-351.286
-356.026
-320.662
-356.365
-358.097
-374.727
-367.995
-413.173
-344.664
-373.2
-348.189
-358.289
-342.05
-354.22
-351.008
-348.341
-331.017
-313.534
-319.228
-318.543
-298.559
-334.797
-296.097
-305.091
-326.958
-314.708
-347.847
-337.93
-357.237
-335.235
-356.595
-354.643
-321.01
-401.916
-348.314
-375.713
-387.982
-364.249
-360.165
-315.821
-359.439
-350.003
-352.154
-384.569
-382.402
-354.655
-346.624
-311.038
-333.274
-334.502
-355.225
-350.828
-331.539
-334.511
-357.964
-357.131
-345.415
-365.471
-342.829
-339.513
-322.412
-343.818
-336.824
-336.032
-351.539
-331.464
-319.772
-319.476
-315.443
-329.756
-354.555
-354.802
-309.731
-344.865
-310.991
-353.786
-351.889
-378.87
-337.612
-347.657
-355.983
-373.473
-342.455
-343.836
-355.49
-351.38
-369.224
-378.073
-370.828
-348.359
-323.763
-299.209
-318.747
-334.432
-347.457
-320.922
-369.96
-364.614
-366.106
-356.038
-384.091
-377.972
-350.074
-368.839
-365.309
-369.904
-363.999
-345.299
-359.183
-401.273
-370.173
-349.99
-365.716
-347.853
-365.06
-357.044
-356.83
-363.222
-369.69
-382.606
-355.586
-341.162
-339.11
-352.242
-369.359
-353.286
-328.071
-348.371
-339.725
-383.233
-338.048
-379.109
-373.428
-391.42
-357.486
-375.512
-376.159
-384.262
-377.505
-383.191
-346.239
-378.349
-359.725
-340.955
-343.061
-348.541
-362.429
-346.517
-353.18
-367.517
-369.565
-369.586
-356.857
-364.701
-312.009
-313.499
-340.062
-334.1
-334.529
-363.576
-383.889
-395.862
-351.71
-279.792
-352.925
-386.736
-364.855
-370.629
-349.509
-366.413
-355.246
-365.781
-327.689
-350.804
-336.822
-343.44
-366.765
-332.651
-345.215
-397.968
-363.163
-367.347
-357.658
-379.761
-413.417
-398.479
-441.756
-375.219
-382.085
-387.801
-364.293
-426.934
-392.574
-371.612
-419.202
-403.6
-387.209
-393.943
-424.665
-395.473
-413.272
-434.569
-409.096
-415.752
-363.811
-327.632
-406.449
-429.931
-364.983
-396.963
-400.941
-417.384
-441.538
-438.862
-426.308
-419.407
-402.669
-396.435
-409.097
-412.406
-404.777
-384.899
-413.346
-401.169
-374.377
-403.68
-413.706
-412.805
-394.04
-380.378
-418.771
-405.349
-423.722
-412.79
-404.384
-394.64
-410.951
-374.057
-394.637
-390.361
-396.813
-353.516
-396.52
-380.11
-366.53
-384.172
-408.048
-425.838
-383.229
-406.322
-400.065
-396.248
-376.392
-401.011
-425.941
-397.657
-389.989
-367.083
-393.658
-387.437
-383.138
-386.885
-375.288
-369.017
-401.032
-419.131
-367.897
-389.791
-364.412
-370.355
-346.153
-304.12
-373.099
-345.324
-358.133
-356.93
-365.151
-345.638
-330.112
-324.038
-346.447
-336.417
-342.397
-335.984
-369.127
-337.655
-356.596
-329.898
-340.712
-345.659
-352.383
-345.322
-315.731
-304.723
-304.765
-335.052
-364.921
-347.654
-353.21
-342.591
-338.786
-337.818
-357.409
-362.588
-386.899
-315.288
-303.207
-377.406
-340.789
-346.481
-358.608
-365.638
-335.778
-386.371
-393.396
-403.558
-401.384
-391.192
-384.265
-367.383
-369.526
-354.955
-408.204
-400.294
-367.247
-378.436
-391.849
-380.409
-401.885
-382.087
-380.103
-377.92
-395.277
-387.678
-373.543
-392.424
-399.413
-431.447
-438.119
-427.401
-398.981
-389.69
-371.068
-454.114
-427.921
-431.866
-379.973
-427.935
-387.693
-380.432
-426.995
-412.634
-400.127
-392.349
-429.416
-380.586
-399.668
-410.018
-410.797
-444.716
-415.71
-473.202
-416.838
-409.95
-438.928
-398.884
-430.3
-414.437
-387.536
-440.442
-396.165
-412.96
-437.776
-416.839
-433.53
-424.402
-404.148
-433.723
-404.915
-404.649
-412.582
-427.531
-436.784
-412.299
-400.376
-446.994
-441.365
-432.41
-416.675
-385.495
-438.341
-395.01
-404.19
-416.102
-398.88
-410.299
-440.006
-435.151
-403.299
-389.739
-416.604
-397.95
-429.288
-427.067
-437.964
-434.319
-438.91
-406.095
-413.673
-407.159
-433.111
-409.153
-425.584
-429.89
-430.927
-416.325
-416.416
-419.726
-428.085
-395.533
-398.507
-408.026
-380.542
-411.846
-378.318
-412.551
-368.401
-395.998
-398.461
-423.449
-442.468
-427.75
-405.409
-433.735
-379.809
-376.827
-414.087
-365.978
-372.366
-390.723
-369.544
-362.67
-375.873
-367.599
-378.115
-383.594
-374.88
-356.046
-377.412
-403.009
-396.763
-383.923
-402.901
-412.83
-408.091
-415.334
-382.608
-415.169
-435.133
-413.731
-393.812
-378.454
-412.613
-419.857
-446.397
-421.239
-388.12
-429.168
-415.516
-405.517
-420.476
-422.861
-372.194
-376.842
-408.47
-400.531
-414.75
-430.408
-424.766
-386.95
-430.326
-439.629
-422.531
-421.525
-450.11
-423.622
-428.105
-391.132
-432.726
-426.639
-421.635
-422.068
-430.283
-445.985
-428.154
-413.286
-408.393
-392.078
-412.748
-429.609
-434.206
-442.378
-462.858
-416.756
-428.673
-431.882
-414.144
-465.503
-404.498
-399.716
-405.653
-438.981
-396.853
-389.309
-365.856
-362.794
-407.559
-390.62
-387.529
-389.547
-380.386
-375.466
-369.788
-362.449
-357.026
-366.063
-374.731
-354.719
-298.506
-366.881
-356.303
-363.342
-406.411
-418.587
-437.706
-415.451
-435.406
-377.966
-432.767
-435.806
-409.307
-401.103
-405.289
-428.143
-402.039
-390.837
-400.924
-404.447
-404.31
-363.841
-365.422
-402.734
-435.408
-415.429
-397.62
-386.529
-389.064
-435.377
-418.123
-399.527
-404.284
-390.801
-405.854
-426.574
-394.012
-410.542
-366.554
-410.214
-431.102
-426.823
-401.849
-394.43
-412.074
-366.626
-407.987
-390.691
-377.207
-477.095
-435.451
-442.856
-442.223
-436.991
-426.111
-403.335
-422.38
-421.376
-439.426
-386.804
-435.551
-401.683
-408.08
-420.193
-414.094
-428.87
-394.245
-411.892
