-40.9
-53.91
-34.46
-49.09
-45.31
-44.44
-53.39
-44.47
-48.4
-51.74
-53.09
-52.66
-45.15
-58.63
-45.37
-41.87
-49.55
-46.55
-53.18
-48.61
-45.62
-53.31
-48.59
-38.72
-39.64
-56.61
-51.28
-50.78
-43.73
-51.52
-48.2
-45.24
-48.05
-54.4
-50.7
-53.87
-56.21
-52.01
-44.13
-54.76
-52.88
-46.91
-49.12
-45.47
-46.8
-46.49
-51.05
-47.55
-46.47
-45.38
-46.94
-39.04
-43.08
-45.41
-43.15
-44.4
-43.82
-45.46
-52.53
-46.9
-47.81
-42.4
-51.33
-49.92
-54.63
-51.17
-44.9
-50.71
-46.76
-48.93
-45.26
-50.36
-46.19
-43.0
-48.77
-38.43
-39.59
-44.56
-47.73
-48.53
-46.22
-48.7
-42.05
-39.47
-45.42
-43.86
-46.53
-51.0
-39.94
-44.78
-47.59
-39.45
-45.06
-41.97
-48.35
-41.36
-38.38
-35.79
-38.81
-41.81
-37.82
-45.17
-43.24
-40.19
-40.21
-40.4
-36.58
-47.19
-41.74
-45.39
-36.55
-43.64
-48.67
-46.55
-45.47
-52.95
-48.28
-47.6
-47.99
-54.61
-48.14
-47.66
-48.8
-50.14
-48.66
-49.28
-53.82
-50.56
-46.73
-51.32
-55.61
-49.71
-50.31
-52.78
-52.6
-48.73
-50.23
-52.1
-59.77
-58.6
-50.98
-44.08
-51.11
-39.79
-52.7
-39.76
-51.65
-49.76
-51.33
-44.57
-56.84
-51.22
-43.54
-51.86
-46.84
-54.67
-56.72
-48.16
-53.66
-55.9
-51.63
-52.93
-50.39
-56.84
-49.48
-59.22
-46.18
-59.4
-50.41
-52.06
-55.7
-57.07
-55.75
-51.56
-54.31
-54.85
-54.69
-59.77
-54.21
-52.64
-47.15
-55.4
-53.12
-56.27
-53.97
-52.84
-51.75
-54.73
-51.19
-58.57
-52.63
-55.44
-50.97
-52.0
-58.76
-58.53
-59.57
-56.81
-53.93
-54.01
-52.37
-54.47
-54.59
-50.65
-52.82
-53.73
-52.0
-57.3
-55.02
-59.03
-55.5
-60.61
-56.22
-54.59
-55.34
-55.77
-50.32
-51.35
-56.06
-53.33
-47.08
-53.48
-52.82
-46.69
-56.44
-52.69
-54.34
-57.73
-60.93
-52.31
-52.79
-54.62
-52.8
-54.06
-53.82
-57.52
-56.82
-55.51
-53.9
-62.35
-59.78
-53.9
-55.84
-53.41
-57.6
-55.38
-51.41
-54.82
-54.55
-51.93
-53.15
-49.64
-49.57
-55.5
-53.15
-50.6
-53.8
-50.46
-51.55
-53.61
-58.24
-46.23
-46.84
-53.39
-51.94
-50.47
-54.86
-52.67
-51.38
-49.73
-49.67
-53.13
-51.29
-51.93
-52.56
-51.48
-53.21
-53.47
-50.35
-50.99
-50.45
-56.3
-49.66
-51.04
-57.8
-55.03
-58.44
-62.3
-57.41
-50.84
-52.68
-54.39
-50.2
-55.38
-58.76
-51.84
-47.94
-50.28
-49.01
-52.86
-41.7
-53.66
-56.84
-48.23
-48.1
-51.4
-50.94
-55.39
-50.88
-55.91
-50.08
-54.94
-62.49
-53.23
-56.31
-49.41
-50.56
-48.35
-45.94
-45.95
-51.87
-59.18
-52.23
-50.58
-50.84
-43.8
-47.99
-44.76
-45.29
-50.83
-51.14
-51.39
-46.54
-48.99
-49.36
-42.63
-41.12
-42.1
-47.96
-40.87
-46.86
-45.68
-50.34
-40.5
-45.37
-46.96
-48.72
-45.23
-38.46
-41.48
-48.63
-44.4
-44.3
-52.35
-44.52
-46.32
-39.25
-37.71
-54.08
-55.54
-55.2
-59.14
-59.84
-48.09
-53.65
-37.06
-44.85
-49.33
-46.79
-45.6
-47.19
-38.98
-42.7
-43.05
-40.27
-46.44
-49.96
-43.86
-46.71
-49.63
-46.38
-47.47
-44.24
-47.8
-43.69
-50.5
-52.54
-47.26
-56.17
-53.9
-51.75
-56.38
-53.29
-47.7
-47.98
-48.06
-47.25
-49.09
-50.57
-54.4
-49.73
-49.02
-49.05
-49.04
-46.53
-50.68
-50.22
-44.78
-44.87
-47.13
-40.86
-48.89
-48.77
-54.05
-49.83
-51.84
-52.89
-51.02
-50.1
-52.22
-48.36
-46.8
-45.71
-49.74
-46.36
-51.88
-53.95
-45.84
-45.08
-45.76
-45.26
-42.44
-53.39
-41.43
-46.44
-39.45
-41.47
-49.15
-43.48
-42.54
-42.59
-43.11
-50.18
-53.83
-46.66
-49.42
-45.03
-46.53
-47.66
-53.44
-53.33
-49.97
-51.06
-53.57
-50.73
-55.92
-53.71
-55.14
-53.27
-51.26
-50.35
-55.24
-51.19
-51.13
-56.11
-52.98
-49.97
-53.36
-50.93
-51.24
-49.2
-48.26
-51.72
-51.3
-56.59
-54.51
-51.04
-51.12
-53.46
-48.44
-46.9
-50.37
-51.69
-51.89
-50.88
-50.26
-54.42
-53.46
-54.18
-49.62
-53.3
-54.45
-50.2
-55.38
-52.39
-43.97
-48.01
-50.53
-46.96
-51.03
-47.35
-47.95
-50.96
-44.4
-52.11
-47.76
-54.0
-45.5
-50.08
-44.36
-47.59
-48.74
-50.16
-48.66
-49.43
-55.53
-54.44
-49.94
-51.44
-51.8
-57.56
-51.41
-58.04
-50.94
-48.91
-49.35
-49.62
-51.52
-50.23
-50.65
-48.22
-54.66
-47.05
-47.08
-57.07
-54.58
-59.99
-56.79
-54.32
-61.82
-55.41
-56.46
-55.41
-52.7
-49.02
-49.74
-53.11
-53.01
-54.11
-51.12
-55.02
-64.65
-55.45
-57.9
-56.76
-60.45
-56.8
-54.53
-58.0
-49.37
-51.04
-58.62
-56.96
-49.83
-57.32
-59.35
-56.94
-57.85
-57.34
-55.93
-60.93
-59.53
-57.03
-58.01
-55.18
-53.04
-49.65
-54.54
-55.44
-57.0
-58.43
-56.29
-47.69
-56.91
-56.96
-55.33
-55.99
-54.13
-59.33
-60.18
-55.56
-51.86
-55.86
-57.63
-60.5
-50.12
-60.12
-57.7
-59.3
-62.16
-58.91
-50.55
-49.21
-49.34
-52.98
-53.89
-54.76
-59.93
-56.8
-54.12
-58.37
-58.3
-60.23
-47.76
-52.65
-50.23
-55.86
-48.6
-55.14
-49.14
-53.68
-53.2
-52.89
-58.41
-54.48
-48.76
-51.44
-50.52
-46.48
-53.56
-50.43
-51.48
-52.43
-51.56
-56.26
-53.45
-55.55
-44.59
-49.96
-48.33
-55.22
-52.19
-50.57
-48.42
-44.83
-43.28
-50.58
-44.1
-45.01
-47.39
-48.0
-54.27
-54.39
-53.46
-44.09
-45.52
-46.79
-44.89
-54.61
-49.19
-47.45
-44.09
-52.51
-47.4
-46.7
-57.82
-53.88
-56.83
-59.76
-50.5
-55.27
-54.26
-63.63
-54.74
-58.55
-61.38
-56.71
-62.29
-57.14
-55.1
-48.5
-45.08
-55.28
-57.13
-54.78
-50.86
-50.73
-54.06
-56.64
-54.19
-58.36
-55.79
-57.84
-57.85
-61.46
-54.64
-57.95
-53.34
-64.58
-55.31
-52.94
-49.4
-56.86
-50.4
-49.82
-59.1
-60.15
-55.32
-56.11
-60.17
-60.61
-56.06
-58.01
-65.18
-65.14
-63.98
-72.14
-57.12
-60.28
-60.79
-60.15
-61.4
-57.23
-61.97
-60.95
-62.07
-61.29
-57.47
-58.36
-61.98
-60.85
-65.4
-55.95
-56.63
-57.84
-59.52
-66.13
-59.26
-55.07
-61.77
-60.08
-62.06
-63.0
-54.97
-57.38
-55.46
-56.14
-59.28
-60.7
-56.44
-60.87
-62.99
-63.22
-57.12
-51.62
-52.55
-55.25
-61.41
-64.19
-62.55
-64.24
-59.95
-59.89
-56.44
-55.58
-61.41
-62.63
-57.19
-55.4
-56.99
-62.63
-56.77
-63.06
-63.24
-63.67
-62.17
-61.54
-59.09
-60.15
-51.76
-60.7
-58.84
-57.68
-57.61
-60.6
-65.43
-58.16
-59.9
-62.42
-56.39
-62.16
-62.38
-55.37
-55.33
-64.72
-57.6
-59.3
-60.77
-56.78
-58.89
-62.44
-51.86
-62.54
-61.79
-63.96
-64.49
-60.4
-64.21
-63.1
-65.93
-65.42
-65.74
-62.47
-59.34
-62.82
-59.73
-55.76
-54.87
-61.95
-61.46
-62.86
-57.59
-67.23
-62.9
-61.17
-61.97
-67.43
-57.03
-60.63
-61.36
-67.09
-60.67
-60.89
-59.84
-63.57
-63.09
-66.43
-69.85
-55.44
-60.87
-65.72
-65.52
-63.05
-62.46
-59.79
-59.16
-61.83
-66.46
-63.45
-66.39
-62.24
-56.31
-63.83
-63.11
-59.98
-64.65
-68.65
-72.52
-61.23
-70.61
-66.37
-71.34
-67.51
-69.42
-53.4
-61.01
-62.78
-60.42
-66.58
-58.02
-55.87
-58.54
-64.16
-65.1
-62.56
-56.34
-57.21
-59.09
-58.48
-57.84
-56.76
-57.58
-56.54
-51.09
-47.72
-54.29
-57.31
-67.73
-63.85
-65.3
-61.61
-59.96
-63.85
-61.3
-72.46
-62.76
-65.45
-59.36
-59.73
-54.57
-57.22
-65.72
-64.38
-58.57
-63.95
-56.9
-58.72
-61.75
-62.21
-61.74
-55.99
-66.95
-64.32
-64.71
-57.15
-56.26
-65.81
-59.02
-66.56
-65.07
-67.19
-64.38
-70.77
-70.92
-68.23
-63.38
-64.3
-66.91
-57.11
-57.45
-64.46
-64.89
-63.45
-64.83
-72.72
-69.5
-65.52
-62.65
-63.29
-64.38
-70.77
-71.99
-66.71
-67.26
-67.71
-64.09
-64.02
-61.51
-63.12
-57.1
-63.62
