-37.83
-36.93
-34.72
-32.54
-35.66
-33.13
-37.17
-29.28
-28.99
-37.55
-46.61
-42.64
-40.07
-38.19
-41.61
-38.26
-40.77
-38.65
-43.06
-39.96
-44.05
-37.9
-50.52
-35.54
-32.04
-32.8
-32.61
-24.78
-35.55
-33.69
-42.09
-34.08
-42.58
-36.56
-32.46
-38.36
-35.78
-40.71
-44.83
-34.3
-38.13
-32.44
-39.02
-41.32
-35.12
-40.03
-30.86
-22.75
-22.62
-20.31
-28.18
-31.69
-30.01
-35.23
-34.09
-25.63
-24.31
-21.84
-29.28
-29.32
-21.94
-19.05
-32.22
-34.19
-40.05
-28.3
-36.31
-43.7
-47.49
-54.45
-49.52
-34.94
-40.53
-39.82
-42.74
-40.98
-35.41
-41.91
-42.91
-38.32
-41.2
-45.82
-35.37
-39.84
-47.32
-39.57
-51.59
-46.58
-34.89
-42.1
-48.08
-45.56
-40.62
-42.53
-40.52
-38.89
-33.33
-35.29
-44.07
-36.34
-33.45
-41.07
-40.92
-38.73
-33.18
-40.31
-35.08
-46.92
-47.92
-44.46
-50.61
-45.38
-36.64
-42.79
-40.03
-38.86
-44.69
-48.1
-50.36
-48.59
-37.65
-49.87
-44.28
-53.34
-43.47
-46.96
-47.15
-41.57
-46.09
-41.95
-41.99
-32.35
-44.77
-40.48
-40.98
-38.75
-47.18
-39.32
-43.4
-42.64
-47.63
-42.95
-53.78
-44.65
-48.91
-45.93
-51.73
-44.94
-41.01
-41.09
-39.85
