-0.24
-0.208
-0.165
-0.167
-0.047
-0.177
-0.128
-0.309
-0.161
-0.229
-0.297
-0.179
-0.223
-0.208
-0.142
-0.222
-0.246
-0.191
-0.218
-0.308
-0.096
-0.256
-0.242
-0.183
-0.145
-0.136
-0.239
-0.214
-0.256
-0.267
-0.372
-0.373
-0.306
-0.242
-0.205
-0.294
-0.226
-0.254
-0.101
-0.263
-0.116
-0.268
-0.181
-0.162
-0.245
-0.245
-0.234
-0.257
-0.26
-0.213
-0.267
-0.142
-0.247
-0.183
-0.192
-0.23
-0.349
-0.224
-0.299
-0.191
-0.297
-0.327
-0.345
-0.246
-0.308
-0.231
-0.267
-0.238
-0.276
-0.244
-0.34
-0.299
-0.257
-0.382
-0.311
-0.31
0.015
-0.33
-0.391
-0.276
-0.194
-0.224
-0.194
-0.237
-0.255
-0.202
-0.113
-0.354
-0.208
-0.268
-0.161
-0.296
-0.229
-0.235
-0.197
-0.308
-0.264
-0.363
-0.239
-0.196
-0.21
-0.219
-0.31
-0.172
-0.159
-0.229
-0.354
-0.183
-0.141
-0.136
-0.24
-0.297
-0.241
-0.177
-0.184
-0.356
-0.262
-0.304
-0.325
-0.306
-0.204
-0.271
-0.117
-0.063
-0.137
-0.189
-0.136
-0.241
-0.164
-0.22
-0.298
-0.231
-0.214
-0.207
-0.18
-0.139
-0.171
-0.138
-0.27
-0.122
-0.186
-0.226
-0.284
-0.228
-0.185
-0.311
-0.155
-0.144
-0.005
-0.192
-0.219
-0.255
-0.153
-0.174
-0.268
-0.248
-0.091
-0.234
-0.276
-0.175
-0.309
-0.158
-0.224
-0.218
-0.211
-0.209
-0.308
-0.212
-0.093
-0.122
-0.298
-0.33
-0.16
-0.333
-0.253
-0.146
-0.183
-0.354
-0.324
-0.273
-0.235
-0.335
-0.231
-0.288
-0.292
-0.332
-0.339
-0.313
-0.215
-0.292
-0.265
-0.351
-0.239
-0.29
-0.294
-0.307
-0.131
-0.293
-0.188
-0.148
-0.204
-0.067
-0.25
-0.371
-0.197
-0.225
-0.261
-0.29
-0.155
-0.246
-0.124
-0.196
-0.224
-0.265
-0.256
-0.226
-0.226
-0.33
-0.33
-0.29
-0.286
-0.342
-0.274
-0.201
-0.349
-0.307
-0.227
-0.248
-0.247
-0.289
-0.221
-0.315
-0.308
-0.203
-0.209
-0.313
-0.394
-0.198
-0.28
-0.418
-0.209
-0.272
-0.253
-0.172
-0.242
-0.286
-0.134
-0.227
-0.161
-0.226
-0.236
-0.199
-0.172
-0.231
-0.206
-0.253
-0.242
-0.233
-0.231
-0.299
-0.199
-0.211
-0.236
-0.216
-0.265
-0.175
-0.336
-0.125
-0.165
-0.212
-0.208
-0.227
-0.264
-0.179
-0.149
-0.227
-0.202
-0.222
-0.401
-0.204
-0.145
-0.162
-0.145
-0.217
-0.221
-0.405
-0.363
-0.281
-0.362
-0.272
-0.264
-0.294
-0.326
-0.298
-0.262
-0.265
-0.166
-0.342
-0.294
-0.271
-0.257
-0.326
-0.262
-0.279
-0.214
-0.237
-0.216
-0.178
-0.163
-0.268
-0.247
-0.291
-0.229
-0.147
-0.276
-0.113
-0.19
-0.233
-0.241
-0.199
-0.27
-0.231
-0.319
-0.238
-0.242
-0.203
-0.181
-0.246
-0.188
-0.301
-0.055
-0.269
-0.139
-0.199
-0.172
-0.193
-0.144
-0.133
-0.3
-0.228
-0.078
-0.181
-0.241
-0.221
-0.172
-0.214
-0.163
-0.186
-0.138
-0.093
-0.153
-0.199
-0.304
-0.309
-0.164
-0.097
-0.137
-0.145
-0.203
-0.188
-0.298
-0.204
-0.228
-0.066
-0.229
0.145
-0.174
-0.179
0.013
-0.126
-0.212
-0.159
-0.07
-0.166
-0.128
-0.248
-0.163
-0.2
-0.176
-0.401
-0.289
-0.18
-0.14
-0.303
-0.164
-0.149
-0.258
-0.206
-0.175
-0.222
-0.253
-0.185
-0.213
-0.196
-0.255
-0.2
-0.208
-0.201
-0.247
-0.275
-0.197
-0.16
-0.294
-0.265
-0.31
-0.244
-0.279
-0.203
-0.213
-0.182
-0.198
-0.255
-0.304
-0.232
-0.208
-0.173
-0.178
-0.201
-0.132
-0.129
-0.142
-0.196
-0.246
-0.175
-0.227
-0.365
-0.367
-0.113
-0.263
-0.306
-0.294
-0.372
-0.221
-0.188
-0.305
-0.261
-0.207
-0.208
-0.249
-0.254
-0.323
-0.311
-0.469
-0.282
-0.207
-0.25
-0.301
-0.214
-0.188
-0.216
-0.236
-0.34
-0.329
-0.315
-0.235
-0.376
-0.304
-0.303
-0.251
-0.382
-0.279
-0.296
-0.303
-0.381
-0.292
-0.269
-0.341
-0.348
-0.294
-0.256
-0.343
-0.261
-0.202
-0.134
-0.239
-0.254
-0.292
-0.21
-0.229
-0.27
-0.205
-0.257
-0.198
-0.099
-0.11
-0.237
-0.201
-0.273
-0.318
-0.331
-0.286
-0.359
-0.227
-0.224
-0.357
-0.213
-0.288
-0.333
-0.191
-0.189
-0.139
-0.133
-0.203
-0.227
-0.175
-0.136
-0.268
-0.274
-0.28
-0.189
-0.322
-0.213
-0.287
-0.33
-0.281
-0.299
-0.3
-0.192
-0.286
-0.282
-0.211
-0.242
-0.218
-0.28
-0.108
-0.185
-0.173
-0.303
-0.208
-0.331
-0.324
-0.337
-0.316
-0.128
-0.251
-0.236
-0.091
-0.339
-0.202
-0.279
-0.252
-0.252
-0.331
-0.186
-0.165
-0.234
-0.395
-0.228
-0.351
-0.249
-0.245
-0.311
-0.272
-0.312
-0.252
-0.313
-0.192
-0.202
-0.394
-0.408
-0.341
-0.319
-0.208
-0.239
-0.256
-0.237
-0.232
-0.309
-0.327
-0.249
-0.326
-0.379
-0.442
-0.329
-0.281
-0.237
-0.183
-0.232
-0.276
-0.34
-0.283
-0.199
-0.308
-0.43
-0.299
-0.2
-0.299
-0.302
-0.287
-0.305
-0.275
-0.278
-0.282
-0.329
-0.193
-0.195
-0.193
-0.222
-0.285
-0.381
-0.252
-0.282
-0.46
-0.292
-0.361
-0.452
-0.377
-0.185
-0.336
-0.208
-0.157
-0.098
-0.245
-0.295
-0.297
-0.271
-0.239
-0.229
-0.349
-0.252
-0.344
-0.405
-0.24
-0.311
-0.288
-0.19
-0.265
-0.344
-0.16
-0.249
-0.273
-0.309
-0.22
-0.247
-0.303
-0.315
-0.304
-0.265
-0.312
-0.21
-0.198
-0.273
-0.324
-0.269
-0.191
-0.269
-0.204
-0.203
-0.278
-0.242
-0.424
-0.269
-0.356
-0.303
-0.204
-0.352
-0.284
-0.352
-0.256
-0.213
-0.318
-0.162
-0.247
-0.222
-0.31
-0.235
-0.301
-0.255
-0.332
-0.275
-0.35
-0.275
-0.205
-0.272
-0.242
-0.256
-0.249
-0.243
-0.27
-0.165
-0.212
-0.176
-0.151
-0.125
-0.168
-0.28
-0.211
-0.298
-0.248
-0.303
-0.317
-0.244
-0.221
-0.23
-0.287
-0.26
-0.057
-0.121
-0.18
-0.119
-0.138
-0.195
-0.183
-0.201
-0.238
-0.157
-0.102
-0.224
-0.195
-0.21
-0.246
-0.141
-0.196
-0.164
-0.264
-0.249
-0.335
-0.214
-0.299
-0.245
-0.367
-0.322
-0.287
-0.346
-0.286
-0.342
-0.196
-0.324
-0.26
-0.225
-0.204
-0.254
-0.078
-0.213
-0.256
-0.183
-0.276
-0.252
-0.237
-0.203
-0.203
-0.147
-0.22
-0.222
-0.227
-0.136
-0.176
-0.205
-0.296
-0.271
-0.221
-0.24
-0.23
-0.361
-0.29
-0.364
-0.298
-0.337
-0.25
-0.251
-0.317
-0.112
-0.326
-0.272
-0.409
-0.291
-0.093
-0.159
-0.172
-0.229
-0.253
-0.162
-0.276
-0.297
-0.329
-0.22
-0.137
-0.199
-0.257
-0.158
-0.143
-0.185
-0.116
-0.108
-0.068
-0.163
-0.081
-0.12
-0.194
-0.204
-0.327
-0.22
-0.199
-0.243
-0.214
-0.088
-0.294
-0.271
-0.152
-0.235
-0.268
-0.147
-0.162
-0.226
-0.218
-0.257
-0.135
-0.26
-0.19
-0.227
-0.201
-0.243
-0.19
-0.177
-0.161
-0.248
-0.259
-0.225
-0.169
-0.203
-0.101
-0.226
-0.179
-0.216
-0.267
-0.23
-0.238
-0.222
-0.239
-0.24
-0.152
-0.122
-0.18
-0.255
-0.207
-0.186
-0.222
-0.172
-0.149
-0.301
-0.252
-0.14
-0.193
-0.254
-0.156
-0.102
-0.046
-0.176
-0.167
-0.121
-0.17
-0.071
-0.27
-0.156
-0.148
-0.148
-0.165
-0.264
-0.248
-0.221
-0.097
-0.271
-0.148
-0.133
-0.13
-0.176
-0.21
-0.256
-0.079
-0.161
-0.145
-0.089
-0.202
-0.257
-0.214
-0.089
-0.207
-0.241
-0.153
-0.144
-0.132
-0.156
-0.163
-0.146
-0.124
-0.041
-0.129
-0.152
-0.284
-0.191
-0.18
-0.26
-0.195
-0.189
-0.262
-0.302
-0.203
-0.173
-0.305
-0.259
-0.305
-0.322
-0.307
-0.184
-0.139
-0.147
-0.119
-0.171
-0.234
-0.098
-0.172
-0.321
-0.344
-0.291
-0.25
-0.243
-0.271
-0.17
-0.285
-0.221
-0.24
-0.275
-0.233
-0.257
-0.282
-0.313
-0.151
-0.233
-0.261
-0.205
-0.113
-0.245
-0.279
-0.21
-0.228
-0.213
-0.279
-0.18
-0.182
-0.185
-0.128
-0.176
-0.332
-0.266
-0.235
-0.109
-0.143
-0.206
-0.322
-0.162
-0.271
