-410.705
-417.435
-396.249
-356.553
-409.691
-390.616
-399.737
-441.562
-431.996
-411.949
-455.336
-435.887
-442.726
-383.668
-434.754
-431.432
-457.043
-435.367
-468.227
-426.009
-441.867
-442.717
-475.974
-419.537
-403.469
-420.504
-437.077
-452.904
-481.807
-392.934
-442.944
-439.014
-441.586
-460.126
-487.527
-451.225
-469.398
-448.659
-433.588
-454.069
-446.04
-452.534
-499.067
-464.705
-444.918
-491.67
-470.538
-470.866
-465.385
-487.759
-476.123
-475.743
-463.472
-452.543
-468.961
-478.802
-467.588
-471.263
-477.292
-456.957
-502.852
-437.916
-492.767
-472.039
-471.594
-459.09
-437.93
-446.194
-479.717
-397.208
-433.245
-435.673
-421.553
-440.763
-432.234
-414.825
-446.32
-453.587
-467.428
-447.247
-411.804
-442.404
-422.328
-486.961
-436.121
-505.061
-488.848
-472.239
-484.941
-472.508
-456.137
-469.279
-465.383
-481.322
-471.01
-466.749
-474.635
-470.473
-474.925
-468.364
-483.511
-479.865
-449.783
-484.595
-481.482
-464.225
-464.017
-441.965
-454.065
-441.742
-484.678
-485.239
-449.202
-436.688
-500.469
-449.895
-439.981
-481.827
-479.508
-497.929
-448.744
-503.994
-460.783
-469.515
-495.906
-477.232
-477.296
-494.082
-462.316
-544.542
-496.858
-492.345
-512.738
-506.005
-466.118
-469.544
-505.669
-473.171
-477.728
-491.932
-512.297
-472.839
-523.072
-474.87
-490.53
-501.529
-479.356
-543.21
-491.09
-432.37
-530.426
-484.733
-502.702
-507.738
-512.244
-488.926
-481.944
-529.069
-448.814
-498.545
-502.753
-491.43
-468.792
-518.221
-490.475
-483.273
-452.549
-497.295
-503.804
-502.234
-511.266
-522.471
-496.506
-499.349
-485.772
-446.833
-473.21
-457.421
-504.453
-474.902
-474.365
-424.183
-434.203
-409.177
-466.491
-500.386
-493.876
-499.83
-454.908
-413.687
-464.195
-464.388
-483.531
-457.148
-462.894
-481.721
-469.734
-491.49
-458.119
-471.511
-490.568
-479.628
-497.137
-487.156
-450.935
-454.419
-477.438
-435.706
-448.495
-456.221
-457.551
-428.276
-490.514
-453.392
-428.755
-412.69
-462.584
-472.66
-456.729
-467.795
-415.441
-464.787
-421.238
-445.752
-453.582
-451.952
-431.878
-445.055
-441.425
-429.256
-418.831
-439.092
-454.834
-444.907
-420.541
-470.578
-465.912
-446.477
-454.492
-416.832
-408.37
-467.067
-480.886
-452.932
-443.584
-455.865
-446.793
-400.126
-433.255
-427.362
-463.291
-447.899
-453.306
-461.035
-463.85
-448.688
-460.593
-473.518
-463.814
-442.161
-381.518
-460.326
-438.962
-419.514
-450.045
-428.438
-467.331
-440.979
-452.704
-466.21
-445.929
-433.067
-431.886
-460.923
-455.351
-447.561
-455.73
-482.562
-471.301
-477.116
-431.083
-432.464
-421.444
-394.832
-432.567
-405.432
-425.744
-439.857
-455.952
-446.703
-384.52
-475.878
-450.07
-408.934
-429.5
-400.315
-449.006
-453.988
-443.939
-489.859
-464.503
-501.742
-465.718
-475.349
-436.814
-460.422
-484.349
-464.949
-474.715
-455.176
-443.972
-463.702
-447.493
-405.67
-444.754
-465.912
-410.897
-451.629
-453.7
-448.489
-420.636
-405.993
-416.508
-454.962
-438.95
-453.242
-405.914
-427.547
-397.488
-452.8
-417.581
-412.933
-377.106
-433.47
-423.056
-401.949
-395.299
-399.574
-410.514
-444.019
-424.732
-398.48
-420.87
-393.61
-376.184
-388.274
-419.551
-412.633
-399.047
-406.909
-431.436
-427.528
-460.81
-467.699
-486.819
-424.779
-417.757
-447.574
-408.744
-408.573
-411.026
-407.926
-426.364
-449.718
-460.785
-435.997
-445.834
-459.381
-437.46
-462.422
-450.888
-451.952
-465.393
-468.096
-417.891
-457.776
-424.844
-416.009
-474.508
-432.649
-454.253
-473.745
-458.097
-421.931
-423.145
-410.665
-398.104
-417.336
-370.954
-383.391
-408.062
-384.353
-391.121
-383.293
-406.885
-406.183
-406.889
-370.558
-391.889
-396.412
-385.397
-375.269
-364.695
-389.542
-409.82
-408.519
-434.588
-414.83
-390.706
-408.761
-384.303
-394.112
-414.333
-439.212
-442.12
-391.734
-421.835
-411.014
-408.717
-404.293
-400.134
-392.228
-407.69
-365.839
-414.09
-397.612
-411.522
-384.013
-394.503
-376.424
-397.008
-381.57
-380.896
-383.763
-394.744
-364.337
-410.298
-390.282
-390.788
-383.839
-434.99
-423.929
-394.72
-418.047
-434.689
-441.629
-422.072
-434.559
-423.889
-424.61
-431.773
-427.006
-410.112
-446.325
-428.734
-444.242
-408.874
-420.381
-427.196
-418.623
-414.093
-390.829
-411.434
-407.319
-413.916
-415.442
-431.569
-410.553
-412.342
-419.824
-410.097
-424.676
-428.043
-441.665
-431.565
-455.992
-433.97
-465.907
-453.204
-462.289
-499.595
-450.088
-403.562
-422.097
-395.967
-413.879
-446.461
-440.852
-454.331
-412.504
-465.14
-398.067
-451.208
-420.988
-453.565
-442.287
-415.648
-465.688
-437.057
-442.865
-439.414
-467.562
-427.369
-470.098
-457.026
-397.816
-427.281
-453.959
-467.941
-455.369
-465.471
-472.229
-464.437
-492.012
-486.849
-482.234
-461.369
-481.324
-484.964
-471.674
-460.199
-413.441
-460.097
-469.353
-460.329
-478.208
-473.192
-488.036
-472.213
-468.37
-462.983
-485.766
-485.166
-488.641
-508.873
-440.871
-457.742
-458.466
-467.016
-452.071
-444.658
-430.059
-460.896
-416.355
-438.671
-465.292
-442.879
-462.072
-488.685
-479.795
-485.807
-464.019
-484.101
-470.513
-491.696
-467.691
-462.607
-480.63
-489.359
-444.689
-475.862
-462.898
-421.207
-424.832
-486.451
-488.89
-465.478
-478.649
-465.443
-462.822
-456.821
-409.173
-443.217
-432.69
-443.495
-407.23
-424.656
-439.01
-429.881
-458.506
-444.313
-447.988
-456.331
-449.055
-443.356
-434.799
-433.302
-426.412
-418.298
-426.315
-452.526
-455.449
-448.438
-422.144
-421.471
-453.547
-434.746
-432.724
-421.501
-385.032
-438.99
-417.155
-453.077
-446.19
-455.922
-431.661
-418.664
-427.208
-378.404
-394.509
-401.046
-468.92
-460.023
-438.487
-479.744
-439.781
-421.854
-425.491
-399.763
-412.516
-388.143
-405.259
-423.154
-416.263
-417.639
-396.89
-469.358
-423.292
-449.736
-419.022
-389.906
-427.109
-402.555
-448.385
-465.561
-409.367
-397.227
-383.649
-363.449
-383.426
-374.928
-352.534
-377.779
-307.27
-345.562
-380.189
-395.406
-367.245
-396.903
-377.579
-382.124
-359.471
-408.601
-357.652
-372.884
-427.814
-418.401
-398.962
-380.488
-417.508
-408.912
-420.064
-433.062
-421.734
-404.631
-436.61
-465.539
-436.16
-457.987
-447.658
-459.62
-478.718
-437.042
-511.247
-487.611
-497.744
-498.746
-512.61
-523.373
-499.199
-475.325
-511.466
-509.875
-494.658
-473.75
-503.613
-453.788
-481.522
-497.191
-513.397
-523.337
-508.714
-486.129
-449.492
-448.642
-457.666
-470.951
-469.545
-436.541
-452.696
-497.524
-506.073
-490.63
-487.606
-486.702
-494.395
-482.377
-505.473
-492.835
-501.464
-431.146
-510.274
-456.176
-461.724
-494.901
-471.847
-522.57
-472.427
-474.236
-441.936
-456.23
-436.993
-457.683
-444.999
-431.673
-468.49
-467.183
-463.444
-473.756
-418.262
-444.045
-449.4
-470.533
-443.805
-475.158
-453.865
-447.751
-456.503
-442.353
-415.472
-441.755
-421.459
-425.284
-425.586
-456.737
-461.185
-413.941
-433.688
-426.745
-492.914
-456.147
-431.012
-454.111
-494.209
-482.492
-487.382
-479.936
-473.61
-462.54
-472.748
-456.672
-453.537
-407.257
-437.083
-434.522
-417.895
-465.902
-451.797
-449.154
-449.352
-459.874
-435.205
-399.305
-406.696
-382.793
-418.527
-440.295
-446.16
-466.302
-439.592
-419.97
-439.426
-477.556
-450.836
-388.322
-428.425
-422.387
-433.423
-425.287
-471.679
-423.301
-439.979
-440.549
-425.031
-428.727
-440.154
-452.253
-427.769
-437.95
-380.798
-415.358
-403.093
-424.641
-415.402
-432.739
-401.092
-384.463
-384.845
-396.755
-433.011
-427.205
-444.184
-423.548
-390.111
-426.271
-441.039
-429.117
-358.2
-434.251
-412.095
-380.877
-375.131
-409.191
-425.55
-417.616
-351.278
-387.123
-369.209
-398.627
-390.874
-435.665
-439.353
-414.423
-410.339
-372.345
-395.224
-395.429
-380.908
-342.187
-375.951
-366.969
-374.72
-390.385
-365.425
-384.634
-367.811
-414.698
-367.258
-470.044
-395.025
-415.304
-348.042
-424.718
-387.374
-417.332
-443.395
-425.286
-403.629
-363.631
-403.748
-404.743
-425.766
-389.167
