-58.26
-59.68
-59.28
-53.8
-59.52
-54.87
-61.51
-53.45
-63.51
-54.09
-63.79
-57.22
-63.1
-45.81
-49.97
-56.98
-55.89
-57.5
-58.93
-50.69
-47.81
-58.64
-54.5
-61.47
-49.49
-47.44
-59.39
-48.55
-57.33
-46.3
-48.58
-51.75
-52.05
-67.29
-59.59
-71.41
-64.88
-60.69
-64.89
-62.38
-56.84
-60.8
-56.72
-58.04
-63.82
-57.11
-62.24
-54.3
-59.01
-54.01
-64.95
-60.08
-51.84
-59.22
-60.0
-63.52
-57.97
-51.59
-51.35
-57.34
-56.39
-63.69
-59.52
-51.64
-67.75
-61.82
-55.34
-61.85
-61.8
-65.33
-60.21
-63.05
-54.66
-64.89
-66.06
-62.08
-68.57
-57.34
-64.08
-76.91
-63.1
-68.77
-61.2
-66.43
-77.22
-70.49
-78.34
-59.93
-62.77
-66.19
-74.18
-70.48
-72.44
-72.86
-62.21
-69.18
-62.17
-76.53
-65.8
-54.68
-75.3
-61.01
-70.33
-67.99
-71.64
-72.03
-60.08
-72.0
-53.64
-61.32
-58.52
-57.65
-58.67
-68.87
-61.36
-68.06
-66.46
-59.19
-73.36
-66.89
-67.82
-68.79
-69.64
-69.71
-62.0
-53.69
-65.64
-64.44
-65.6
-60.62
-64.34
-54.34
-59.03
-57.44
-64.16
-61.79
-65.04
-68.89
-56.82
-45.58
-58.03
-52.05
-62.02
-48.08
-56.82
-55.37
-56.78
-61.68
-55.35
-59.52
