-0.236
-0.225
-0.242
-0.151
-0.165
-0.218
-0.179
-0.171
-0.16
-0.247
-0.307
-0.184
-0.186
-0.256
-0.079
-0.215
-0.148
-0.207
-0.219
-0.28
-0.258
-0.167
-0.255
-0.188
-0.229
-0.284
-0.309
-0.22
-0.282
-0.312
-0.293
-0.316
-0.339
-0.187
-0.349
-0.201
-0.233
-0.203
-0.266
-0.174
-0.283
-0.279
-0.235
-0.237
-0.286
-0.268
-0.21
-0.307
-0.334
-0.312
-0.308
-0.337
-0.298
-0.272
-0.332
-0.223
-0.234
-0.282
-0.4
-0.105
-0.137
-0.23
-0.228
-0.26
-0.316
-0.325
-0.222
-0.257
-0.172
-0.305
-0.113
-0.272
-0.214
-0.228
-0.026
-0.156
-0.244
-0.232
-0.247
-0.284
-0.134
-0.138
-0.138
-0.155
-0.271
-0.178
-0.289
-0.201
-0.229
-0.287
-0.255
-0.23
-0.248
-0.338
-0.27
-0.16
-0.281
-0.242
-0.255
-0.221
-0.231
-0.232
-0.239
-0.213
-0.246
-0.259
-0.239
-0.221
-0.251
-0.29
-0.257
-0.321
-0.295
-0.313
-0.233
-0.307
-0.301
-0.208
-0.275
-0.228
-0.294
-0.243
-0.229
-0.227
-0.206
-0.236
-0.305
-0.244
-0.312
-0.291
-0.293
-0.202
-0.283
-0.278
-0.327
-0.304
-0.314
-0.252
-0.307
-0.269
-0.315
-0.246
-0.376
-0.306
-0.365
-0.295
-0.308
-0.425
-0.341
-0.287
-0.368
-0.287
-0.263
-0.34
-0.309
-0.431
-0.179
-0.347
-0.245
-0.3
-0.274
-0.294
-0.247
-0.162
-0.279
-0.355
-0.33
-0.221
-0.259
-0.14
-0.266
-0.227
-0.238
-0.252
-0.239
-0.178
-0.339
-0.279
-0.216
-0.231
-0.282
-0.302
-0.286
-0.226
-0.297
-0.292
-0.3
-0.309
-0.29
-0.223
-0.249
-0.172
-0.267
-0.277
-0.219
-0.248
-0.211
-0.294
-0.121
-0.153
-0.161
-0.337
-0.305
-0.244
-0.299
-0.202
-0.245
-0.236
-0.222
-0.22
-0.211
-0.259
-0.215
-0.275
-0.266
-0.214
-0.233
-0.265
-0.291
-0.228
-0.277
-0.277
-0.26
-0.218
-0.231
-0.224
-0.202
-0.184
-0.181
-0.197
-0.239
-0.298
-0.143
-0.185
-0.18
-0.222
-0.251
-0.266
-0.306
-0.207
-0.15
-0.193
-0.238
-0.313
-0.301
-0.258
-0.286
-0.254
-0.203
-0.236
-0.251
-0.248
-0.296
-0.281
-0.255
-0.287
-0.329
-0.223
-0.287
-0.176
-0.294
-0.139
-0.267
-0.206
-0.136
-0.233
-0.198
-0.144
-0.242
-0.255
-0.241
-0.306
-0.238
-0.221
-0.179
-0.234
-0.283
-0.161
-0.211
-0.219
-0.178
-0.244
-0.157
-0.28
-0.158
-0.194
-0.192
-0.264
-0.261
-0.335
-0.259
-0.353
-0.34
-0.303
-0.328
-0.246
-0.28
-0.252
-0.222
-0.298
-0.339
-0.193
-0.278
-0.243
-0.258
-0.201
-0.253
-0.16
-0.32
-0.194
-0.241
-0.184
-0.187
-0.15
-0.206
-0.189
-0.19
-0.202
-0.294
-0.387
-0.275
-0.287
-0.225
-0.31
-0.239
-0.199
-0.212
-0.278
-0.163
-0.229
-0.201
-0.237
-0.211
-0.26
-0.167
-0.334
-0.227
-0.213
-0.173
-0.327
-0.21
-0.25
-0.334
-0.207
-0.16
-0.31
-0.312
-0.333
-0.343
-0.356
-0.328
-0.353
-0.312
-0.271
-0.283
-0.281
-0.194
-0.289
-0.265
-0.244
-0.247
-0.238
-0.219
-0.285
-0.226
-0.13
-0.21
-0.207
-0.287
-0.282
-0.182
-0.33
-0.215
-0.234
-0.183
-0.236
-0.292
-0.196
-0.336
-0.206
-0.14
-0.231
-0.278
-0.283
-0.243
-0.235
-0.292
-0.242
-0.244
-0.352
-0.22
-0.191
-0.336
-0.245
-0.245
-0.255
-0.178
-0.318
-0.224
-0.287
-0.271
-0.315
-0.269
-0.293
-0.285
-0.234
-0.337
-0.27
-0.185
-0.363
-0.269
-0.326
-0.287
-0.233
-0.294
-0.282
-0.253
-0.196
-0.23
-0.266
-0.249
-0.149
-0.223
-0.254
-0.317
-0.259
-0.382
-0.222
-0.269
-0.236
-0.329
-0.283
-0.235
-0.241
-0.299
-0.258
-0.257
-0.316
-0.253
-0.259
-0.223
-0.297
-0.336
-0.276
-0.2
-0.218
-0.218
-0.293
-0.272
-0.3
-0.375
-0.277
-0.192
-0.23
-0.103
-0.272
-0.303
-0.238
-0.2
-0.228
-0.239
-0.312
-0.197
-0.277
-0.309
-0.259
-0.285
-0.302
-0.264
-0.273
-0.195
-0.268
-0.229
-0.308
-0.187
-0.317
-0.266
-0.303
-0.302
-0.3
-0.254
-0.227
-0.332
-0.309
-0.294
-0.339
-0.288
-0.233
-0.242
-0.274
-0.385
-0.305
-0.324
-0.284
-0.341
-0.352
-0.388
-0.299
-0.197
-0.275
-0.258
-0.295
-0.247
-0.257
-0.281
-0.199
-0.271
-0.296
-0.31
-0.268
-0.301
-0.27
-0.321
-0.311
-0.262
-0.28
-0.253
-0.368
-0.304
-0.309
-0.362
-0.303
-0.319
-0.323
-0.249
-0.248
-0.284
-0.342
-0.276
-0.257
-0.349
-0.297
-0.283
-0.281
-0.428
-0.319
-0.378
-0.353
-0.328
-0.264
-0.296
-0.204
-0.22
-0.326
-0.269
-0.243
-0.283
-0.299
-0.27
-0.393
-0.262
-0.323
-0.312
-0.296
-0.262
-0.27
-0.36
-0.206
-0.323
-0.207
-0.342
-0.337
-0.337
-0.177
-0.295
-0.319
-0.362
-0.353
-0.291
-0.322
-0.319
-0.287
-0.284
-0.158
-0.306
-0.295
-0.199
-0.19
-0.214
-0.336
-0.303
-0.255
-0.215
-0.237
-0.215
-0.24
-0.355
-0.239
-0.248
-0.218
-0.251
-0.283
-0.264
-0.374
-0.302
-0.38
-0.278
-0.274
-0.293
-0.27
-0.263
-0.334
-0.387
-0.293
-0.352
-0.236
-0.305
-0.313
-0.232
-0.305
-0.396
-0.229
-0.281
-0.285
-0.272
-0.335
-0.256
-0.136
-0.353
-0.164
-0.237
-0.253
-0.342
-0.278
-0.3
-0.265
-0.28
-0.295
-0.369
-0.383
-0.322
-0.311
-0.291
-0.325
-0.27
-0.301
-0.393
-0.273
-0.239
-0.317
-0.324
-0.256
-0.284
-0.247
-0.275
-0.156
-0.202
-0.259
-0.287
-0.298
-0.249
-0.197
-0.295
-0.229
-0.272
-0.266
-0.159
-0.207
-0.157
-0.248
-0.302
-0.303
-0.357
-0.309
-0.314
-0.226
-0.239
-0.253
-0.359
-0.294
-0.341
-0.262
-0.307
-0.21
-0.252
-0.343
-0.235
-0.272
-0.184
-0.286
-0.298
-0.186
-0.227
-0.24
-0.248
-0.313
-0.305
-0.3
-0.327
-0.172
-0.246
-0.19
-0.21
-0.181
-0.111
-0.168
-0.211
-0.272
-0.202
-0.223
-0.286
-0.197
-0.301
-0.218
-0.249
-0.266
-0.223
-0.087
-0.202
-0.308
-0.201
-0.268
-0.182
-0.309
-0.15
-0.286
-0.183
-0.281
-0.267
-0.234
-0.227
-0.225
-0.259
-0.279
-0.228
-0.191
-0.358
-0.333
-0.344
-0.297
-0.299
-0.347
-0.323
-0.202
-0.274
-0.255
-0.341
-0.286
-0.195
-0.203
-0.296
-0.266
-0.191
-0.318
-0.265
-0.244
-0.239
-0.182
-0.176
-0.243
-0.246
-0.249
-0.199
-0.266
-0.24
-0.232
-0.34
-0.188
-0.214
-0.208
-0.273
-0.299
-0.277
-0.328
-0.348
-0.243
-0.277
-0.312
-0.353
-0.177
-0.223
-0.348
-0.243
-0.243
-0.314
-0.239
-0.247
-0.345
-0.28
-0.198
-0.262
-0.125
-0.21
-0.338
-0.354
-0.256
-0.233
-0.278
-0.332
-0.286
-0.268
-0.256
-0.347
-0.328
-0.326
-0.332
-0.348
-0.343
-0.314
-0.276
-0.325
-0.284
-0.381
-0.227
-0.271
-0.216
-0.315
-0.349
-0.335
-0.262
-0.237
-0.326
-0.209
-0.252
-0.168
-0.256
-0.118
-0.204
-0.264
-0.222
-0.244
-0.317
-0.325
-0.209
-0.185
-0.211
-0.315
-0.292
-0.262
-0.292
-0.275
-0.215
-0.216
-0.222
-0.263
-0.326
-0.293
-0.224
-0.165
-0.199
-0.233
-0.28
-0.195
-0.208
-0.308
-0.29
-0.255
-0.273
-0.307
-0.234
-0.269
-0.272
-0.28
-0.234
-0.208
-0.168
-0.145
-0.193
-0.273
-0.297
-0.306
-0.272
-0.278
