-51.95
-50.0
-49.69
-48.12
-50.2
-51.59
-46.65
-54.81
-59.91
-57.27
-62.87
-57.05
-67.18
-61.51
-59.79
-56.65
-57.02
-60.9
-62.02
-53.69
-58.19
-50.35
-50.58
-53.45
-55.69
-58.25
-50.42
-60.61
-64.03
-55.82
-56.22
-62.32
-54.52
-62.38
-65.13
-56.34
-63.09
-54.98
-54.21
-55.85
-60.33
-63.15
-63.99
-63.33
-58.71
-61.94
-73.86
-62.06
-63.15
-61.07
-57.46
-65.61
-60.73
-62.63
-67.07
-58.85
-64.64
-57.2
-63.63
-59.87
-66.75
-67.61
-63.26
-54.89
-61.84
-59.13
-63.16
-62.01
-65.08
-59.69
-58.23
-60.55
-58.81
-59.14
-55.97
-48.16
-57.53
-58.34
-59.42
-56.59
-56.69
-63.63
-57.66
-58.35
-63.8
-65.15
-60.46
-57.19
-62.4
-55.75
-61.02
-60.29
-55.87
-58.6
-60.07
-55.12
-61.57
-61.46
-57.8
-57.47
-63.38
-56.94
-54.9
-59.4
-60.39
-58.32
-55.69
-55.67
-52.69
-61.61
-62.49
-58.94
-58.21
-51.02
-60.79
-51.32
-62.14
-54.3
-61.88
-67.83
-65.26
-63.74
-61.44
-62.52
-62.77
-66.56
-67.8
-61.66
-68.05
-67.41
-65.26
-61.15
-61.54
-67.0
-64.3
-65.31
-70.27
-64.44
-63.74
-67.44
-69.79
-69.24
-71.06
-71.44
-64.15
-65.09
-61.34
-74.04
-66.49
-58.82
-70.88
-62.26
-63.24
-69.05
-64.75
-65.21
-61.35
-71.45
-59.84
-53.66
-61.81
-61.35
-61.24
-63.87
-63.24
-63.43
-66.8
-65.04
-67.77
-65.39
-60.08
-60.87
-66.14
-64.33
-65.36
-54.63
-61.9
-61.21
-57.68
-60.65
-60.19
-55.79
-56.09
-55.58
-59.7
-58.7
-62.08
-62.66
-54.49
-56.61
-53.33
-58.62
-56.65
-51.25
-55.38
-54.27
-59.48
-56.4
-59.84
-60.07
-57.11
-57.98
-61.01
-56.63
-53.06
-45.19
-49.61
-61.25
-57.04
-54.54
-56.36
-59.68
-55.24
-51.48
-52.56
-53.27
-57.28
-58.43
-52.6
-57.64
-53.66
-48.83
-46.49
-54.61
-58.67
-57.11
-52.19
-50.23
-48.64
-52.1
-50.43
-60.9
-51.28
-51.77
-52.76
-53.8
-52.95
-55.78
-52.48
-52.95
-54.94
-54.61
-54.36
-55.18
-52.99
-49.45
-51.07
-48.87
-48.4
-46.18
-53.75
-52.12
-53.03
-53.59
-51.05
-50.88
-53.79
-51.26
-58.02
-53.59
-41.41
-57.49
-50.28
-50.53
-48.77
-47.86
-51.89
-58.08
-53.47
-51.9
-56.41
-51.79
-56.39
-57.17
-46.76
-49.73
-57.38
-56.25
-56.21
-51.51
-59.42
-60.02
-52.34
-52.6
-52.9
-49.33
-52.54
-51.29
-57.39
-55.23
-48.67
-59.51
-50.12
-42.22
-44.9
-37.91
-52.27
-51.67
-53.79
-49.6
-52.01
-52.81
-46.04
-51.96
-51.33
-52.62
-46.57
-53.18
-50.72
-52.69
-50.27
-49.8
-50.49
-49.58
-55.11
-54.54
-44.3
-49.03
-54.48
-44.23
-46.26
-49.36
-49.35
-53.27
-47.29
-41.17
-48.28
-50.64
-44.98
-47.31
-54.09
-46.39
-37.78
-44.46
-46.37
-49.83
-43.63
-51.99
-44.77
-49.85
-48.15
-44.16
-48.94
-47.67
-43.5
-43.89
-47.08
-42.07
-54.33
-46.68
-45.19
-50.7
-57.78
-55.04
-50.7
-53.73
-49.23
-48.7
-51.66
-47.93
-49.39
-53.73
-47.31
-50.43
-51.84
-52.44
-54.35
-50.17
-52.71
-55.23
-51.21
-54.7
-54.06
-53.29
-45.54
-53.04
-43.54
-53.18
-55.42
-49.65
-48.18
-55.46
-50.83
-47.54
-45.35
-45.12
-46.47
-53.44
-47.81
-40.08
-47.66
-41.83
-45.53
-45.01
-45.62
-46.15
-47.09
-47.51
-43.79
-37.71
-40.92
-44.23
-45.71
-46.53
-45.04
-47.81
-50.91
-52.48
-46.06
-49.05
-47.93
-48.24
-54.28
-53.23
-61.43
-57.5
-54.47
-50.71
-52.75
-54.9
-47.04
-51.91
-51.13
-50.75
-49.34
-47.36
-50.83
-42.64
-52.07
-43.83
-48.04
-47.99
-42.66
-48.51
-46.81
-47.47
-49.36
-50.72
-48.11
-44.42
-48.35
-49.72
-52.3
-50.96
-53.77
-57.14
-46.8
-47.63
-48.1
-47.3
-55.78
-53.67
-51.3
-53.24
-53.33
-48.9
-51.59
-47.23
-52.66
-41.62
-50.16
-53.21
-47.37
-50.21
-56.03
-47.48
-41.44
-53.44
-51.86
-55.57
-52.71
-52.19
-48.64
-52.11
-55.19
-54.98
-59.13
-55.67
-55.62
-60.59
-54.16
-50.34
-50.26
-49.28
-45.82
-46.83
-52.02
-52.52
-42.93
-48.42
-48.33
-48.16
-42.76
-45.48
-48.06
-51.89
-44.59
-49.54
-50.73
-51.03
-51.85
-51.92
-46.3
-49.28
-51.6
-44.37
-39.71
-53.13
-46.77
-51.11
-51.46
-55.46
-46.25
-53.79
-51.74
-42.54
-49.17
-51.76
-54.5
-49.3
-43.04
-45.61
-48.4
-55.14
-48.31
-53.17
-52.58
-49.58
-47.11
-48.67
-54.14
-50.5
-48.61
-54.23
-53.15
-54.71
-54.6
-50.33
-51.02
-43.91
-47.2
-47.02
-50.02
-50.01
-53.43
-47.48
-55.0
-46.12
-44.29
-51.73
-49.99
-50.8
-48.02
-58.23
-52.53
-49.8
-51.09
-49.07
-54.58
-53.09
-53.96
-56.65
-49.29
-49.72
-53.28
-48.87
-44.19
-57.16
-56.15
-55.71
-55.19
-45.3
-52.55
-45.33
-50.15
-42.91
-54.85
-47.83
-50.75
-48.41
-47.08
-48.14
-44.34
-51.57
-52.54
-52.91
-57.05
-49.72
-51.07
-50.29
-52.31
-48.07
-55.45
-48.01
-46.34
-52.57
-47.91
-50.05
-51.86
-44.53
-49.37
-48.81
-50.5
-55.56
-47.07
-46.8
-49.14
-51.82
-43.13
-44.39
-51.54
-45.13
-49.57
-48.61
-45.07
-51.15
-42.32
-46.45
-39.55
-39.48
-39.01
-39.96
-43.99
-45.24
-45.55
-42.03
-48.51
-44.12
-42.35
-42.31
-46.2
-49.3
-41.2
-48.92
-48.81
-46.15
-47.11
-43.14
-45.66
-47.96
-40.12
-45.24
-39.68
-30.36
-34.76
-36.65
-46.05
-44.61
-49.25
-50.56
-48.17
-40.92
-49.21
-43.56
-37.26
-45.64
-51.59
-45.81
-42.25
-41.71
-35.93
-45.34
-43.19
-49.8
-49.85
-50.33
-55.44
-48.63
-37.81
-58.06
-50.49
-47.12
-42.03
-44.18
-46.31
-49.91
-49.9
-54.72
-49.65
-55.45
-52.31
-45.8
-43.82
-46.96
-57.3
-51.97
-51.43
-53.49
-58.16
-51.56
-59.39
-53.43
-58.22
-53.8
-53.09
-55.31
-49.71
-56.28
-51.87
-56.95
-46.56
-49.62
-53.62
-59.93
-53.18
-58.15
-63.24
-52.89
-52.93
-55.72
-52.79
-62.81
-61.45
-54.9
-57.66
-59.6
-55.66
-57.88
-55.4
-55.85
-55.51
-53.61
-53.99
-53.48
-49.56
-57.09
-51.8
-49.37
-58.6
-51.98
-51.8
-55.42
-60.49
-55.92
-57.07
-52.38
-44.65
-53.25
-54.07
-53.69
-46.86
-42.01
-43.83
-45.63
-55.7
-47.16
-48.22
-47.12
-53.05
-57.36
-50.74
-48.96
-52.95
-48.17
-53.1
-57.79
-52.78
-50.02
-49.1
-55.08
-54.19
-51.96
-57.01
-49.6
-50.27
-52.03
-53.66
-55.46
-53.47
-54.96
-56.65
-57.63
-53.99
-49.06
-48.15
-51.09
-54.79
-55.17
-54.57
-50.38
-53.91
-49.01
-55.23
-52.69
-50.75
-46.58
-48.67
-55.98
-46.62
-54.99
-46.88
-51.64
-55.89
-51.97
-55.8
-56.33
-44.69
-53.5
-51.16
-55.25
-52.33
-51.98
-47.94
-49.44
-52.21
-48.37
-48.89
-41.01
-50.44
-47.21
-48.65
-50.7
-40.02
-48.16
-41.77
-47.88
-45.31
-42.24
-43.25
-38.25
-40.54
-41.5
-42.83
-40.86
-45.2
-38.64
-39.38
-38.59
-40.74
-45.86
-44.73
-47.64
-44.74
-42.4
-40.78
-36.98
-36.43
-38.01
-43.54
-36.86
-34.46
-34.31
-43.29
-38.53
-44.07
-48.16
-46.69
-41.19
-47.35
-44.72
-40.11
-40.34
-50.21
-47.37
-45.07
-40.63
-44.87
-44.78
-42.37
-38.91
-39.27
-42.65
-43.79
