-697.967
-676.845
-676.076
-632.094
-634.006
-639.501
-634.565
-607.407
-629.927
-645.318
-630.337
-636.734
-660.756
-683.044
-673.025
-679.849
-668.316
-678.7
-705.827
-751.478
-679.935
-650.134
-684.479
-689.305
-681.498
-692.727
-725.363
-732.823
-706.88
-735.939
-718.103
-741.134
-691.935
-681.101
-704.392
-719.051
-693.24
-659.203
-664.971
-689.375
-674.003
-714.978
-742.656
-699.443
-714.918
-642.782
-747.466
-666.766
-669.888
-651.07
-738.214
-732.417
-735.654
-763.705
-706.667
-707.625
-699.876
-737.208
-768.726
-726.744
-713.731
-710.877
-743.653
-693.865
-728.846
-719.594
-675.69
-686.977
-731.456
-704.041
-672.802
-655.87
-675.664
-661.244
-584.852
-648.881
-676.047
-638.6
-638.59
-654.742
-680.272
-670.816
-637.29
-684.567
-603.897
-658.375
-673.556
-617.056
-643.876
-600.37
-612.519
-586.837
-563.882
-624.633
-562.019
-593.055
-604.955
-591.868
-612.573
-587.101
-591.049
-608.079
-576.795
-591.208
-598.97
-572.632
-534.266
-496.499
-561.318
-582.783
-570.729
-604.894
-616.28
-548.373
-583.169
-620.246
-597.448
-607.453
-624.188
-674.997
-618.416
-629.076
-614.21
-605.103
-621.58
-646.602
-614.386
-615.627
-627.936
-649.348
-602.135
-584.796
-581.673
-560.532
-619.379
-605.231
-557.662
-633.761
-600.881
-593.975
-573.396
-630.289
-597.779
-604.773
-643.064
-642.113
-665.867
-673.762
-634.803
-650.68
-657.527
-629.406
-647.163
-707.573
-670.529
-689.655
-712.801
-668.791
-640.848
-690.632
-692.318
-719.544
-672.289
-703.315
-705.179
-695.776
-676.471
-639.266
-695.334
-626.118
-650.761
-682.81
-685.264
-553.529
-600.376
-592.328
-622.794
-628.068
-609.843
-640.729
-612.811
-654.309
-669.443
-680.814
-629.768
-635.163
-739.607
-698.263
-662.07
-713.255
-747.8
-701.128
-688.797
-687.435
-682.147
-731.357
-714.086
-778.807
-754.054
-688.812
-740.158
-660.003
-657.202
-653.51
-697.339
-734.756
-701.269
-715.636
-707.836
-733.37
-679.047
-715.494
-678.965
-682.666
-716.44
-712.698
-681.235
-723.39
-698.246
-698.352
-691.928
-665.937
-733.64
-713.458
-735.206
-734.217
-739.689
-765.336
-716.614
-722.666
-760.849
-775.667
-742.401
-722.193
-762.876
-715.789
-757.716
-737.002
-696.82
-703.027
-688.596
-717.914
-702.465
-711.141
-733.048
-738.009
-782.204
-792.741
-789.593
-739.879
-752.224
-705.693
-681.653
-723.227
-760.806
-709.012
-696.726
-700.632
-758.269
-723.815
-709.602
-690.12
-778.11
-680.116
-717.851
-772.774
-686.377
-657.207
-735.793
-724.7
-767.583
-770.127
-783.267
-741.725
-702.382
-689.317
-678.514
-687.137
-684.777
-641.389
-692.377
-701.653
-620.736
-691.447
-649.043
-693.082
-737.273
-734.528
-732.231
-715.1
-757.19
-738.847
-691.056
-685.241
-659.866
-650.413
-687.346
-658.741
-685.994
-687.294
-674.729
-712.827
-667.124
-612.534
-660.092
-664.558
-625.186
-694.661
-612.561
-662.593
-624.656
-687.345
-732.977
-662.404
-692.495
-659.695
-711.044
-723.658
-632.675
-735.51
-704.379
-687.182
-778.749
-676.987
-707.976
-672.222
-617.632
-643.864
-658.619
-648.783
-676.416
-680.906
-743.009
-695.093
-717.022
-690.988
-702.087
-693.285
-690.23
-719.167
-705.71
-703.858
-718.082
-648.018
-630.656
-678.081
-645.548
-693.34
-649.755
-631.707
-656.816
-667.482
-668.46
-717.54
-695.962
-699.105
-681.395
-658.305
-695.745
-675.413
-667.749
-685.651
-679.406
-669.391
-680.572
-653.194
-670.112
-660.755
-624.375
-668.401
-661.483
-673.94
-670.588
-656.053
-677.03
-722.312
-610.464
-686.797
-695.487
-640.351
-649.568
-618.585
-631.408
-629.211
-675.297
-638.461
-642.165
-654.266
-660.801
-727.358
-699.762
-723.632
-687.022
-692.726
-683.595
-716.371
-696.486
-688.251
-686.777
-690.002
-677.006
-715.833
-705.393
-711.911
-715.329
-690.339
-660.697
-653.9
-652.29
-663.068
-657.07
-628.341
-650.0
-695.824
-690.688
-684.203
-636.122
-652.103
-623.974
-674.65
-694.652
-710.436
-672.158
-691.868
-675.219
-637.873
-588.135
-617.159
-623.5
-561.466
-633.827
-665.967
-667.834
-613.452
-613.882
-615.566
-614.411
-637.343
-683.637
-625.094
-637.141
-635.134
-631.129
-636.947
-656.062
-626.804
-672.238
-646.321
-721.423
-691.252
-693.169
