-128.02
-128.98
-133.33
-143.86
-133.01
-127.98
-128.7
-124.83
-136.27
-135.64
-122.51
-125.49
-132.82
-126.01
-137.64
-126.58
-131.43
-132.43
-136.76
-133.13
-111.02
-130.92
-122.26
-121.11
-110.43
-115.47
-122.6
-118.76
-124.42
-127.12
-119.76
-126.63
-120.46
-121.57
-119.86
-120.67
-126.69
-110.8
-109.29
-104.6
-99.58
-115.9
-103.69
-79.42
-101.82
-104.82
-107.15
-111.31
-115.26
-101.83
-105.15
-99.06
-99.88
-95.8
-104.27
-103.56
-91.28
-81.71
-95.87
-91.48
-90.41
-104.1
-109.35
-87.97
-105.99
-101.11
-102.41
-96.96
-101.89
-118.62
-108.24
-105.6
-89.06
-93.49
-111.39
-108.4
-104.47
-102.26
-119.25
-104.43
-106.18
-106.8
-97.7
-100.22
-94.91
-99.69
-89.15
-102.36
-100.41
-114.74
-90.7
-108.31
-97.31
-96.77
-117.86
-104.78
-104.32
-111.14
-112.78
-112.37
-107.07
-109.07
-113.78
-123.58
-119.52
-123.99
-130.11
-118.65
-109.85
-130.71
-129.49
-127.9
-116.32
-120.51
-123.23
-126.2
-113.16
-96.66
-114.51
-107.94
-105.85
-98.63
-116.21
-92.86
-101.16
-89.88
-104.32
-112.22
-105.32
-107.76
-109.64
-104.73
-115.36
-120.55
-101.05
-101.38
-119.59
-117.34
-126.0
-122.74
-127.66
-115.48
-121.57
-112.83
-117.83
-126.48
-121.09
-129.97
-125.44
-104.3
