-0.459
-0.376
-0.302
-0.226
-0.322
-0.382
-0.217
-0.285
-0.311
-0.238
-0.349
-0.38
-0.306
-0.479
-0.299
-0.384
-0.366
-0.499
-0.355
-0.41
-0.303
-0.333
-0.217
-0.21
-0.33
-0.393
-0.369
-0.303
-0.316
-0.348
-0.364
-0.198
-0.413
-0.359
-0.373
-0.35
-0.327
-0.366
-0.337
-0.336
-0.292
-0.4
-0.34
-0.302
-0.282
-0.375
-0.344
-0.361
-0.359
-0.356
-0.542
-0.513
-0.406
-0.566
-0.47
-0.475
-0.402
-0.455
-0.432
-0.506
-0.476
-0.544
-0.354
-0.466
-0.36
-0.329
-0.422
-0.367
-0.401
-0.51
-0.293
-0.406
-0.361
-0.314
-0.478
-0.378
-0.291
-0.27
-0.361
-0.331
-0.261
-0.237
-0.279
-0.485
-0.41
-0.311
-0.399
-0.368
-0.308
-0.339
-0.337
-0.317
-0.2
-0.338
-0.188
-0.304
-0.288
-0.351
-0.283
-0.389
-0.194
-0.222
-0.287
-0.234
-0.351
-0.219
-0.237
-0.256
-0.349
-0.182
-0.307
-0.308
-0.325
-0.27
-0.297
-0.337
-0.29
-0.364
-0.355
-0.615
-0.528
-0.373
-0.514
-0.361
-0.383
-0.464
-0.283
-0.361
-0.431
-0.473
-0.425
-0.458
-0.4
-0.463
-0.369
-0.314
-0.28
-0.391
-0.401
-0.412
-0.39
-0.441
-0.2
-0.207
-0.486
-0.458
-0.455
-0.424
-0.517
-0.54
-0.482
-0.43
-0.287
-0.612
-0.427
-0.403
-0.349
-0.407
-0.421
-0.465
-0.449
-0.324
-0.495
-0.441
-0.49
-0.453
-0.467
-0.439
-0.588
-0.397
-0.354
-0.3
-0.507
-0.271
-0.421
-0.432
-0.499
-0.448
-0.525
-0.464
-0.31
-0.279
-0.26
-0.314
-0.145
-0.369
-0.489
-0.189
-0.285
-0.254
-0.433
-0.353
-0.329
-0.243
-0.476
-0.58
-0.339
-0.461
-0.541
-0.509
-0.405
-0.466
-0.574
-0.426
-0.483
-0.566
-0.389
-0.567
-0.282
-0.561
-0.521
-0.48
-0.351
-0.442
-0.41
-0.517
-0.291
-0.475
-0.414
-0.489
-0.455
-0.503
-0.613
-0.493
-0.466
-0.478
-0.48
-0.445
-0.585
-0.383
-0.39
-0.507
-0.495
-0.517
-0.431
-0.449
-0.524
-0.658
-0.453
-0.617
-0.515
-0.508
-0.378
-0.482
-0.371
-0.511
-0.464
-0.612
-0.631
-0.512
-0.572
-0.382
-0.557
-0.565
-0.345
-0.483
-0.667
-0.631
-0.382
-0.443
-0.396
-0.534
-0.48
-0.488
-0.427
-0.392
-0.511
-0.486
-0.547
-0.433
-0.389
-0.402
-0.402
-0.332
-0.219
-0.527
-0.403
-0.4
-0.261
-0.4
-0.429
-0.471
-0.246
-0.233
-0.346
-0.299
-0.34
-0.387
-0.248
-0.262
-0.358
-0.381
-0.488
-0.258
-0.42
-0.323
-0.446
-0.19
-0.322
-0.393
-0.518
-0.435
-0.346
-0.488
-0.407
-0.446
-0.353
-0.451
-0.439
-0.501
-0.392
-0.426
-0.308
-0.399
-0.529
-0.487
-0.543
-0.473
-0.396
-0.402
-0.311
-0.524
-0.457
-0.424
-0.419
-0.377
-0.459
-0.312
-0.252
-0.415
-0.448
-0.369
-0.451
-0.304
-0.378
-0.326
-0.354
-0.239
-0.481
-0.593
-0.34
-0.489
-0.416
-0.412
-0.4
-0.39
-0.58
-0.382
-0.298
-0.431
-0.322
-0.263
-0.485
-0.505
-0.348
-0.403
-0.326
-0.259
-0.342
-0.304
-0.343
-0.256
-0.385
-0.438
-0.432
-0.421
-0.326
-0.404
-0.385
-0.493
-0.498
-0.488
-0.411
-0.541
-0.41
-0.469
-0.438
-0.342
-0.44
-0.48
-0.349
-0.293
-0.407
-0.487
-0.477
-0.296
-0.322
-0.233
-0.516
-0.493
-0.477
-0.375
-0.394
-0.616
-0.539
-0.305
-0.323
-0.306
-0.38
-0.345
-0.337
-0.32
-0.302
-0.437
-0.385
-0.364
-0.475
-0.316
-0.387
-0.315
-0.347
-0.366
-0.342
-0.394
-0.402
-0.51
-0.389
-0.529
-0.556
-0.468
-0.564
-0.47
-0.366
-0.373
-0.435
-0.356
-0.518
-0.368
-0.317
-0.355
-0.489
-0.376
-0.415
-0.48
-0.425
-0.472
-0.363
-0.419
-0.429
-0.46
-0.379
-0.249
-0.478
-0.39
-0.434
-0.395
-0.263
-0.399
-0.38
-0.211
-0.422
