-118.94
-109.24
-105.65
-110.87
-111.4
-103.35
-103.73
-104.41
-102.24
-105.82
-103.16
-100.82
-106.07
-105.64
-96.09
-110.29
-107.67
-122.29
-119.12
-111.79
-107.22
-113.88
-103.39
-104.61
-107.67
-118.5
-112.09
-102.68
-100.3
-111.98
-108.94
-115.14
-97.51
-99.58
-105.86
-106.76
-105.9
-100.84
-106.19
-106.09
-102.21
-116.35
-112.85
-109.6
-113.79
-91.2
-101.81
-100.86
-101.45
-102.84
-120.22
-115.54
-112.3
-123.18
-122.82
-123.87
-107.05
-122.67
-120.87
-121.34
-115.26
-114.13
-116.4
-121.56
-116.22
-112.34
-113.68
-117.7
-121.2
-112.07
-108.86
-108.84
-105.84
-103.0
-108.02
-108.99
-103.82
-106.21
-109.65
-114.77
-113.62
-108.69
-111.2
-111.34
-107.09
-110.36
-104.58
-107.15
-109.46
-103.6
-96.64
-101.47
-102.73
-95.01
-101.46
-100.43
-103.24
-99.65
-100.95
-96.79
-94.6
-98.45
-95.16
-92.54
-96.94
-101.14
-88.42
-88.44
-89.67
-90.97
-93.02
-99.6
-107.39
-102.31
-104.68
-100.6
-90.32
-93.67
-97.83
-105.1
-95.01
-97.66
-108.3
-107.56
-104.69
-105.8
-96.16
-100.72
-104.77
-103.22
-100.39
-107.42
-96.38
-107.7
-91.93
-99.14
-96.67
-103.25
-95.43
-99.51
-89.3
-104.52
-98.73
-91.13
-112.02
-105.35
-106.86
-114.12
-103.57
-115.45
-104.14
-110.22
-106.75
-121.61
-111.14
-114.96
-123.36
-102.12
-108.03
-123.01
-116.26
-120.87
-109.85
-120.8
-112.73
-110.84
-121.92
-103.99
-113.98
-111.12
-109.98
-101.77
-117.23
-99.92
-98.04
-93.92
-106.31
-100.82
-104.92
-102.62
-102.72
-97.64
-107.24
-114.03
-108.4
-107.48
-124.64
-118.98
-119.9
-116.42
-115.6
-114.83
-117.38
-108.12
-110.52
-112.2
-117.49
-122.63
-117.72
-108.29
-116.91
-110.49
-115.15
-110.76
-109.32
-109.99
-115.7
-107.8
-103.4
-112.43
-106.34
-109.72
-97.74
-107.7
-106.66
-106.74
-107.8
-113.17
-104.83
-108.48
-113.96
-114.74
-117.28
-113.36
-119.04
-120.91
-116.65
-120.49
-124.4
-126.79
-127.13
-122.62
-123.51
-113.9
-125.05
-119.68
-122.98
-121.03
-115.71
-120.59
-116.36
-117.78
-119.97
-121.84
-121.84
-123.97
-121.7
-126.44
-127.77
-123.04
-128.85
-119.3
-112.66
-123.9
-122.96
-127.76
-126.57
-127.27
-120.59
-116.38
-124.0
-125.4
-139.54
-118.59
-123.95
-133.04
-125.26
-116.55
-128.83
-115.71
-127.48
-129.78
-142.04
-128.14
-110.82
-130.29
-133.58
-130.12
-116.79
-123.69
-128.31
-122.24
-105.41
-124.86
-134.66
-130.89
-126.06
-135.56
-122.27
-110.26
-129.45
-119.35
-112.05
-115.09
-115.77
-113.31
-116.47
-110.63
-122.79
-105.92
-124.16
-118.79
-115.56
-108.92
-115.3
-119.99
-105.58
-113.4
-114.62
-112.25
-119.44
-126.28
-117.47
-118.84
-132.94
-120.86
-110.5
-118.86
-126.65
-127.22
-124.75
-114.67
-124.62
-121.67
-117.44
-115.28
-118.71
-113.71
-116.83
-119.71
-122.71
-119.2
-127.58
-120.72
-124.72
-125.03
-122.12
-118.98
-125.38
-127.59
-120.81
-108.54
-121.07
-115.77
-104.94
-118.86
-129.1
-125.03
-126.66
-118.19
-120.13
-122.12
-115.17
-124.64
-123.37
-125.37
-124.56
-126.88
-124.61
-120.8
-119.81
-130.22
-125.05
-115.04
-127.21
-106.62
-121.45
-121.02
-113.82
-123.02
-116.2
-127.76
-112.06
-121.82
-116.27
-109.34
-122.27
-118.06
-117.72
-119.28
-115.86
-109.09
-114.47
-113.61
-122.54
-113.1
-115.29
-109.74
-120.55
-121.78
-123.77
-117.81
-122.01
-116.28
-116.7
-123.31
-115.37
-111.78
-109.65
-111.34
-120.13
-123.42
-118.06
-115.13
-128.77
-121.19
-116.43
-105.03
-105.55
-121.38
-117.3
-116.3
-114.92
-111.83
-126.42
-116.03
-122.91
-123.71
-124.46
-130.31
-123.07
-114.81
-118.22
-111.15
-118.98
-114.5
-109.61
-112.3
-109.69
-93.56
-104.64
-115.23
-120.9
-116.42
-105.56
-108.51
-105.52
-106.94
-129.25
-114.96
-113.04
-114.43
-116.62
-116.7
-113.41
-117.33
-110.31
-111.96
-120.68
-112.35
-112.41
