-115.54
-104.01
-109.86
-108.11
-106.68
-106.5
-108.91
-105.98
-110.41
-113.91
-110.75
-106.28
-108.84
-102.38
-107.25
-109.83
-102.75
-113.67
-112.05
-101.8
-105.61
-107.96
-114.97
-106.21
-114.38
-118.83
-118.73
-110.94
-111.48
-112.25
-114.57
-102.28
-105.08
-117.23
-117.87
-113.58
-109.46
-104.13
-106.35
-103.72
-119.54
-116.14
-114.21
-109.45
-115.6
-115.8
-122.19
-126.22
-131.89
-121.44
-123.24
-118.24
-124.99
-112.51
-108.51
-111.77
-118.59
-129.95
-109.26
-118.37
-115.55
-115.34
-116.38
-116.69
-118.23
-116.19
-109.26
-112.87
-111.32
-104.74
-113.72
-117.3
-115.28
-119.65
-119.54
-121.71
-105.64
-113.79
-122.1
-109.78
-115.51
-113.13
-107.59
-112.72
-105.16
-106.21
-114.06
-106.46
-113.57
-110.24
-100.44
-102.66
-94.18
-102.83
-102.94
-109.26
-98.65
-101.55
-105.89
-102.77
-106.05
-99.56
-109.85
-100.01
-111.59
-116.41
-112.59
-113.54
-111.9
-112.58
-117.0
-110.39
-103.36
-121.69
-111.42
-109.09
-112.11
-107.28
-106.18
-101.49
-98.54
-112.01
-108.68
-100.48
-107.59
-111.16
-111.67
-109.1
-109.8
-103.31
-111.67
-104.63
-103.14
-103.72
-100.73
-103.9
-96.48
-89.38
-115.41
-98.89
-105.34
-110.09
-97.19
-106.91
-113.45
-103.7
-113.27
-106.17
-108.55
-107.86
-103.2
-104.96
-106.59
-105.05
-101.73
-108.43
-106.67
-118.33
-112.05
-112.0
-110.24
-103.71
-111.15
-112.4
-104.54
-104.92
-102.82
-112.84
-106.64
-107.05
-111.4
-112.63
-113.75
-115.27
-113.85
-107.42
-102.7
-109.0
-111.93
-110.75
-119.69
-113.21
-124.94
-110.88
-125.69
-116.74
-117.68
-116.04
-123.08
-111.08
-113.15
-97.8
-97.73
-102.22
-110.04
-109.5
-100.43
-118.51
-106.13
-105.76
-99.77
-99.81
-91.96
-98.36
-94.04
-101.61
-106.9
-98.91
-104.26
-101.28
-98.2
-107.18
-93.98
-107.68
-98.97
-104.46
-107.89
-105.04
-96.91
-103.26
-101.04
-102.97
-99.85
-107.72
-108.67
-111.11
-104.46
-111.12
-111.26
-105.87
-110.98
-112.07
-97.92
-106.95
-103.26
-103.89
-104.3
-98.74
-101.24
-110.88
-111.06
-104.08
-99.59
-109.54
-110.98
-112.82
-102.72
-111.73
-112.73
-110.47
-102.19
-103.79
-98.69
-104.97
-100.1
-106.99
-107.58
-105.09
-112.35
-108.05
-111.9
-109.04
-114.09
-118.41
-107.28
-121.93
-114.64
-103.1
-114.48
-109.71
-114.62
-102.85
-103.85
-104.36
-117.08
-105.7
-120.58
-108.93
-116.16
-107.77
-111.59
-109.8
-113.56
-114.14
-112.98
-109.94
-112.59
-114.45
-119.02
-113.94
-111.02
-106.93
-104.62
-102.98
-102.93
-99.7
-107.03
-99.06
-118.79
-106.42
-123.16
-109.26
-109.24
-111.93
-109.7
-103.54
-96.67
-102.93
-109.34
-116.31
-103.29
-107.94
-111.22
-109.26
-116.83
-112.77
-112.51
-119.78
-103.18
-114.77
-105.95
-99.35
-117.37
-119.75
-99.39
-112.1
-116.81
-110.29
-110.41
-114.64
-107.96
-104.7
-103.83
-116.54
-110.25
-116.09
-112.36
-113.76
-110.91
-123.78
-119.61
-121.25
-103.91
-119.8
-114.3
-119.45
-112.2
-113.47
-114.45
-114.49
-107.19
-96.08
-107.73
-106.55
-108.11
-108.31
-116.0
-101.17
-115.19
-109.7
-112.42
-106.04
-107.29
-103.69
-101.34
-107.45
-110.56
-108.91
-119.09
-107.12
-109.16
-111.8
-116.97
-104.37
-105.1
-113.59
-103.66
-110.6
-106.29
-100.82
-107.88
-106.41
-104.36
-93.32
-98.26
-112.38
-104.47
-101.39
-109.56
-115.56
-110.33
-108.53
-108.43
-99.65
-96.89
-98.09
-105.78
-103.81
-102.66
-100.56
-107.26
-97.94
-95.31
-97.05
-102.45
-102.03
-91.77
-104.41
-93.06
-98.82
-97.5
-91.46
-105.35
-93.11
-109.26
-108.95
-98.32
-103.98
-102.08
-99.62
-109.85
-100.1
-115.58
-117.44
-103.61
-107.44
-112.37
-119.19
-108.5
-114.95
-117.53
-122.07
-109.21
-110.52
-110.77
-99.36
-111.63
-114.52
-117.48
-110.03
-108.92
-106.09
-108.95
-109.21
-117.97
-109.62
-127.8
-107.9
-122.73
-112.28
-102.5
