-0.411
-0.411
-0.473
-0.339
-0.485
-0.612
-0.489
-0.43
-0.38
-0.49
-0.467
-0.35
-0.557
-0.412
-0.417
-0.472
-0.652
-0.493
-0.573
-0.352
-0.561
-0.444
-0.44
-0.471
-0.508
-0.493
-0.507
-0.304
-0.424
-0.603
-0.527
-0.397
-0.416
-0.422
-0.525
-0.46
-0.509
-0.542
-0.563
-0.469
-0.527
-0.415
-0.346
-0.379
-0.462
-0.671
-0.6
-0.471
-0.517
-0.61
-0.553
-0.477
-0.48
-0.535
-0.49
-0.293
-0.473
-0.537
-0.586
-0.375
-0.509
-0.408
-0.544
-0.482
-0.496
-0.413
-0.483
-0.461
-0.382
-0.31
-0.371
-0.488
-0.43
-0.598
-0.47
-0.6
-0.384
-0.466
-0.432
-0.559
-0.37
-0.5
-0.563
-0.561
-0.434
-0.491
-0.475
-0.325
-0.38
-0.425
-0.263
-0.369
-0.28
-0.506
-0.478
-0.323
-0.415
-0.391
-0.316
-0.346
-0.259
-0.314
-0.382
-0.224
-0.4
-0.745
-0.352
-0.428
-0.512
-0.54
-0.536
-0.434
-0.408
-0.743
-0.579
-0.484
-0.529
-0.501
-0.495
-0.407
-0.224
-0.392
-0.311
-0.317
-0.419
-0.366
-0.338
-0.31
-0.256
-0.416
-0.416
-0.295
-0.399
-0.32
-0.408
-0.266
-0.308
-0.294
-0.404
-0.299
-0.413
-0.315
-0.37
-0.32
-0.411
-0.285
-0.526
-0.299
-0.514
-0.262
-0.343
-0.512
-0.298
-0.441
-0.302
-0.442
-0.445
-0.53
-0.349
-0.406
-0.456
-0.416
-0.294
-0.477
-0.186
-0.317
-0.315
-0.335
-0.376
-0.414
-0.229
-0.45
-0.472
-0.466
-0.496
-0.401
-0.44
-0.51
-0.587
-0.596
-0.615
-0.375
-0.475
-0.505
-0.528
-0.368
-0.363
-0.405
-0.441
-0.297
-0.477
-0.269
-0.383
-0.235
-0.435
-0.298
-0.365
-0.414
-0.544
-0.489
-0.443
-0.576
-0.394
-0.263
-0.344
-0.39
-0.391
-0.41
-0.465
-0.515
-0.504
-0.485
-0.341
-0.512
-0.39
-0.523
-0.624
-0.517
-0.5
-0.688
-0.454
-0.402
-0.38
-0.429
-0.599
-0.472
-0.438
-0.474
-0.329
-0.345
-0.423
-0.401
-0.473
-0.483
-0.409
-0.409
-0.293
-0.363
-0.416
-0.328
-0.465
-0.435
-0.325
-0.262
-0.374
-0.493
-0.349
-0.522
-0.333
-0.319
-0.399
-0.381
-0.329
-0.404
-0.359
-0.188
-0.327
-0.299
-0.273
-0.353
-0.348
-0.33
-0.334
-0.209
-0.171
-0.447
-0.346
-0.328
-0.263
-0.246
-0.398
-0.156
-0.312
-0.306
-0.218
-0.247
-0.355
-0.1
-0.249
-0.241
-0.214
-0.323
-0.258
-0.238
-0.263
-0.135
-0.272
-0.273
-0.257
-0.382
-0.28
-0.176
-0.226
-0.16
-0.259
-0.342
-0.305
-0.213
-0.411
-0.328
-0.49
-0.19
-0.404
-0.344
-0.446
-0.324
-0.428
-0.322
-0.296
-0.398
-0.449
-0.506
-0.442
-0.567
-0.629
-0.358
-0.361
-0.641
-0.592
-0.569
-0.458
-0.409
-0.413
-0.497
-0.382
-0.465
-0.359
-0.463
-0.34
-0.181
-0.285
-0.322
-0.419
-0.259
-0.34
-0.343
-0.438
-0.425
-0.553
-0.355
-0.37
-0.447
-0.323
-0.338
-0.358
-0.268
-0.398
-0.529
-0.305
-0.4
-0.377
-0.373
-0.476
-0.305
-0.206
-0.254
-0.312
-0.349
-0.474
-0.391
-0.304
-0.564
-0.251
-0.252
-0.285
-0.292
-0.319
-0.385
-0.396
-0.24
-0.296
-0.462
-0.445
-0.385
-0.328
-0.299
-0.489
-0.403
-0.487
-0.372
-0.538
-0.425
-0.543
-0.561
-0.343
-0.443
-0.452
-0.401
-0.618
-0.446
-0.474
-0.46
-0.416
-0.341
-0.32
-0.475
-0.391
-0.447
-0.52
-0.439
-0.382
-0.384
-0.437
-0.329
-0.397
-0.486
-0.368
-0.525
-0.244
-0.333
-0.387
-0.308
-0.386
-0.414
-0.333
-0.498
-0.522
-0.523
-0.433
-0.565
-0.595
-0.459
-0.78
-0.658
-0.631
-0.627
-0.597
-0.656
-0.485
-0.495
-0.682
-0.715
-0.586
-0.747
-0.683
-0.428
-0.511
-0.514
-0.478
-0.637
-0.512
-0.653
-0.618
-0.536
-0.603
-0.54
-0.532
-0.604
-0.632
-0.384
-0.584
