-129.23
-128.31
-132.78
-137.41
-112.89
-116.48
-121.82
-134.14
-116.37
-118.77
-119.25
-119.7
-129.55
-141.37
-132.33
-130.92
-122.44
-135.01
-139.6
-127.31
-120.11
-121.27
-150.3
-123.22
-111.54
-123.45
-114.57
-123.8
-131.89
-118.31
-121.15
-118.55
-122.17
-126.46
-117.31
-108.01
-120.56
-125.4
-119.21
-116.39
-108.95
-102.91
-110.64
-103.65
-107.49
-109.41
-114.71
-105.5
-102.8
-104.11
-109.59
-108.2
-114.92
-109.29
-122.64
-123.63
-120.48
-109.75
-113.38
-118.58
-116.82
-117.58
-112.41
-116.98
-114.63
-121.69
-109.38
-108.29
-107.52
-107.24
-106.76
-112.97
-117.67
-108.55
-117.67
-123.58
-120.26
-110.37
-99.97
-105.35
-118.32
-104.51
-106.38
-96.65
-101.75
-103.43
-102.11
-110.38
-118.73
-95.82
-102.87
-108.14
-102.5
-97.52
-108.41
-113.77
-116.69
-118.05
-103.33
-102.61
-105.6
-100.74
-102.11
-116.82
-99.97
-107.3
-121.74
-119.48
-121.03
-119.54
-120.55
-113.46
-112.95
-119.36
-98.57
-108.95
-112.65
-112.15
-110.24
-104.92
-116.67
-118.51
-125.77
-105.96
-109.36
-107.89
-103.79
-115.01
-120.91
-102.82
-115.63
-117.34
-127.65
-108.6
-125.34
-117.33
-109.95
-118.36
-133.44
-114.66
-121.39
-110.25
-95.7
-93.39
-115.73
-105.59
-99.79
-123.53
-116.4
-120.57
