-642.5
-664.196
-701.347
-674.151
-643.118
-696.285
-709.213
-695.201
-641.143
-639.834
-674.081
-628.763
-670.179
-653.508
-627.992
-622.576
-618.589
-641.761
-630.392
-633.035
-570.353
-652.503
-725.617
-688.984
-713.046
-718.442
-729.389
-725.884
-712.262
-649.865
-674.909
-641.927
-714.127
-700.759
-693.152
-695.365
-625.482
-633.238
-632.95
-706.417
-746.329
-665.954
-728.232
-669.93
-729.073
-741.968
-753.458
-756.004
-776.909
-753.965
-717.127
-695.549
-726.893
-750.065
-725.252
-707.285
-749.352
-778.448
-690.723
-670.957
-708.131
-721.771
-674.695
-745.087
-708.972
-698.586
-732.3
-744.117
-734.908
-707.135
-701.541
-676.436
-719.579
-713.172
-678.066
-688.015
-697.819
-725.036
-692.821
-656.505
-678.594
-647.819
-663.762
-696.844
-701.831
-629.677
-677.738
-675.357
-608.707
-635.497
-616.71
-572.343
-652.654
-589.582
-625.302
-598.905
-616.434
-580.872
-608.137
-608.473
-618.699
-654.5
-660.828
-651.727
-704.453
-728.512
-720.222
-674.522
-636.132
-708.312
-681.518
-658.751
-666.917
-682.876
-615.61
-603.509
-669.108
-641.977
-642.349
-618.009
-651.801
-646.745
-667.423
-638.844
-650.451
-669.025
-662.839
-639.558
-640.192
-608.749
-616.377
-614.124
-552.884
-605.192
-633.535
-563.686
-570.965
-604.716
-645.03
-634.982
-618.719
-695.942
-613.765
-634.001
-591.393
-622.978
-641.314
-638.728
-617.646
-613.416
-641.922
-634.688
-654.414
-654.957
-639.843
-637.951
-649.833
-649.051
-614.725
-699.627
-667.751
-708.509
-645.657
-677.227
-647.065
-616.973
-618.792
-636.712
-576.744
-603.453
-638.469
-698.795
-686.169
-645.427
-644.914
-647.785
-659.386
-706.15
-696.671
-643.442
-728.47
-688.589
-694.531
-689.49
-691.896
-704.009
-657.344
-714.138
-695.868
-678.043
-655.04
-623.803
-603.38
-614.748
-706.583
-667.381
-678.939
-755.313
-733.837
-761.336
-728.678
-707.016
-709.702
-666.814
-749.067
-657.418
-793.892
-721.343
-783.753
-756.514
-774.156
-829.074
-749.734
-796.729
-777.982
-776.315
-781.286
-747.336
-751.598
-749.597
-742.191
-725.5
-724.927
-794.865
-755.702
-710.08
-801.424
-760.297
-730.542
-746.722
-816.434
-800.446
-786.84
-778.58
-709.598
-776.192
-693.382
-704.546
-789.011
-730.882
-780.961
-765.79
-721.671
-781.96
-788.979
-759.308
-803.858
-754.706
-778.632
-783.526
-724.386
-737.948
-751.704
-797.985
-712.305
-764.131
-721.516
-690.165
-745.394
-760.996
-742.937
-776.574
-752.872
-751.912
-739.389
-763.254
-753.832
-729.469
-800.516
-729.069
-711.597
-736.468
-723.604
-754.209
-768.402
-749.439
-768.124
-726.615
-776.668
-798.807
-746.39
-808.705
-782.092
-743.82
-738.442
-734.688
-753.795
-742.462
-735.471
-763.972
-746.991
-700.166
-717.37
-719.508
-679.829
-748.371
-719.525
-766.134
-805.033
-767.889
-811.512
-734.836
-782.304
-762.131
-777.656
-774.519
-754.012
-770.216
-712.817
-767.559
-782.895
-794.026
-776.525
-763.936
-793.471
-838.799
-792.62
-827.629
-754.136
-777.521
-753.592
-733.749
-819.965
-780.336
-721.306
-708.131
-770.228
-753.622
-756.815
-802.026
-714.691
-709.805
-708.176
-738.686
-732.117
-762.939
-795.742
-766.622
-780.927
-757.856
-793.271
-763.718
-791.853
-753.808
-732.517
-760.128
-717.592
-760.011
-739.599
-717.155
-708.019
-697.58
-661.614
-692.893
-743.481
-716.395
-732.581
-704.681
-655.011
-737.554
-687.072
-715.846
-710.222
-684.044
-708.601
-740.896
-700.846
-718.116
-792.162
-780.74
-720.434
-707.906
-731.213
-678.252
-691.444
-687.125
-705.315
-661.805
-679.206
-648.058
-699.989
-677.757
-680.701
-678.456
-629.722
-667.511
-703.031
-671.381
-718.174
-731.547
-756.167
-680.97
-652.245
-632.769
-636.068
-668.878
-690.576
-701.115
-691.644
-687.316
-717.431
-666.11
-701.103
-629.679
-654.487
-703.68
-671.491
-638.792
-631.959
-654.132
-640.59
-625.774
-679.057
-646.746
-691.56
-708.783
-715.894
-733.409
-682.387
-649.318
-737.602
-691.791
-748.974
-735.324
-737.677
-730.118
-761.069
-738.602
-713.061
-729.088
-799.712
-766.854
-767.24
-765.892
-710.285
-669.644
-750.396
-716.892
-785.401
-767.479
-815.838
-755.911
-787.528
-848.575
-799.971
-736.325
-793.792
-762.504
-812.102
-722.634
-750.779
