-62.66
-61.83
-62.2
-63.59
-56.41
-68.15
-63.95
-61.8
-71.97
-67.74
-66.37
-67.42
-68.18
-63.7
-60.77
-63.14
-73.97
-67.3
-56.84
-62.18
-54.57
-56.01
-57.06
-58.12
-57.21
-50.27
-57.09
-64.92
-60.55
-70.44
-67.24
-64.73
-60.66
-63.52
-62.0
-66.2
-64.98
-65.13
-65.76
-71.72
-61.01
-63.1
-64.0
-61.13
-58.28
-69.52
-69.67
-62.71
-58.87
-66.86
-56.67
-64.87
-74.87
-64.62
-70.22
-69.65
-62.11
-56.12
-58.97
-68.09
-63.91
-63.01
-66.75
-67.04
-62.02
-57.78
-62.88
-62.23
-71.0
-59.31
-63.64
-60.65
-62.11
-73.49
-69.37
-68.74
-64.35
-68.85
-60.28
-66.71
-61.98
-64.89
-61.06
-61.17
-67.43
-65.65
-62.17
-64.94
-61.79
-68.92
-61.2
-57.49
-64.78
-64.72
-67.14
-60.36
-69.02
-62.1
-67.35
-67.64
-67.46
-61.48
-61.93
-52.46
-51.73
-54.95
-57.04
-58.71
-55.94
-57.19
-53.52
-54.02
-56.77
-56.96
-53.39
-57.93
-60.91
-54.81
-57.63
-54.56
-58.81
-56.53
-54.67
-57.16
-55.77
-58.92
-62.7
-59.04
-58.83
-54.24
-60.33
-61.5
-64.8
-56.93
-63.55
-62.08
-65.81
-64.41
-55.93
-61.16
-57.99
-57.3
-57.9
-62.27
-58.35
-66.18
-59.15
-60.23
-67.48
-53.69
-60.83
-60.01
-56.7
-55.48
-53.43
-50.69
-48.65
-49.6
-60.85
-62.7
-68.05
-64.54
-64.09
-63.16
-54.35
-65.28
-72.0
-71.07
-66.3
-62.15
-62.66
-60.3
-56.96
-78.6
-71.01
-68.59
-63.28
-56.41
-66.73
-71.85
-78.57
-78.38
-74.95
-66.03
-66.13
-72.3
-66.48
-71.59
-69.59
-75.57
-69.18
-70.94
-69.14
-76.18
-72.76
-70.21
-80.97
-77.55
-68.82
-75.96
-76.35
