-38.64
-49.47
-57.82
-50.06
-56.9
-53.27
-46.1
-48.62
-43.8
-59.97
-51.91
-57.17
-48.35
-47.67
-50.55
-48.88
-51.33
-44.87
-57.92
-44.25
-45.5
-44.52
-49.78
-55.98
-60.63
-54.53
-53.72
-56.38
-45.58
-51.43
-62.02
-54.34
-48.84
-47.34
-62.77
-52.19
-51.3
-51.57
-57.55
-58.19
-53.73
-40.28
-59.0
-55.83
-61.97
-56.68
-56.37
-51.31
-50.63
-57.04
-58.34
-43.74
-49.31
-42.04
-38.91
-49.57
-42.6
-48.41
-54.36
-38.2
-47.46
-44.62
-47.74
-51.22
-45.63
-46.07
-54.64
-39.88
-47.79
-39.13
-37.99
-44.37
-33.43
-46.23
-45.75
-52.49
-53.35
-44.22
-46.27
-51.85
-54.57
-55.74
-53.92
-46.42
-48.28
-42.56
-47.64
-52.39
-40.18
-51.2
-35.81
-44.79
-39.51
-56.11
-42.17
-56.6
-48.81
-52.12
-51.44
-35.52
-50.24
-53.96
-46.15
-44.38
-37.77
-45.53
-49.47
-49.12
-43.18
-65.01
-54.93
-55.48
-56.46
-61.65
-50.64
-68.3
-67.48
-71.33
-60.61
-66.27
-56.14
-52.34
-58.81
-77.58
-57.41
-61.37
-52.61
-45.54
-59.1
-64.34
-76.9
-78.53
-64.79
-64.64
-69.99
-69.87
-60.21
-68.25
-63.1
-68.57
-67.65
-60.0
-73.87
-69.46
-65.56
-69.36
-71.12
-81.41
-66.36
-78.27
