-0.193
-0.136
-0.178
-0.236
-0.158
-0.165
-0.164
-0.262
-0.3
-0.166
-0.219
-0.125
-0.199
-0.207
-0.233
-0.236
-0.24
-0.175
-0.241
-0.189
-0.189
-0.174
-0.197
-0.121
-0.187
-0.119
-0.135
-0.114
-0.107
-0.195
-0.256
-0.325
-0.141
-0.177
-0.118
-0.162
-0.245
-0.132
-0.165
-0.194
-0.207
-0.107
-0.17
-0.13
-0.05
-0.205
-0.189
-0.145
-0.211
-0.107
-0.117
-0.231
-0.258
-0.2
-0.26
-0.202
-0.193
-0.131
-0.148
-0.218
-0.231
-0.138
-0.17
-0.132
-0.124
-0.101
-0.038
-0.12
-0.267
-0.157
-0.153
-0.185
-0.215
-0.248
-0.164
-0.222
-0.213
-0.205
-0.2
-0.157
-0.145
-0.12
-0.155
-0.232
-0.242
-0.186
-0.175
-0.122
-0.151
-0.148
-0.221
-0.103
-0.233
-0.186
-0.173
-0.119
-0.133
-0.152
-0.174
-0.166
-0.24
-0.228
-0.137
-0.21
-0.11
-0.131
-0.179
-0.163
-0.154
-0.207
-0.204
-0.168
-0.214
-0.14
-0.185
-0.133
-0.143
-0.147
-0.173
-0.133
-0.239
-0.175
-0.124
-0.129
-0.189
-0.203
-0.112
-0.154
-0.115
-0.184
-0.25
-0.198
-0.12
-0.174
-0.198
-0.194
-0.232
-0.133
-0.134
-0.162
-0.157
-0.134
-0.184
-0.177
-0.251
-0.16
-0.217
-0.241
-0.153
-0.115
-0.14
-0.234
-0.144
-0.21
-0.11
-0.179
-0.201
-0.157
-0.132
-0.127
-0.143
-0.179
-0.105
-0.231
-0.153
-0.219
-0.179
-0.212
-0.173
-0.174
-0.162
-0.17
-0.194
-0.289
-0.087
-0.157
-0.196
-0.153
-0.238
-0.219
-0.193
-0.301
-0.195
-0.347
-0.276
-0.251
-0.19
-0.3
-0.261
-0.17
-0.164
-0.281
-0.268
-0.186
-0.311
-0.227
-0.186
-0.28
-0.251
-0.248
-0.142
