-428.101
-421.642
-395.388
-409.904
-391.533
-400.848
-404.181
-427.511
-416.669
-414.713
-433.203
-401.134
-418.772
-388.089
-373.599
-363.812
-441.882
-455.311
-414.461
-391.838
-398.942
-373.252
-404.194
-344.808
-349.669
-334.683
-342.304
-370.457
-394.125
-411.196
-401.901
-417.01
-411.792
-413.053
-395.344
-397.844
-433.429
-356.988
-397.965
-392.865
-436.609
-430.632
-414.71
-399.626
-400.224
-384.226
-383.478
-412.234
-387.458
-394.298
-395.252
-415.837
-408.389
-399.924
-420.968
-419.574
-396.866
-401.985
-368.412
-413.303
-462.531
-419.693
-366.613
-390.762
-433.902
-429.695
-404.64
-391.225
-443.558
-416.91
-389.479
-393.966
-412.344
-445.506
-420.521
-411.926
-439.316
-430.543
-401.739
-446.702
-394.674
-415.028
-443.657
-417.184
-459.96
-388.125
-390.268
-398.88
-383.384
-400.143
-417.728
-419.903
-442.683
-410.76
-421.545
-434.383
-411.557
-360.246
-407.647
-434.901
-446.996
-379.448
-380.538
-353.772
-366.043
-362.062
-363.857
-327.049
-335.365
-301.592
-381.862
-358.474
-353.429
-341.297
-356.213
-372.265
-375.556
-379.732
-344.515
-363.778
-352.615
-400.156
-363.551
-380.57
-317.925
-407.227
-348.452
-355.83
-341.769
-372.601
-337.081
-399.007
-356.292
-379.626
-390.553
-363.428
-382.458
-435.194
-326.315
-401.968
-319.51
-345.411
-346.114
-405.521
-368.406
-407.204
-372.689
-437.946
-404.928
-320.541
-383.944
-402.37
-368.851
-339.363
-332.949
-377.378
-382.004
-363.678
-354.542
-410.802
-458.416
-416.974
-391.381
-436.593
-396.965
-421.867
-488.603
-469.642
-453.873
-446.939
-429.751
-393.655
-391.956
-504.78
-411.196
-445.32
-394.394
-382.725
-395.482
-425.686
-466.497
-489.579
-502.709
-449.342
-482.458
-437.361
-420.85
-473.573
-456.66
-478.531
-487.429
-449.142
-481.169
-451.267
-428.136
-478.495
-494.361
-523.129
-482.233
-498.422
-517.043
