-122.92
-121.45
-109.38
-129.94
-124.7
-120.75
-117.62
-121.76
-119.55
-119.79
-118.48
-112.86
-115.62
-116.79
-126.68
-118.77
-108.24
-117.62
-127.81
-104.4
-118.58
-121.84
-126.29
-118.6
-120.02
-119.07
-125.28
-114.81
-117.74
-121.45
-118.49
-124.26
-122.29
-121.4
-114.95
-117.22
-126.88
-126.17
-117.45
-117.93
-109.89
-116.14
-120.61
-116.14
-120.72
-112.52
-121.18
-118.17
-115.78
-108.78
-126.79
-124.37
-121.01
-114.02
-131.41
-117.46
-124.03
-121.34
-125.95
-125.18
-124.44
-118.41
-121.47
-118.27
-134.64
-124.76
-125.45
-113.31
-112.97
-117.33
-117.37
-115.05
-119.08
-118.72
-120.46
-121.76
-121.99
-136.59
-124.15
-129.12
-127.63
-112.14
-130.45
-128.54
-125.97
-133.12
-131.05
-127.9
-132.07
-121.5
-111.65
-115.58
-123.01
-128.45
-125.31
-117.38
-118.18
-123.1
-127.24
-130.31
-136.57
-135.45
-136.73
-126.88
-127.17
-135.63
-125.92
-118.96
-119.4
-123.34
-121.54
-121.2
-128.97
-121.8
-120.77
-114.99
-123.74
-119.74
-123.59
-131.04
-106.52
-112.68
-126.25
-116.05
-121.98
-117.12
-123.93
-121.06
-130.25
-108.87
-108.75
-108.83
-113.64
-112.11
-119.27
-123.08
-115.06
-122.44
-124.07
-113.88
-115.66
-118.05
-120.46
-120.52
-118.17
-123.28
-116.46
-123.42
-122.05
-126.08
-125.17
-101.75
-109.66
-111.83
-120.4
-113.27
-117.23
-113.17
-112.31
-105.81
-104.52
-122.16
-122.83
-119.13
-122.44
-105.49
-115.36
-131.37
-117.16
-114.65
-121.4
-120.37
-107.44
-120.24
-111.03
-111.88
-117.72
-128.09
-127.15
-111.45
-126.94
-116.38
-119.18
-115.39
-120.91
-111.78
-119.11
-125.3
-120.92
-108.96
-99.35
-125.71
-113.82
-129.7
-123.81
-124.79
-117.42
-120.88
-120.39
-120.86
-120.77
-111.13
-124.65
-128.7
-123.13
-117.63
-122.17
-123.61
-125.3
-120.21
-124.18
-124.83
-118.97
-118.71
-117.05
-129.21
-115.9
-122.55
-100.47
-117.45
-122.51
-115.14
-117.78
-121.69
-113.34
-116.22
-127.83
-116.63
-119.72
-125.66
-109.61
-114.16
-116.7
-114.96
-121.99
-122.15
-123.11
-117.69
-114.6
-110.18
-119.13
-117.23
-116.89
-115.92
-120.76
-116.94
-118.55
-107.45
-117.57
-116.48
-115.44
-122.65
-112.53
-102.91
-121.34
-123.1
-110.31
-104.68
-122.89
-119.97
-116.5
-121.32
-116.83
-124.91
-124.34
-130.92
-128.74
-123.29
-133.48
-117.43
-125.71
-116.82
-129.29
-114.52
-116.93
-122.6
-124.25
-111.38
-123.79
-126.42
-123.72
-121.33
-124.33
-126.78
-123.64
-113.04
-117.04
-128.07
-112.93
-124.18
-123.76
-125.08
-119.8
-119.52
-128.82
-118.6
-112.35
-122.97
-127.84
-130.11
-124.48
-135.39
-115.75
-119.05
-124.32
-130.69
-122.33
-115.76
-116.06
-116.0
-123.16
-125.95
-121.45
-112.24
-120.25
-113.21
-130.87
-130.12
-120.45
-137.58
-121.75
-123.31
-113.24
-127.75
-121.48
-127.41
-107.23
-107.39
-111.41
-115.17
-117.94
-124.35
-131.81
-124.59
-119.34
-120.91
-120.71
-125.18
-118.79
-119.46
-124.89
-126.16
-119.0
-120.11
-124.94
-104.96
-126.66
-126.87
-123.65
-134.1
-124.49
-125.08
-129.58
-121.51
-121.44
-120.89
-109.71
-109.08
-117.45
-122.16
-117.74
-119.2
-120.6
-113.56
-119.31
-124.08
-124.9
-117.94
-118.14
-130.6
-127.61
-110.51
-118.85
-126.06
-138.97
-127.22
-126.42
-129.09
-117.57
-121.48
-113.98
-111.3
-122.81
-110.6
-124.38
-124.78
-117.72
-119.13
-124.68
-117.99
-118.11
-123.52
-127.7
-126.77
-133.29
-124.7
-137.94
-128.22
-132.31
-123.17
-127.9
-140.18
-132.06
-133.9
-134.06
-128.47
-130.58
-132.5
-130.11
-132.63
-130.14
-129.48
-136.04
-132.59
-134.57
-145.4
-135.65
-143.45
-126.0
-118.28
-128.49
-125.64
-128.96
-118.63
-126.64
-128.33
-124.41
-113.01
-130.68
-126.03
-130.62
-135.83
-119.91
-127.45
-127.72
-115.33
-127.42
-140.64
-118.08
-132.15
-125.89
-130.12
-125.14
-128.64
-143.92
-128.24
-130.64
-121.55
-117.89
-124.51
-123.95
