-149.7
-142.88
-135.63
-145.96
-146.74
-134.2
-127.85
-137.0
-136.11
-138.34
-142.28
-142.29
-126.29
-147.7
-140.48
-136.65
-139.51
-134.1
-129.42
-135.36
-138.05
-138.12
-132.13
-123.89
-144.51
-149.51
-146.58
-141.85
-146.84
-145.9
-148.17
-143.76
-149.21
-148.43
-144.24
-134.72
-148.76
-138.33
-146.99
-144.7
-135.13
-136.21
-144.02
-138.78
-142.67
-137.35
-135.17
-139.48
-140.68
-125.89
-136.31
-146.77
-144.49
-145.71
-137.09
-150.46
-125.07
-130.31
-132.68
-138.68
-130.41
-129.8
-138.91
-127.04
-142.72
-139.9
-134.32
-134.85
-137.82
-146.56
-129.29
-133.08
-126.58
-133.35
-136.49
-135.21
-133.25
-132.06
-139.99
-127.43
-125.17
-132.72
-142.41
-134.01
-145.36
-140.38
-134.46
-151.26
-142.79
-140.49
-149.57
-145.19
-137.78
-146.2
-129.29
-134.97
-145.15
-144.89
-142.49
-141.23
-145.03
-137.3
-134.21
-133.33
-139.65
-156.11
-135.27
-144.3
-147.58
-141.03
-141.83
-142.66
-141.55
-141.29
-146.84
-134.8
-148.31
-144.83
-144.24
-144.17
-133.31
-143.27
-126.02
-142.36
-137.34
-146.91
-144.29
-141.22
-146.3
-148.1
-141.65
-131.93
-144.22
-136.38
-150.8
-142.13
-138.79
-139.28
-142.54
-134.08
-135.34
-148.41
-145.42
-152.62
-135.66
-153.81
-149.76
-136.64
-147.95
-149.88
