-0.634
-0.583
-0.758
-0.588
-0.716
-0.61
-0.784
-0.602
-0.711
-0.597
-0.646
-0.722
-0.69
-0.706
-0.62
-0.618
-0.65
-0.739
-0.49
-0.608
-0.545
-0.618
-0.552
-0.561
-0.795
-0.578
-0.507
-0.407
-0.722
-0.583
-0.543
-0.708
-0.678
-0.552
-0.597
-0.599
-0.779
-0.561
-0.732
-0.631
-0.594
-0.685
-0.653
-0.522
-0.692
-0.59
-0.57
-0.659
-0.638
-0.557
-0.508
-0.583
-0.686
-0.586
-0.641
-0.595
-0.771
-0.611
-0.757
-1.073
-0.656
-0.761
-0.517
-0.796
-0.808
-0.573
-0.622
-0.75
-0.633
-0.704
-0.614
-0.577
-0.763
-0.758
-0.662
-0.75
-0.575
-0.67
-0.595
-0.529
-0.548
-0.493
-0.365
-0.521
-0.539
-0.802
-0.674
-0.704
-0.617
-0.599
-0.76
-0.757
-0.72
-0.578
-0.74
-0.675
-0.644
-0.576
-0.764
-0.416
-0.474
-0.382
-0.556
-0.503
-0.456
-0.52
-0.473
-0.478
-0.519
-0.505
-0.38
-0.642
-0.609
-0.653
-0.563
-0.471
-0.504
-0.466
-0.623
-0.636
-0.572
-0.533
-0.728
-0.527
-0.576
-0.547
-0.738
-0.576
-0.7
-0.637
-0.457
-0.541
-0.622
-0.49
-0.612
-0.42
-0.673
-0.681
-0.603
-0.5
-0.527
-0.473
-0.386
-0.512
-0.49
-0.475
-0.584
-0.559
-0.57
-0.622
-0.573
-0.434
-0.579
-0.467
-0.513
-0.683
-0.743
-0.579
-0.791
-0.724
-0.601
-0.667
-0.624
-0.672
-0.468
-0.569
-0.33
-0.774
-0.719
-0.581
-0.737
-0.399
-0.736
-0.429
-0.527
-0.57
-0.632
-0.748
-0.651
-0.546
-0.556
-0.51
-0.793
-0.623
-0.905
-0.712
-0.603
-0.589
-0.778
-0.581
-0.691
-0.648
-0.759
-0.969
-0.679
-0.741
-0.648
-0.653
-0.643
-0.612
-0.589
-0.572
-0.668
-0.543
-0.664
-0.43
-0.722
-0.785
-0.761
-0.649
-0.662
-0.662
-0.645
-0.685
-0.665
-0.881
-0.54
-0.571
-0.47
-0.475
-0.514
-0.619
-0.429
-0.506
-0.71
-0.458
-0.831
-0.69
-0.806
-0.667
-0.48
-0.591
-0.61
-0.656
-0.493
-0.631
-0.64
-0.773
-0.606
-0.602
-0.398
-0.642
-0.772
-0.616
-0.571
-0.479
-0.369
-0.465
-0.554
-0.65
-0.482
-0.592
-0.559
-0.524
-0.546
-0.533
-0.619
-0.457
-0.629
-0.391
-0.552
-0.529
-0.586
-0.702
-0.863
-0.526
-0.486
-0.524
-0.668
-0.679
-0.349
-0.476
-0.554
-0.603
-0.603
-0.676
-0.593
-0.748
-0.609
-0.767
-0.629
-0.651
-0.688
-0.606
-0.555
-0.679
-0.618
-0.735
-0.724
-0.775
-0.639
-0.659
-0.651
-0.894
-0.76
-0.676
-0.541
-0.58
-0.752
-0.83
-0.388
-0.688
-0.476
-0.657
-0.647
-0.744
-0.551
-0.45
-0.615
-0.679
-0.682
-0.723
-0.421
-0.517
-0.511
-0.691
-0.775
-0.517
-0.607
-0.82
-0.83
-0.608
-0.526
-0.452
-0.542
-0.828
-0.537
-0.513
-0.525
-0.406
-0.638
-0.604
-0.777
-0.799
-0.69
-0.601
-0.56
-0.618
-0.789
-0.703
-0.721
-0.768
-0.684
-0.548
-0.558
-0.482
-0.73
-0.812
-0.527
-0.637
-0.617
-0.599
-0.738
-0.749
-0.584
-0.902
-0.794
-0.643
-0.666
-0.625
-0.735
-0.707
-0.715
-0.637
-0.748
-0.648
-0.703
-0.472
-0.607
-0.714
-0.654
-0.618
-0.697
-0.82
-0.572
-0.709
-0.781
-0.638
-0.885
-0.79
-0.578
-0.605
-0.751
-0.637
-0.815
-0.766
-0.607
-0.776
-0.695
-0.521
-0.696
-0.881
-0.773
-0.78
-0.795
-0.79
-0.805
-0.863
-0.557
-0.67
-0.854
-0.929
-0.764
-0.714
-0.614
-0.85
-0.855
-0.799
-0.784
-0.631
-0.897
-0.84
-0.752
-0.531
-0.692
-0.615
-0.629
-0.932
-0.621
-0.714
-0.895
-0.675
-0.631
-0.56
-0.842
-0.771
-0.972
-0.93
-0.955
-1.093
-0.972
-0.932
-0.542
-0.602
-0.74
-0.832
-1.028
-0.797
-0.766
-0.862
-0.857
-0.642
-0.899
-0.855
-0.838
-0.808
-0.712
-0.739
-0.805
-0.874
-0.616
