-782.074
-876.549
-730.487
-749.279
-776.009
-714.036
-737.865
-753.469
-775.593
-733.394
-758.444
-809.554
-783.531
-744.531
-743.212
-813.792
-789.779
-765.924
-773.304
-766.304
-772.146
-833.341
-776.672
-761.697
-830.088
-796.178
-794.84
-789.972
-782.167
-821.123
-802.406
-797.149
-835.571
-773.082
-742.874
-799.187
-778.05
-823.521
-765.177
-808.832
-788.569
-793.489
-769.069
-797.687
-822.979
-777.094
-840.705
-790.946
-750.554
-773.856
-847.696
-771.543
-811.157
-822.671
-768.554
-765.143
-795.139
-842.152
-779.593
-777.645
-819.142
-875.977
-800.658
-845.08
-810.957
-784.452
-834.033
-794.349
-801.753
-818.57
-834.668
-804.735
-795.477
-762.387
-831.725
-879.821
-860.98
-830.892
-875.65
-877.64
-847.926
-851.557
-854.35
-893.059
-826.445
-857.146
-849.275
-851.529
-852.427
-823.599
-814.852
-811.982
-771.276
-775.334
-836.239
-795.589
-797.159
-803.663
-799.628
-774.578
-781.008
-856.489
-811.387
-873.48
-780.752
-824.548
-759.6
-718.505
-787.857
-823.489
-787.398
-777.955
-741.729
-736.31
-777.489
-757.806
-778.922
-787.736
-781.419
-799.36
-755.587
-792.201
-766.202
-750.354
-747.701
-756.372
-770.843
-783.678
-828.11
-747.293
-752.382
-794.914
-818.423
-804.247
-819.98
-787.362
-783.75
-866.51
-822.96
-779.185
-789.459
-802.231
-783.406
-820.713
-791.78
-798.466
-835.662
-788.329
-761.993
-824.659
-781.856
-823.267
-798.144
-744.831
-839.255
-812.873
-799.385
-841.066
-791.758
-825.573
-849.474
-796.213
-783.521
-794.615
-762.388
-777.544
-808.441
-800.25
-770.891
-811.269
-761.623
-816.076
-786.627
-784.652
-804.066
-838.444
-826.694
-796.938
-739.422
-782.8
-776.977
-768.536
-812.41
-804.96
-832.6
-814.122
-821.207
-788.737
-840.84
-806.245
-801.073
-841.526
-853.863
-798.825
-824.646
-811.308
-836.77
-770.265
-840.552
-814.464
-788.637
-829.107
-812.093
-828.341
-803.592
-792.027
-759.615
-776.943
-775.405
-849.102
-827.591
-834.347
-769.281
-790.434
-810.062
-785.597
-779.46
-751.165
-741.001
-765.747
-709.386
-723.67
-734.993
-753.058
-736.331
-770.487
-770.094
-733.085
-751.841
-762.384
-737.545
-745.169
-720.671
-754.408
-746.067
-761.736
-767.724
-749.063
-719.432
-732.748
-728.412
-740.242
-782.125
-746.086
-714.101
-685.994
-730.944
-724.137
-734.008
-734.398
-732.884
-696.433
-709.463
-675.788
-749.293
-702.076
-693.163
-746.403
-764.358
-694.66
-700.938
-773.482
-763.694
-804.249
-795.724
-786.988
-797.687
-833.242
-824.015
-786.676
-832.7
-779.263
-770.274
-831.404
-739.742
-750.16
-815.587
-785.355
-765.671
-712.15
-715.525
-803.653
-825.742
-799.051
-786.803
-836.171
-855.341
-814.122
-801.589
-799.455
-797.164
-792.072
-744.526
-767.773
-818.723
-750.779
-809.163
-814.616
-741.797
-852.099
-829.79
-816.437
-794.53
-862.529
-853.639
-827.158
-788.726
-789.507
-741.156
-785.008
-806.128
-787.232
-806.55
-805.635
-781.195
-797.634
-837.309
-834.21
-809.455
-842.089
-837.51
-798.193
-807.447
-764.766
-792.103
-815.928
-775.387
-729.904
-814.955
-762.598
-774.315
-816.789
-834.24
-806.8
-808.119
-817.751
-832.465
-851.36
-779.299
-807.615
-831.796
-805.543
-804.067
-867.777
-830.8
-770.869
-858.729
-858.912
-789.132
-813.1
-843.738
-806.827
-875.358
-831.638
-825.763
-835.912
-784.677
-799.026
-783.253
-830.297
-796.071
-781.632
-800.421
-765.626
-847.62
-879.23
-864.541
-822.018
-843.365
-802.83
-800.38
-791.879
-770.067
-832.205
-813.468
-808.635
-845.769
-882.408
-822.17
-784.077
-753.486
-775.933
-754.309
-768.109
-815.893
-808.841
-815.522
-753.29
-803.551
-822.575
-840.178
-845.114
-916.104
-900.146
-894.876
-837.204
-861.283
-873.133
-868.007
-876.325
-876.999
-902.257
-844.753
-871.461
-889.594
-855.366
-890.357
-828.664
-842.058
-898.496
-899.466
-870.162
-904.519
-853.242
-904.391
-864.464
-812.13
-892.264
-864.771
-826.006
-834.387
-820.888
-847.599
-875.367
-856.498
-858.046
-865.695
-861.353
-836.253
-901.121
-870.381
-866.817
-866.41
-893.621
-848.72
-864.996
-844.0
-844.639
-913.151
-890.066
-851.276
-895.217
-895.831
-876.013
-918.713
-941.787
-876.119
-892.144
-952.13
-893.578
-826.365
