-113.3
-106.22
-109.36
-114.9
-106.56
-110.0
-107.84
-112.08
-100.5
-104.95
-104.84
-109.75
-105.03
-112.28
-104.72
-103.12
-107.56
-113.28
-109.09
-111.62
-113.54
-114.92
-117.78
-107.3
-102.22
-107.19
-118.68
-109.4
-118.39
-108.86
-103.99
-105.34
-105.64
-113.28
-106.02
-114.85
-108.1
-114.08
-102.75
-101.85
-102.13
-100.73
-108.05
-103.2
-102.64
-115.18
-104.05
-101.62
-111.0
-108.95
-110.57
-108.41
-111.17
-114.43
-105.87
-101.14
-124.57
-115.58
-112.61
-113.27
-116.7
-114.97
-114.96
-109.87
-109.4
-112.58
-108.3
-115.17
-110.77
-105.75
-99.46
-113.27
-113.43
-118.72
-110.0
-111.71
-111.85
-110.51
-113.66
-117.52
-106.38
-103.43
-104.41
-103.81
-113.57
-107.55
-104.04
-105.54
-109.07
-109.99
-119.63
-116.86
-116.94
-102.09
-111.87
-109.31
-104.39
-108.38
-104.64
-108.1
-109.3
-115.13
-101.08
-110.7
-110.11
-109.8
-109.84
-109.51
-102.96
-104.75
-110.28
-108.15
-88.72
-89.52
-99.01
-101.35
-114.44
-108.88
-109.13
-110.41
-101.27
-102.77
-104.94
-111.49
-103.09
-109.12
-103.73
-113.59
-100.01
-111.94
-110.15
-107.57
-105.21
-101.75
-106.4
-99.04
-108.9
-98.27
-105.34
-102.24
-106.71
-101.62
-111.57
-92.03
-110.9
-108.15
-122.05
-118.69
-108.8
-110.17
-115.58
-105.92
-107.35
-100.14
-108.63
-98.09
-96.95
-106.23
-86.82
-94.92
-101.04
-100.94
-97.13
-103.99
-108.75
-106.9
-111.9
-111.09
-103.81
-98.56
-103.97
-103.86
-109.58
-96.62
-105.47
-116.03
-109.92
-109.73
-102.84
-114.71
-113.43
-113.39
-113.05
-110.97
-116.16
-120.03
-106.51
-116.51
-105.69
-108.08
-104.67
-109.37
-113.71
-106.55
-122.41
-118.31
-115.09
-103.29
-107.81
-111.87
-104.49
-112.87
-116.44
-114.45
-112.85
-111.24
-113.81
-115.15
-102.17
-116.07
-121.54
-110.29
-109.79
-122.47
-112.88
-105.83
-115.0
-121.71
-111.48
-103.04
-115.9
-124.82
-111.46
-124.71
-120.56
-110.68
-117.39
-117.46
-106.73
-112.44
-116.24
-112.45
-104.41
-115.28
-112.09
-125.89
-120.0
-111.35
-115.41
-123.74
-116.87
-120.2
-111.16
-116.27
-120.24
-113.35
-121.28
-106.18
-112.08
-118.18
-129.28
-117.51
-109.77
-102.37
-112.51
-121.51
-106.96
-112.37
-111.11
-120.42
-118.07
-117.67
-112.21
-117.01
-122.93
-117.37
-118.98
-118.41
-122.21
-119.35
-115.05
-105.92
-123.46
-122.93
-115.21
-128.05
-109.43
-116.59
-116.0
-107.55
-109.58
-105.62
-111.19
-112.92
-107.53
-113.99
-116.59
-116.73
-108.07
-114.63
-112.15
-108.61
-120.91
-114.18
-110.78
-111.22
-101.47
-94.23
-110.16
-114.47
-108.07
-113.44
-124.88
-115.07
-111.52
-107.43
-117.58
-113.99
-108.99
-115.59
-120.59
-113.68
-112.73
-118.48
-112.81
-107.35
-111.2
-114.69
-106.03
-113.03
-109.58
-93.43
-103.4
-114.89
-108.61
-98.28
-103.19
-107.76
-109.94
-106.21
-114.84
-107.98
-112.5
-113.29
-112.18
-104.33
-112.5
-106.9
-117.82
-113.12
-115.31
-111.0
-115.36
-106.71
-110.4
-112.33
-122.73
-123.65
-110.8
-102.17
-117.98
-115.62
-124.17
-115.56
-116.96
-121.75
-106.06
-100.63
-105.24
-111.85
-103.26
-120.23
-114.82
-114.17
-102.49
-108.46
-113.73
-113.55
-111.74
-104.27
-121.7
-112.12
-103.05
-104.12
-117.49
-118.77
-113.51
-115.4
-115.55
-115.71
-109.52
-112.77
-121.28
-113.92
-109.67
-113.52
-107.22
-110.73
-102.42
-114.35
-111.51
-110.7
-115.55
-111.81
-112.65
-109.44
-96.01
-120.75
-104.86
-114.81
-109.2
-126.46
-119.98
-114.91
-106.0
-108.3
-115.77
-114.95
-102.65
-111.47
-112.74
-107.63
-104.56
-106.36
-115.3
-109.61
-103.24
-109.59
-100.13
-106.99
-103.45
-110.84
-108.62
-112.15
-118.48
-106.78
-94.26
-99.71
-109.71
-111.97
-100.87
-114.9
-109.07
-109.41
-105.7
-109.65
-105.64
-101.39
-113.8
-114.0
-112.82
-105.71
-109.9
-114.4
-115.86
-116.97
-110.67
-117.69
-109.05
-104.45
-116.52
