-116.79
-115.0
-122.35
-111.58
-123.54
-121.84
-122.47
-128.51
-123.41
-126.42
-133.8
-121.98
-119.78
-130.04
-126.96
-120.37
-118.32
-121.88
-131.27
-125.33
-112.47
-121.59
-127.08
-116.89
-116.68
-122.76
-118.31
-102.25
-115.3
-122.67
-104.71
-105.88
-100.97
-106.84
-111.21
-113.74
-114.62
-112.92
-110.25
-126.39
-123.68
-121.61
-119.23
-121.27
-125.34
-130.04
-114.84
-119.59
-113.15
-105.17
-113.87
-121.53
-104.23
-122.51
-130.65
-125.01
-126.17
-119.4
-116.14
-124.12
-114.31
-110.09
-109.18
-99.54
-111.63
-108.93
-103.44
-111.1
-115.84
-126.15
-107.88
-118.26
-119.89
-111.28
-116.04
-98.47
-109.06
-123.32
-119.42
-118.41
-116.37
-114.26
-121.9
-116.73
-120.33
-114.98
-110.07
-114.38
-111.4
-113.67
-129.0
-117.34
-109.5
-109.55
-122.72
-114.22
-131.98
-118.57
-124.84
-102.59
-114.97
-114.87
-114.94
-111.49
-108.5
-115.03
-103.39
-108.04
-101.67
-95.57
-105.85
-113.15
-106.36
-107.47
-115.44
-102.2
-115.75
-102.64
-96.07
-102.14
-121.02
-99.85
-118.18
-106.95
-116.24
-122.88
-119.18
-123.8
-113.36
-109.47
-124.89
-131.83
-120.69
-110.47
-114.72
-122.97
-128.53
-115.57
-115.3
-121.3
-103.97
-120.05
-121.34
-120.02
-132.32
-122.15
-133.09
-127.35
-123.25
-127.88
