-0.344
-0.345
-0.496
-0.338
-0.449
-0.403
-0.4
-0.481
-0.506
-0.459
-0.338
-0.473
-0.559
-0.345
-0.512
-0.457
-0.604
-0.704
-0.592
-0.544
-0.495
-0.543
-0.496
-0.536
-0.511
-0.395
-0.321
-0.195
-0.435
-0.348
-0.402
-0.325
-0.496
-0.458
-0.42
-0.449
-0.397
-0.423
-0.478
-0.532
-0.469
-0.555
-0.573
-0.557
-0.584
-0.37
-0.367
-0.434
-0.591
-0.482
-0.436
-0.479
-0.566
-0.599
-0.402
-0.544
-0.619
-0.466
-0.443
-0.634
-0.653
-0.553
-0.569
-0.7
-0.502
-0.62
-0.53
-0.531
-0.616
-0.283
-0.411
-0.377
-0.385
-0.609
-0.498
-0.393
-0.449
-0.5
-0.377
-0.583
-0.621
-0.464
-0.563
-0.639
-0.599
-0.498
-0.468
-0.374
-0.451
-0.466
-0.516
-0.531
-0.575
-0.401
-0.599
-0.467
-0.359
-0.317
-0.371
-0.341
-0.228
-0.382
-0.395
-0.344
-0.335
-0.558
-0.604
-0.526
-0.397
-0.427
-0.438
-0.359
-0.35
-0.407
-0.334
-0.479
-0.496
-0.393
-0.26
-0.44
-0.346
-0.47
-0.326
-0.444
-0.536
-0.349
-0.298
-0.477
-0.227
-0.442
-0.281
-0.421
-0.411
-0.48
-0.286
-0.335
-0.505
-0.289
-0.303
-0.499
-0.423
-0.316
-0.383
-0.345
-0.259
-0.399
-0.619
-0.519
-0.575
-0.404
-0.301
-0.45
-0.493
-0.476
-0.494
-0.442
-0.342
-0.411
-0.365
-0.452
-0.336
-0.362
-0.485
-0.4
-0.562
-0.379
-0.343
-0.495
-0.448
-0.47
-0.384
-0.509
-0.553
-0.435
-0.255
-0.357
-0.48
-0.442
-0.469
-0.223
-0.166
-0.44
-0.386
-0.467
-0.396
-0.361
-0.523
-0.495
-0.38
-0.424
-0.515
-0.425
-0.529
-0.446
-0.62
-0.673
-0.365
-0.46
-0.383
-0.508
-0.54
-0.535
-0.601
-0.415
-0.538
-0.49
-0.488
-0.486
-0.475
-0.43
-0.531
-0.424
-0.423
-0.581
-0.546
-0.408
-0.548
-0.676
-0.572
-0.594
-0.536
-0.673
-0.558
-0.524
-0.462
-0.598
-0.548
-0.445
-0.351
-0.382
-0.442
-0.527
-0.615
-0.666
-0.533
-0.511
-0.546
-0.503
-0.56
-0.563
-0.569
-0.571
-0.623
-0.599
-0.508
-0.604
-0.365
-0.649
-0.483
-0.475
-0.761
-0.501
-0.659
-0.682
-0.546
-0.723
-0.507
-0.601
-0.572
-0.505
-0.512
-0.531
-0.451
-0.537
-0.453
-0.476
-0.354
-0.578
-0.493
-0.447
-0.443
-0.425
-0.291
-0.341
-0.307
-0.216
-0.385
-0.623
-0.532
-0.444
-0.325
-0.485
-0.446
-0.567
-0.502
-0.563
-0.435
-0.561
-0.57
-0.538
-0.592
-0.703
-0.348
-0.455
-0.366
-0.451
-0.502
-0.329
-0.566
-0.555
-0.555
-0.338
-0.41
-0.474
-0.465
-0.619
-0.445
-0.504
-0.389
-0.305
-0.581
-0.388
-0.394
-0.484
-0.438
-0.621
-0.563
-0.606
-0.668
-0.36
-0.374
-0.558
-0.645
-0.457
-0.481
-0.579
-0.384
-0.468
-0.483
-0.436
-0.426
-0.5
-0.379
-0.501
-0.439
-0.353
-0.571
-0.417
-0.507
-0.473
-0.651
-0.633
-0.684
-0.528
-0.578
-0.681
-0.47
-0.439
-0.533
-0.422
-0.476
-0.493
-0.604
-0.465
-0.389
-0.582
-0.537
-0.534
-0.37
-0.379
-0.535
-0.504
-0.416
-0.453
-0.492
-0.332
-0.349
-0.374
-0.384
-0.313
-0.499
-0.338
-0.467
-0.334
-0.458
-0.46
-0.52
-0.4
-0.408
-0.373
-0.307
-0.344
-0.405
-0.46
-0.516
-0.581
-0.33
-0.305
-0.318
-0.368
-0.321
-0.427
-0.415
-0.369
-0.352
-0.383
-0.467
-0.48
-0.522
-0.444
-0.35
-0.548
-0.38
-0.534
-0.535
-0.45
-0.512
-0.515
-0.274
-0.331
-0.313
-0.273
-0.32
-0.297
-0.357
-0.413
-0.398
-0.361
-0.366
-0.362
-0.43
-0.232
-0.349
-0.394
-0.354
-0.298
-0.312
-0.427
-0.318
-0.539
-0.299
-0.394
-0.25
-0.298
-0.459
-0.394
-0.373
-0.283
-0.315
-0.258
-0.348
-0.439
-0.212
-0.305
-0.315
-0.413
-0.464
-0.535
-0.454
-0.346
-0.524
