-682.485
-661.702
-661.44
-642.061
-644.095
-672.38
-630.032
-645.932
-647.069
-571.346
-665.683
-644.223
-645.623
-661.473
-649.349
-616.7
-669.106
-705.71
-684.499
-648.8
-642.321
-669.377
-692.061
-651.411
-664.662
-630.965
-678.129
-677.867
-687.518
-642.41
-602.004
-643.664
-614.513
-636.621
-664.686
-658.987
-626.262
-592.922
-642.694
-654.704
-615.068
-653.505
-605.457
-620.457
-670.488
-694.224
-620.506
-633.182
-661.115
-652.745
-649.097
-686.418
-669.434
-627.492
-623.213
-660.207
-666.8
-677.171
-670.428
-681.662
-678.152
-641.441
-637.036
-643.462
-653.263
-642.34
-656.32
-618.449
-681.823
-657.191
-604.906
-645.632
-637.548
-642.162
-656.703
-670.524
-661.15
-651.194
-588.324
-675.283
-649.46
-624.247
-632.922
-599.239
-639.884
-638.369
-659.621
-643.934
-666.92
-702.385
-693.715
-662.087
-700.914
-692.844
-687.812
-683.067
-616.368
-583.181
-581.668
-574.646
-561.09
-629.89
-571.683
-604.488
-676.449
-613.924
-677.826
-575.81
-599.815
-592.682
-598.306
-568.982
-546.431
-593.18
-571.216
-673.014
-577.462
-611.45
-613.733
-622.969
-615.387
-640.467
-606.386
-583.168
-617.235
-566.948
-575.141
-609.066
-637.437
-622.469
-583.314
-619.726
-608.896
-602.265
-628.291
-557.749
-654.543
-614.647
-628.412
-608.999
-683.22
-604.554
-624.212
-672.534
-602.392
-640.245
-704.865
-710.824
-658.155
-659.655
-650.893
-639.62
-634.671
-645.383
-602.773
-589.732
-614.048
-592.672
-583.04
-566.341
-616.038
-620.839
-637.509
-609.144
-635.116
-558.594
-619.907
-613.706
-627.12
-646.425
-603.11
-588.818
-628.916
-592.132
-634.238
-643.807
-671.153
-710.17
-619.98
-661.154
-674.881
-759.479
-768.24
-659.026
-688.348
-649.594
-670.607
-652.57
-611.738
-655.233
-620.321
-632.401
-674.233
-674.906
-661.159
-655.048
-663.283
-673.967
-664.983
-723.149
-660.743
-710.817
-669.662
-710.404
-716.443
-718.66
-693.305
-687.81
-690.779
-680.525
-703.015
-718.382
-686.042
-706.639
-691.042
-674.536
-654.707
-669.21
-662.246
-656.303
-680.401
-763.609
-683.522
-737.073
-686.907
-666.847
-689.953
-669.676
-685.362
-661.193
-649.297
-709.154
-714.692
-708.528
-697.895
-668.998
-681.094
-735.129
-723.724
-714.652
-751.9
-729.358
-748.594
-717.196
-715.3
-701.87
-734.568
-746.526
-678.069
-675.187
-722.819
-679.989
-638.352
-674.182
-668.285
-659.565
-679.218
-690.722
-679.635
-664.206
-700.276
-729.938
-670.527
-655.322
-687.835
-688.031
-660.304
-698.86
-655.32
-638.133
-642.726
-703.037
-699.013
-691.532
-676.872
-679.566
-692.579
-680.559
-640.903
-628.334
-627.98
-637.268
-589.756
-624.347
-666.027
-672.258
-653.871
-643.574
-647.371
-708.459
-670.621
-675.032
-643.752
-725.091
-686.871
-678.457
-691.143
-680.564
-746.701
-704.183
-702.387
-704.825
-689.544
-700.987
-680.081
-657.71
-724.263
-654.885
-655.874
-672.281
-650.609
-631.058
-549.955
-672.134
-687.892
-711.655
-670.131
-692.595
-691.517
-663.695
-685.37
-647.717
-702.503
-630.199
-697.355
-659.364
-652.962
-664.374
-620.444
-603.617
-679.462
-702.988
-662.814
-694.846
-666.281
-678.489
-682.899
-625.618
-641.995
-663.08
-702.195
-681.512
-691.044
-697.473
-669.42
-694.13
-717.05
-727.363
-696.731
-673.921
-707.456
-700.147
-718.2
-664.812
-708.921
-703.183
-671.337
-684.211
-672.973
-657.126
-673.485
-670.511
-668.249
-661.548
-661.394
-725.018
-671.393
-694.894
-693.244
-672.215
-750.84
-637.449
-666.96
-658.57
-698.066
-654.82
-639.158
-666.776
-696.245
-687.773
-680.625
-685.626
-700.168
-669.271
-705.194
-650.062
-644.751
-701.451
-706.306
-628.444
-670.256
-644.403
-668.157
-640.452
-707.296
-689.111
-731.741
-721.394
-702.734
-703.047
-673.55
-731.481
-714.054
-693.893
-719.527
-709.635
-702.635
-711.908
-698.45
-689.023
-665.981
-641.743
-654.289
-618.316
-644.077
-635.795
-646.567
-618.033
-597.583
-584.317
-617.858
-593.115
-656.15
-642.561
-634.902
-634.776
-596.847
-645.445
-639.953
-658.074
-657.651
-645.038
-628.172
-675.314
-601.718
-597.431
-629.927
-607.226
-650.199
-621.664
-692.316
-628.53
-617.113
-615.328
-593.355
-609.264
-627.456
-658.529
-636.818
-606.386
-705.708
