-768.052
-757.226
-783.61
-735.569
-733.114
-730.706
-805.675
-768.52
-752.062
-798.379
-776.306
-728.688
-754.823
-747.648
-784.224
-747.161
-727.094
-756.966
-767.892
-799.165
-817.56
-735.703
-745.911
-775.562
-745.541
-757.401
-722.039
-750.345
-723.91
-711.724
-725.25
-733.477
-745.111
-663.206
-771.4
-763.968
-774.021
-710.286
-778.301
-729.276
-715.532
-758.99
-730.308
-751.008
-721.059
-710.345
-757.873
-707.875
-691.027
-709.213
-744.13
-694.945
-756.06
-789.293
-746.192
-707.52
-741.028
-688.523
-686.26
-760.664
-690.907
-693.268
-707.117
-705.842
-664.438
-680.954
-746.863
-730.926
-652.684
-706.399
-720.668
-778.202
-788.182
-778.924
-752.617
-719.068
-671.265
-712.523
-660.312
-733.818
-664.09
-668.788
-645.991
-651.756
-655.546
-662.879
-688.451
-692.074
-721.376
-674.317
-730.332
-636.405
-670.907
-696.778
-704.198
-648.995
-691.098
-662.587
-716.381
-685.575
-715.938
-766.049
-709.188
-698.031
-728.464
-661.207
-683.388
-716.494
-675.848
-720.881
-651.746
-691.755
-704.921
-699.0
-701.328
-656.788
-664.349
-707.328
-652.42
-695.827
-644.722
-614.791
-678.314
-696.579
-696.273
-677.984
-673.19
-661.052
-673.706
-643.364
-697.298
-693.514
-661.338
-666.155
-682.145
-682.65
-693.874
-700.193
-685.901
-660.539
-711.325
-719.588
-629.966
-669.405
-665.877
-612.722
-683.376
-685.871
-636.054
-695.774
-616.807
-611.25
-624.298
-652.525
-669.13
-643.478
-688.992
-678.809
-622.259
-683.046
-693.515
-631.143
-693.329
-690.069
-708.495
-720.671
-687.519
-670.482
-695.505
-632.832
-700.038
-642.065
-714.253
-755.256
-690.06
-776.607
-731.533
-672.083
-695.136
-666.324
-713.004
-710.334
-702.635
-716.903
-715.545
-719.786
-720.448
-692.254
-730.361
-673.717
-690.154
-688.043
-688.47
-677.557
-667.828
-711.208
-690.466
-721.82
-727.479
-761.634
-746.331
-761.933
-712.704
-691.945
-726.477
-683.441
-718.349
-684.066
-666.565
-639.316
-745.941
-708.571
-662.538
-697.423
-717.544
-698.023
-712.997
-730.381
-734.898
-735.225
-760.264
-786.923
-754.843
-701.423
-718.94
-749.916
-771.103
-809.029
-772.088
-682.196
-745.981
-736.306
-721.928
-719.245
-754.331
-750.437
-740.257
-726.139
-684.443
-705.557
-775.383
-694.934
-695.856
-672.62
-678.131
-704.555
-722.556
-638.453
-657.096
-675.609
-703.275
-659.671
-680.369
-672.183
-674.552
-660.613
-666.958
-691.335
-705.987
-673.678
-711.064
-691.76
-664.766
-701.164
-641.27
-649.538
-701.513
-681.052
-664.975
-718.973
-672.847
-710.411
-745.33
-728.036
-747.606
-721.521
-800.078
-725.448
-729.008
-743.347
-694.919
-749.343
-706.797
-758.941
-691.794
-746.472
-762.507
-792.4
-764.788
-769.512
-769.028
-736.544
-634.691
-642.151
-691.198
-706.067
-743.499
-754.39
-704.622
-688.868
-755.39
-723.926
-726.547
-717.878
-758.042
-748.286
-765.401
-762.797
-771.837
-778.493
-756.274
-741.329
-766.956
-787.279
-684.842
-715.717
-651.73
-753.785
-696.29
-697.774
-688.983
-769.87
-765.056
-708.585
-732.001
-717.424
-700.776
-710.218
-744.128
-700.52
-716.561
-744.601
-775.452
-683.947
-721.847
-683.944
-695.772
-694.63
-672.95
-703.884
-704.187
-699.399
-712.328
-670.763
-634.676
-649.914
-687.092
-656.69
-688.083
-677.906
-719.142
-721.371
-676.578
-681.978
-743.852
-739.083
-716.384
-763.242
-718.144
-730.17
-717.425
-816.152
-729.862
-726.109
-714.7
-737.735
-759.279
-778.425
-805.341
-743.646
-730.664
-704.785
-741.025
-737.966
-713.429
-777.401
-784.234
-750.54
-750.507
-765.187
-687.712
-767.524
-730.097
-700.396
-734.129
-711.36
-721.607
-732.01
-742.963
-727.43
-742.704
-757.594
-712.193
-757.26
-728.633
-778.033
-769.771
-733.219
-690.033
-728.898
-764.254
-724.592
-733.618
-722.758
-747.889
-772.62
-640.635
-677.244
-716.65
-704.538
-717.507
-694.543
-724.813
-671.454
-662.635
-691.851
-697.19
-655.385
-660.399
-722.452
-651.561
-690.752
-683.883
-682.751
-667.272
-691.99
-658.031
-686.189
-676.708
-674.921
-733.152
-659.139
-694.953
-644.288
-643.956
-739.092
-659.107
-669.916
-650.502
-674.157
-719.826
-694.193
-730.14
-636.14
-637.482
-680.204
-666.643
-633.075
-650.853
-669.186
-650.791
