-0.75
-0.751
-0.742
-0.637
-0.795
-0.554
-0.596
-0.397
-0.558
-0.487
-0.652
-0.509
-0.586
-0.584
-0.614
-0.519
-0.572
-0.665
-0.576
-0.477
-0.525
-0.695
-0.563
-0.58
-0.56
-0.523
-0.652
-0.613
-0.493
-0.676
-0.482
-0.71
-0.501
-0.564
-0.571
-0.501
-0.693
-0.383
-0.423
-0.506
-0.4
-0.371
-0.347
-0.415
-0.292
-0.252
-0.258
-0.441
-0.269
-0.421
-0.439
-0.441
-0.4
-0.398
-0.46
-0.355
-0.393
-0.295
-0.294
-0.316
-0.48
-0.384
-0.357
-0.522
-0.363
-0.243
-0.416
-0.402
-0.41
-0.347
-0.329
-0.471
-0.601
-0.471
-0.585
-0.481
-0.322
-0.471
-0.355
-0.526
-0.416
-0.566
-0.313
-0.48
-0.333
-0.346
-0.402
-0.374
-0.319
-0.25
-0.243
-0.393
-0.368
-0.449
-0.261
-0.428
-0.42
-0.416
-0.518
-0.431
-0.442
-0.562
-0.455
-0.481
-0.43
-0.376
-0.338
-0.435
-0.293
-0.531
-0.497
-0.459
-0.577
-0.474
-0.418
-0.491
-0.542
-0.416
-0.427
-0.558
-0.585
-0.407
-0.54
-0.478
-0.591
-0.526
-0.539
-0.409
-0.509
-0.275
-0.47
-0.586
-0.391
-0.253
-0.424
-0.23
-0.348
-0.334
-0.395
-0.434
-0.351
-0.508
-0.33
-0.33
-0.462
-0.399
-0.345
-0.447
-0.394
-0.594
-0.467
-0.474
-0.376
-0.406
-0.493
-0.447
-0.499
-0.55
-0.513
-0.522
-0.59
-0.438
-0.464
-0.49
-0.418
-0.536
-0.368
-0.445
-0.632
-0.45
-0.515
-0.477
-0.596
-0.473
-0.43
-0.607
-0.503
-0.541
-0.548
-0.603
-0.389
-0.415
-0.471
-0.405
-0.511
-0.608
-0.684
-0.504
-0.65
-0.586
-0.707
-0.537
-0.559
-0.579
-0.593
-0.522
-0.404
-0.473
-0.667
-0.54
-0.579
-0.595
-0.65
-0.47
-0.36
-0.411
-0.392
-0.398
-0.429
-0.486
-0.513
-0.447
-0.387
-0.429
-0.527
-0.455
-0.416
-0.445
-0.294
-0.413
-0.41
-0.386
-0.351
-0.385
-0.372
-0.285
-0.395
-0.332
-0.404
-0.324
-0.419
-0.526
-0.44
-0.443
-0.496
-0.525
-0.422
-0.543
-0.432
-0.399
-0.304
-0.249
-0.503
-0.359
-0.318
-0.234
-0.384
-0.379
-0.306
-0.355
-0.197
-0.425
-0.31
-0.444
-0.466
-0.539
-0.46
-0.476
-0.327
-0.398
-0.335
-0.52
-0.403
-0.456
-0.517
-0.473
-0.382
-0.328
-0.409
-0.526
-0.435
-0.333
-0.321
-0.45
-0.472
-0.467
-0.601
-0.653
-0.523
-0.562
-0.551
-0.567
-0.45
-0.601
-0.531
-0.447
-0.583
-0.451
-0.441
-0.641
-0.519
-0.536
-0.332
-0.55
-0.563
-0.44
-0.552
-0.665
-0.574
-0.684
-0.496
-0.458
-0.457
-0.477
-0.574
-0.552
-0.436
-0.584
-0.298
-0.656
-0.406
-0.362
-0.591
-0.678
-0.578
-0.406
-0.429
-0.498
-0.571
-0.452
-0.623
-0.578
-0.444
-0.449
-0.603
-0.596
-0.616
-0.636
-0.503
-0.701
-0.724
-0.606
-0.777
-0.652
-0.614
-0.542
-0.62
-0.509
-0.69
-0.634
-0.619
-0.757
-0.666
-0.526
-0.505
-0.621
-0.566
-0.579
-0.511
-0.433
-0.463
-0.563
-0.427
-0.474
-0.721
-0.578
-0.644
-0.534
-0.563
-0.539
-0.617
-0.705
-0.499
-0.659
-0.409
-0.407
-0.53
-0.535
-0.49
-0.605
-0.377
-0.535
-0.406
-0.519
-0.427
-0.431
-0.38
-0.563
-0.48
-0.504
-0.626
-0.391
-0.585
-0.616
-0.489
-0.618
-0.453
-0.363
-0.573
-0.388
-0.428
-0.502
-0.608
-0.512
-0.675
-0.566
-0.532
-0.57
-0.384
-0.649
-0.361
-0.494
-0.539
-0.613
-0.64
-0.472
-0.518
-0.679
-0.481
-0.49
-0.384
-0.388
-0.599
-0.451
-0.392
-0.285
-0.409
-0.519
-0.472
-0.51
-0.418
-0.39
-0.423
-0.588
-0.592
-0.589
-0.382
-0.343
-0.422
-0.522
-0.537
-0.383
-0.582
-0.717
-0.609
-0.435
-0.529
-0.638
-0.671
-0.566
-0.613
-0.601
-0.521
-0.376
-0.441
-0.717
-0.569
-0.597
-0.387
-0.53
-0.592
