-119.31
-109.49
-126.47
-139.12
-124.33
-132.37
-132.41
-119.29
-118.37
-130.76
-117.51
-117.28
-128.32
-122.88
-127.12
-117.14
-123.9
-117.78
-117.33
-121.99
-126.73
-148.58
-142.7
-134.98
-115.65
-109.34
-106.54
-115.42
-105.38
-116.79
-110.13
-116.52
-105.71
-98.96
-102.86
-105.63
-107.92
-115.93
-127.83
-123.39
-127.32
-101.01
-109.71
-112.35
-111.25
-110.48
-109.72
-91.95
-114.33
-106.31
-123.5
-109.87
-107.24
-104.0
-113.49
-105.58
-106.23
-106.08
-102.83
-113.11
-102.44
-103.03
-112.21
-96.33
-111.59
-107.29
-108.47
-112.7
-98.13
-107.28
-100.45
-100.07
-108.87
-116.09
-109.52
-97.17
-110.5
-102.7
-109.88
-100.81
-103.84
-99.4
-97.37
-106.35
-100.78
-106.25
-105.22
-100.37
-91.72
-103.79
-98.3
-111.69
-94.62
-109.5
-105.27
-91.22
-100.09
-102.85
-98.19
-99.57
-98.24
-90.1
-95.98
-102.51
-92.42
-101.2
-111.48
-113.8
-98.23
-112.89
-106.78
-99.67
-114.38
-120.58
-111.18
-116.94
-112.58
-96.56
-110.4
-101.3
-107.5
-113.35
-114.07
-133.16
-121.99
-127.76
-115.41
-104.66
-103.35
-113.46
-109.65
-113.1
-120.63
-117.92
-101.44
-117.55
-107.52
-96.24
-121.88
-115.37
-121.43
-120.6
-112.94
-112.51
-94.69
-110.06
-113.32
-118.34
-116.18
-120.62
