-126.09
-125.4
-124.33
-113.39
-125.81
-112.31
-117.61
-120.92
-128.03
-121.12
-116.94
-118.19
-117.77
-111.86
-105.01
-115.25
-114.29
-113.09
-119.4
-107.13
-128.58
-113.57
-114.31
-112.84
-109.18
-113.64
-109.28
-116.21
-116.1
-108.88
-122.37
-118.9
-122.36
-116.57
-118.53
-125.4
-113.6
-112.85
-120.18
-115.85
-118.39
-111.08
-116.19
-117.07
-107.43
-105.28
-117.28
-120.56
-119.65
-112.74
-111.76
-105.49
-113.81
-124.38
-115.44
-123.41
-119.85
-113.3
-110.76
-116.17
-108.37
-111.31
-109.65
-121.66
-113.87
-113.61
-116.72
-105.85
-103.39
-115.17
-99.16
-121.38
-118.49
-111.28
-102.93
-109.71
-109.7
-110.64
-103.41
-107.12
-105.64
-108.64
-89.6
-106.07
-102.16
-102.25
-108.13
-104.64
-106.86
-112.26
-120.67
-100.06
-115.77
-109.57
-105.51
-104.12
-109.0
-96.31
-114.84
-109.7
-122.76
-116.79
-112.05
-115.3
-112.67
-109.9
-103.84
-110.84
-110.96
-115.12
-101.88
-102.8
-108.67
-85.84
-103.32
-88.73
-105.27
-97.17
-94.27
-108.4
-95.24
-95.2
-99.44
-108.28
-111.92
-100.79
-108.53
-105.72
-104.35
-107.7
-103.19
-96.53
-103.91
-105.3
-97.94
-98.75
-102.01
-100.7
-93.96
-92.43
-103.34
-100.32
-89.7
-104.65
-99.03
-98.53
-97.64
-97.41
-94.27
-100.04
-100.72
-94.86
-92.82
-97.48
-95.38
-96.98
-101.16
-101.61
-102.05
-109.49
-101.77
-94.1
-102.91
-104.78
-104.2
-108.43
-99.77
-102.4
-103.06
-100.5
-103.44
-111.81
-105.98
-108.73
-113.41
-116.34
-102.6
-106.36
-103.97
-112.89
-107.81
-105.43
-114.1
-105.82
-100.07
-110.05
-106.9
-86.91
-114.11
-103.23
-100.94
-99.77
-109.53
-108.96
-104.73
-106.82
-99.9
-113.25
-117.43
-120.9
-112.25
-116.77
-110.72
-97.49
-98.75
-92.3
-98.22
-93.4
-83.71
-106.66
-111.91
-102.54
-116.15
-110.53
-111.29
-115.53
-107.24
-108.17
-102.81
-98.13
-111.37
-115.36
-113.23
-121.0
-117.39
-118.34
-117.52
-109.46
-113.54
-107.64
-107.5
-118.17
-117.81
-104.73
-106.09
-100.37
-116.99
-113.2
-120.1
-119.49
-111.39
-104.68
-114.64
-108.65
-112.65
-94.54
-107.64
-105.31
-109.97
-98.67
-105.68
-105.74
-112.71
-109.41
-104.73
-101.38
-102.71
-104.37
-94.51
-110.59
-109.74
-105.35
-107.62
-104.98
-110.01
-98.44
-96.24
-102.61
-114.68
-117.47
-100.37
-106.99
-115.26
-109.22
-112.64
-114.05
-121.37
-110.98
-110.14
-109.67
-113.84
-108.71
-110.18
-110.4
-109.71
-106.6
-114.59
-119.22
-117.79
-109.29
-112.83
-112.73
-92.91
-103.82
-109.43
-101.18
-109.03
-112.63
-112.86
-113.97
-120.79
-111.23
-107.59
-111.66
-119.67
-106.54
-113.95
-118.65
-108.78
-111.35
-125.58
-115.03
-110.0
-112.74
-111.27
-116.52
-97.29
-101.82
-108.9
-112.28
-112.39
-104.89
-111.27
-112.57
-120.35
-115.01
-109.32
-118.25
-118.75
-107.03
-115.12
-117.59
-109.97
-104.23
-105.44
-118.74
-106.34
-118.34
-112.64
-118.29
-111.91
-111.96
-107.48
-104.54
-107.86
-107.73
-115.71
-103.12
-112.48
-117.03
-116.59
-120.54
-115.62
-120.7
-119.81
-121.52
-118.46
-113.65
-124.12
-111.22
-117.49
-122.68
-123.14
-122.37
-126.9
-121.69
-122.62
-124.36
-129.51
-123.2
-117.49
-121.97
-124.78
-102.65
-121.16
-120.7
-104.41
-116.35
-123.79
-125.68
-114.61
-116.78
-124.01
-112.59
-115.7
-106.5
-103.53
-109.51
-111.27
-107.45
-124.91
-109.9
-113.56
-114.78
-109.86
-117.16
-108.3
-121.88
-96.31
-103.52
-119.44
-113.08
-116.56
-105.31
-110.84
-95.8
-95.92
-110.61
-113.64
-112.35
-107.54
-114.65
-112.35
-101.77
-99.12
-113.78
-103.23
-99.74
-101.09
-103.63
-108.24
-114.98
-98.55
-112.56
-110.62
-111.28
-110.57
-114.35
-108.01
-107.7
-109.8
-101.19
-102.46
-105.16
-103.89
-112.26
-105.39
-112.15
-118.48
-105.07
-102.46
-124.67
-108.39
-108.28
-99.39
-111.0
-114.28
-105.23
-104.26
-89.63
-102.3
