-0.469
-0.998
-0.731
-0.692
-0.838
-0.787
-0.708
-0.56
-0.665
-0.673
-0.711
-0.79
-0.802
-0.785
-0.832
-0.793
-0.684
-0.993
-0.775
-0.629
-0.693
-0.647
-0.711
-0.829
-0.796
-0.658
-0.791
-0.833
-0.761
-0.632
-0.706
-0.767
-0.729
-0.745
-0.683
-0.799
-0.625
-0.637
-0.813
-0.653
-0.641
-0.672
-0.702
-0.744
-0.752
-0.535
-0.784
-0.794
-0.787
-0.809
-0.631
-0.603
-0.553
-0.666
-0.601
-0.662
-0.699
-0.655
-0.819
-0.66
-0.588
-0.499
-0.68
-0.626
-0.835
-0.758
-0.625
-0.71
-0.759
-0.859
-0.763
-0.707
-0.674
-0.835
-0.815
-0.843
-0.697
-0.643
-0.623
-0.628
-0.771
-0.502
-0.935
-0.726
-0.628
-0.644
-0.661
-0.554
-0.636
-0.754
-0.729
-0.653
-0.666
-0.541
-0.84
-0.614
-0.648
-0.781
-0.755
-0.564
-0.691
-0.89
-0.891
-0.669
-0.699
-0.796
-0.868
-0.707
-0.741
-0.85
-0.671
-0.731
-0.874
-0.703
-0.809
-0.6
-0.611
-0.72
-0.589
-0.913
-0.85
-0.621
-0.64
-0.695
-0.739
-0.759
-0.712
-0.752
-0.853
-0.76
-0.611
-0.857
-0.655
-0.694
-0.73
-0.564
-0.667
-0.732
-0.642
-0.929
-0.798
-0.782
-0.771
-0.704
-0.684
-0.774
-0.726
-0.687
-0.673
-0.81
-0.802
-0.613
-0.7
-0.752
-0.738
-0.63
-0.764
-0.807
-0.834
-0.663
-0.808
-0.538
-0.839
-0.723
-0.825
-0.754
-0.78
-0.912
-0.827
-0.788
-0.76
-0.669
-0.731
-0.788
-0.75
-0.875
-0.913
-0.813
-0.767
-0.744
-0.791
-0.76
-0.739
-0.891
-0.891
-0.641
-0.628
-0.723
-0.629
-0.846
-0.643
-0.634
-0.752
-0.777
-0.663
-0.674
-0.617
-0.604
-0.768
-0.781
-0.772
-0.533
-0.462
-0.695
-0.682
-0.651
-0.792
-0.489
-0.75
-0.621
-0.549
-0.55
-0.582
-0.686
-0.672
-0.661
-0.711
-0.718
-0.736
-0.698
-1.007
-0.907
-0.81
-0.622
-0.758
-0.647
-0.587
-0.63
-0.787
-0.778
-0.736
-0.942
-0.783
-0.754
-0.704
-0.586
-0.518
-0.668
-0.734
-0.712
-0.718
-0.592
-0.893
-0.568
-0.712
-0.605
-0.642
-0.632
-0.555
-0.506
-0.601
-0.868
-0.754
-0.666
-0.808
-0.636
-0.765
-0.803
-0.545
-0.83
-0.655
-0.48
-0.547
-0.631
-0.598
-0.61
-0.633
-0.615
-0.597
-0.654
-0.578
-0.495
-0.413
-0.538
-0.627
-0.673
-0.623
-0.409
-0.526
-0.39
-0.401
-0.566
-0.371
-0.591
-0.667
-0.68
-0.675
-0.54
-0.641
-0.62
-0.633
-0.689
-0.81
-0.831
-0.434
-0.533
-0.527
-0.556
-0.554
-0.51
-0.763
-0.613
-0.649
-0.517
-0.686
-0.569
-0.648
-0.648
-0.608
-0.372
-0.622
-0.575
-0.514
-0.379
-0.642
-0.64
-0.564
-0.763
-0.665
-0.699
-0.566
-0.511
-0.738
-0.615
-0.63
-0.76
-0.699
-0.657
-0.692
-0.796
-0.71
-0.847
-0.751
-0.847
-0.56
-0.708
-0.904
-0.678
-0.62
-0.717
-0.684
-0.76
-0.582
-0.409
-0.871
-0.709
-0.758
-0.566
-0.687
-0.659
-0.671
-0.683
-0.812
-0.77
-0.747
-0.763
-0.84
-0.616
-0.82
-0.591
-0.577
-0.461
-0.636
-0.612
-0.576
-0.709
-0.424
-0.774
-0.65
-0.783
-0.711
-0.662
-0.663
-0.601
-0.714
-0.741
-0.77
-0.861
-0.679
-0.649
-0.905
-0.511
-0.567
-0.5
-0.548
-0.728
-0.686
-0.852
-0.647
-0.614
-0.799
-0.789
-0.762
-0.614
-0.698
-0.796
-0.775
-0.743
-0.569
-0.749
-0.662
-0.485
-0.578
-0.66
-0.553
-0.491
-0.518
-0.673
-0.838
-0.614
-0.596
-0.725
-0.781
-0.691
-0.858
-0.892
-0.673
-0.685
-0.583
-0.512
-0.557
-0.794
-0.646
-0.682
-0.531
-0.557
-0.579
-0.626
-0.672
-0.564
-0.576
-0.881
-0.745
-0.735
-0.741
-0.584
-0.483
-0.768
-0.645
-0.729
-0.632
-0.734
-0.702
-0.536
-0.511
-0.612
-0.517
-0.715
-0.509
-0.688
-0.589
