-107.17
-108.3
-111.7
-109.06
-120.06
-112.25
-106.94
-112.36
-108.69
-107.79
-109.34
-115.64
-120.82
-118.82
-117.92
-117.17
-115.82
-117.81
-119.59
-115.89
-122.99
-117.93
-113.03
-119.86
-112.97
-105.49
-112.88
-117.7
-107.13
-117.86
-114.27
-123.19
-117.98
-126.37
-120.71
-118.57
-114.07
-118.45
-102.31
-118.41
-108.55
-112.63
-111.22
-125.59
-126.38
-122.81
-121.78
-119.37
-108.12
-114.94
-115.62
-112.68
-124.38
-124.13
-110.06
-114.9
-116.24
-118.63
-116.11
-103.81
-112.18
-112.62
-104.16
-112.56
-108.63
-107.35
-111.2
-118.64
-131.2
-124.08
-109.1
-121.62
-121.28
-108.25
-116.13
-109.69
-96.87
-122.35
-108.27
-106.24
-109.43
-117.21
-124.33
-113.51
-111.38
-110.22
-101.59
-108.97
-115.07
-105.21
-107.38
-115.17
-104.23
-111.78
-103.02
-113.09
-115.67
-108.95
-114.73
-114.5
-119.75
-119.65
-114.92
-111.26
-123.95
-119.57
-115.78
-114.07
-118.15
-109.67
-113.57
-106.19
-118.21
-100.63
-116.11
-112.34
-117.3
-119.1
-113.37
-110.65
-113.44
-113.65
-117.8
-114.3
-111.91
-112.46
-105.15
-86.46
-109.84
-109.53
-107.45
-112.87
-110.89
-117.33
-120.5
-114.91
-106.56
-118.6
-110.66
-117.04
-122.92
-106.74
-108.21
-120.85
-111.7
-113.76
-109.89
-104.05
-111.91
-115.12
-115.38
-116.01
-121.98
-124.02
-105.28
-118.52
-110.25
-104.81
-121.93
-119.59
-127.63
-118.02
-124.97
-124.61
-118.12
-119.65
-116.05
-110.35
-109.73
-109.09
-116.39
-104.03
-98.83
-115.44
-116.89
-112.58
-106.79
-108.06
-113.27
-113.45
-113.1
-103.93
-115.28
-111.77
-115.11
-106.69
-101.5
-84.88
-100.25
-106.11
-114.2
-113.25
-106.2
-102.02
-106.84
-95.35
-105.02
-107.07
-104.67
-104.23
-105.83
-109.42
-114.19
-115.18
-107.57
-110.76
-120.56
-115.49
-109.26
-111.64
-104.79
-119.42
-109.8
-117.82
-110.87
-112.27
-111.27
-104.66
-108.56
-105.28
-114.75
-103.76
-111.57
-107.11
-96.82
-107.16
-110.28
-107.63
-111.18
-111.15
-105.49
-109.79
-100.04
-116.2
-109.09
-115.32
-119.64
-119.41
-103.85
-109.95
-102.73
-118.57
-117.03
-114.62
-107.07
-121.31
-102.52
-105.63
-110.43
-112.66
-108.63
-111.64
-115.33
-111.04
-106.68
-115.24
-118.4
-120.23
-104.78
-112.13
-116.65
-114.07
-115.26
-113.51
-112.6
-117.17
-110.54
-113.24
-104.27
-106.86
-115.31
-109.77
-107.98
-114.08
-107.11
-118.21
-122.64
-122.65
-110.58
-114.39
-110.7
-108.68
-106.62
-118.43
-112.48
-114.13
-114.23
-113.86
-106.49
-109.63
-113.82
-115.01
-120.66
-119.57
-114.35
-118.96
-107.02
-111.3
-111.33
-113.28
-114.19
-120.73
-112.71
-103.04
-120.19
-108.56
-119.92
-107.52
-107.86
-105.98
-112.54
-97.1
-105.14
-104.89
-114.79
-114.04
-118.22
-112.13
-107.52
-114.64
-113.6
-114.41
-109.59
-115.97
-116.88
-109.23
-103.91
-103.9
-105.01
-103.58
-110.45
-105.63
-111.02
-106.56
-116.85
-99.79
-109.14
-116.4
-113.83
-109.84
-123.2
-110.78
-117.03
-108.83
-113.96
-113.16
-118.24
-117.53
-115.18
-114.62
-109.84
-104.39
-107.82
-104.75
-109.12
-113.61
-106.33
-110.51
-113.46
-105.61
-111.23
-118.3
-115.43
-120.3
-104.58
-105.52
-113.27
-116.9
-112.67
-106.85
-110.88
-116.62
-113.1
-118.22
-120.73
-105.43
-110.44
-112.78
-115.54
-108.26
-111.6
-117.01
-104.42
-115.6
-117.92
-106.02
-114.47
-108.18
-116.47
-106.3
-102.86
-110.06
-122.4
-120.05
-115.16
-111.84
-102.69
-109.46
-113.44
-110.83
-108.49
-106.58
-113.67
-114.65
-113.37
-107.88
-105.71
-118.93
-119.15
-121.34
-119.68
-103.77
-104.02
-104.2
-111.98
-117.97
-112.36
-116.2
-112.44
-106.33
-104.97
-112.86
-106.21
-115.85
-119.59
-121.25
-114.05
-114.61
-112.73
-107.51
-113.89
-121.11
-111.17
-111.4
-105.58
-110.9
-109.61
-118.36
-117.46
-120.28
-101.15
-120.34
-116.08
-122.34
-110.8
-122.64
-124.83
-114.3
-115.04
-114.99
-125.41
