-705.614
-795.868
-731.366
-744.749
-783.05
-743.955
-763.802
-745.237
-747.686
-724.834
-733.065
-783.124
-759.147
-783.132
-791.996
-787.567
-799.942
-816.381
-791.717
-763.173
-796.053
-759.117
-853.202
-815.495
-851.875
-806.566
-752.083
-780.891
-806.318
-751.74
-806.449
-861.474
-770.05
-735.561
-797.423
-799.456
-807.168
-767.142
-802.129
-799.632
-749.461
-791.262
-815.978
-782.486
-822.648
-824.62
-775.454
-779.296
-810.72
-740.158
-818.054
-770.01
-736.433
-760.231
-765.55
-830.59
-835.965
-823.831
-753.63
-750.814
-785.549
-816.799
-807.889
-733.783
-791.119
-797.458
-754.916
-783.144
-806.604
-845.635
-797.582
-800.645
-752.029
-785.73
-734.156
-741.821
-759.468
-805.133
-732.29
-740.207
-727.459
-755.041
-759.388
-745.278
-756.108
-739.143
-755.743
-708.548
-767.39
-755.994
-774.803
-751.005
-771.9
-736.36
-768.128
-763.349
-754.723
-731.075
-753.802
-734.028
-751.199
-764.655
-760.588
-767.376
-799.104
-725.86
-782.314
-797.195
-774.965
-779.541
-721.532
-742.421
-791.584
-771.082
-708.229
-726.105
-790.769
-762.211
-809.967
-796.27
-742.681
-736.691
-808.224
-756.432
-749.49
-761.681
-745.106
-761.358
-732.973
-734.618
-691.679
-747.855
-785.162
-758.9
-733.311
-771.683
-748.29
-753.243
-719.985
-768.241
-732.863
-784.94
-765.189
-756.67
-742.868
-735.816
-782.372
-744.006
-764.762
-758.395
-792.736
-742.726
-755.169
-795.043
-773.744
-802.271
-759.8
-751.926
-726.626
-791.419
-821.479
-737.977
-738.949
-795.343
-741.109
-754.623
-771.952
-718.538
-767.512
-757.39
-785.054
-762.557
-782.934
-803.291
-751.597
-769.372
-746.83
-770.499
-733.949
-750.142
-784.781
-765.268
-790.375
-804.818
-765.667
-761.669
-725.71
-747.993
-750.339
-760.851
-758.641
-739.419
-726.345
-756.84
-765.269
-780.294
-731.263
-713.974
-755.758
-776.516
-724.182
-771.671
-779.077
-747.528
-781.336
-800.315
-791.531
-808.978
-829.031
-817.078
-791.269
-772.982
-776.332
-803.431
-779.053
-788.574
-765.534
-767.843
-797.284
-758.544
-843.662
-790.581
-813.614
-804.768
-773.26
-740.488
-773.349
-765.415
-790.398
-780.788
-754.456
-756.868
-775.739
-770.278
-686.746
-736.178
-821.166
-736.648
-761.731
-781.348
-770.477
-752.56
-791.099
-767.549
-771.673
-743.376
-709.815
-844.615
-766.201
-816.167
-753.872
-794.218
-812.118
-787.812
-815.89
-799.501
-744.413
-807.233
-773.956
-760.391
-794.18
-767.164
-723.112
-804.075
-726.987
-709.266
-748.671
-772.844
-754.201
-742.735
-743.094
-759.812
-767.66
-766.873
-739.988
-793.287
-806.439
-772.43
-813.814
-774.188
-747.352
-831.003
-762.289
-735.295
-778.204
-774.359
-710.276
-810.149
-759.537
-789.207
-765.548
-838.985
-858.285
-774.611
-812.749
-755.136
-765.717
-796.079
-762.345
-774.246
-790.876
-768.794
-746.326
-707.445
-797.048
-755.97
-761.071
-758.92
-758.09
-774.628
-742.329
-800.666
-777.505
-837.734
-805.338
-770.379
-769.916
-842.154
-766.322
-794.388
-797.729
-760.13
-770.467
-864.947
-822.522
-845.496
-825.697
-834.152
-868.365
-808.088
-787.446
-823.794
-845.732
-810.435
-853.379
-859.32
-819.997
-810.547
-792.583
-784.565
-861.053
-844.865
-810.474
-852.899
-820.488
-862.372
-819.787
-798.437
-815.674
-897.267
-820.44
-828.588
-769.935
-817.055
-809.35
-771.555
-759.424
-810.053
-824.015
-786.361
-777.481
-789.064
-785.9
-821.707
-824.086
-790.563
-786.849
-755.251
-758.605
-780.301
-822.03
-791.645
-787.525
-786.273
-829.306
-785.846
-776.265
-811.256
-803.76
-769.079
-815.07
-807.334
-772.856
-803.14
-782.768
-838.629
-823.273
-831.79
-805.696
-794.21
-845.978
-796.804
-817.476
-861.751
-849.466
-807.46
-824.482
-848.34
-742.051
-832.263
-774.636
-823.967
-838.304
-851.553
-827.938
-835.96
-849.989
-768.724
-791.84
-824.338
-771.078
-781.309
-799.416
-817.795
-771.376
-805.843
-812.742
-763.997
-758.444
-795.567
-761.411
-789.603
-777.271
-808.672
-765.58
-809.15
-774.447
-810.859
-768.526
-751.598
-805.887
-871.787
-826.053
-830.31
-783.261
-830.622
-774.443
-862.982
-765.369
-821.65
-877.193
-819.337
-855.692
-800.577
-821.418
-797.557
-836.744
-829.972
-813.608
-844.316
-852.758
