-133.91
-131.03
-142.69
-149.03
-134.69
-142.17
-133.04
-138.34
-135.11
-129.89
-138.03
-140.41
-138.12
-128.23
-137.76
-138.26
-123.7
-122.31
-138.12
-146.36
-134.71
-137.79
-138.62
-126.69
-117.9
-117.58
-121.99
-141.88
-121.71
-132.82
-114.82
-128.4
-127.18
-128.38
-125.06
-121.85
-128.22
-121.72
-139.47
-132.61
-127.09
-122.37
-123.77
-125.14
-125.8
-126.88
-122.94
-122.42
-130.14
-121.5
-135.58
-132.69
-126.31
-121.93
-140.25
-123.38
-120.58
-136.07
-124.59
-126.61
-134.79
-129.23
-136.78
-120.64
-125.66
-118.71
-129.87
-140.43
-135.02
-133.55
-123.32
-126.68
-135.13
-136.57
-134.04
-127.62
-128.41
-122.43
-126.83
-135.15
-116.86
-128.11
-120.64
-133.41
-117.21
-139.03
-119.74
-133.0
-125.21
-135.59
-132.24
-126.25
-126.89
-129.89
-129.62
-121.65
-125.36
-121.5
-125.38
-134.82
-140.01
-125.37
-130.76
-142.83
-121.08
-128.53
-128.38
-121.21
-128.35
-140.21
-141.96
-128.43
-131.81
-135.34
-131.63
-137.97
-141.17
-126.06
-126.18
-139.86
-125.23
-123.08
-107.66
-132.48
-130.42
-118.21
-120.49
-127.25
-117.37
-117.7
-119.38
-114.95
-127.26
-129.24
-135.01
-124.8
-113.07
-106.72
-120.44
-128.44
-126.45
-132.14
-124.12
-122.13
-117.4
-113.76
-117.48
-120.0
-127.54
-107.62
