-116.64
-113.11
-112.13
-124.82
-121.69
-111.13
-119.32
-117.6
-111.87
-120.84
-129.37
-119.98
-119.22
-121.87
-117.85
-118.28
-112.94
-106.58
-119.01
-120.5
-107.53
-116.35
-106.69
-115.42
-118.02
-106.95
-121.36
-116.73
-116.25
-116.04
-118.24
-117.07
-121.47
-116.45
-118.74
-118.83
-122.57
-115.92
-120.52
-120.62
-116.61
-105.39
-122.36
-109.81
-109.42
-106.49
-115.96
-118.39
-105.94
-119.29
-119.23
-104.57
-119.42
-113.62
-116.93
-110.73
-110.79
-110.15
-121.08
-116.57
-119.88
-117.34
-112.04
-115.42
-118.78
-118.38
-105.06
-116.65
-117.04
-101.47
-114.93
-105.24
-119.5
-109.73
-113.24
-121.77
-118.55
-119.61
-106.91
-122.23
-114.56
-108.98
-116.74
-111.67
-111.81
-118.94
-111.34
-113.2
-109.76
-117.05
-114.52
-111.8
-116.36
-122.25
-115.03
-113.67
-112.59
-117.47
-124.68
-111.9
-118.14
-106.69
-114.16
-110.75
-120.28
-117.77
-120.86
-108.61
-117.93
-126.46
-112.5
-112.5
-111.35
-110.51
-107.04
-110.03
-108.98
-106.01
-108.24
-98.67
-101.05
-111.71
-110.2
-99.12
-106.45
-108.55
-99.9
-106.77
-104.8
-118.24
-115.25
-112.33
-115.08
-100.39
-104.26
-111.92
-108.3
-100.87
-106.37
-109.87
-103.01
-103.54
-107.45
-112.23
-104.12
-109.44
-103.59
-106.37
-106.82
-106.85
-117.54
-105.8
-110.28
-110.06
-102.46
-117.82
-111.93
-112.05
-104.22
-118.8
-112.25
-121.16
-113.46
-108.57
-109.53
-98.63
-116.7
-101.05
-109.18
-104.31
-114.64
-112.4
-113.48
-106.28
-117.03
-115.98
-111.58
-107.95
-111.28
-110.97
-113.75
-108.7
-103.76
-106.43
-104.43
-108.36
-98.63
-101.6
-103.44
-112.45
-108.15
-112.51
-97.74
-103.1
-107.45
-105.22
-108.77
-97.57
-92.47
-93.27
-102.3
-97.37
-93.65
-94.86
-95.54
-98.12
-98.07
-99.58
-104.1
-93.92
-103.33
-99.93
-90.07
-97.27
-97.81
-99.2
-100.88
-97.57
-99.1
-99.05
-98.71
-92.58
-100.85
-98.5
-90.31
-104.88
-106.07
-98.33
-97.07
-107.07
-100.7
-102.11
-101.06
-98.33
-105.62
-108.69
-105.59
-102.55
-100.42
-96.8
-104.77
-86.39
-99.81
-99.68
-95.35
-101.8
-103.58
-95.2
-95.95
-102.17
-95.5
-97.17
-98.54
-96.7
-105.06
-100.74
-108.91
-114.86
-91.68
-99.95
-102.57
-107.44
-102.14
-106.4
-88.27
-114.51
-101.12
-103.07
-97.33
-97.78
-103.81
-101.9
-110.88
-110.55
-101.03
-104.8
-103.45
-101.13
-99.07
-106.01
-98.1
-95.54
-101.64
-101.6
-100.18
-104.76
-100.52
-92.8
-103.57
-88.34
-95.65
-106.93
-103.94
-95.13
-100.4
-106.33
-105.42
-100.63
-111.77
-100.1
-104.31
-102.89
-97.39
-107.44
-116.25
-110.04
-108.21
-106.38
-119.27
-100.98
-105.27
-106.27
-110.44
-106.09
-108.58
-113.86
-116.9
-109.87
-110.01
-113.76
-107.16
-117.08
-110.35
-98.01
-108.54
-96.66
-99.81
-114.57
-106.68
-108.88
-99.69
-111.99
-116.77
-116.64
-110.51
-108.92
-108.46
-99.28
-117.72
-108.21
-131.29
-110.27
-120.74
-116.86
-108.52
-110.73
-108.48
-105.97
-111.04
-109.86
-105.61
-105.78
-107.75
-115.16
-110.47
-114.52
-97.81
-108.76
-110.92
-112.64
-110.54
-100.47
-105.55
-107.26
-107.97
-104.13
-101.53
-101.31
-109.75
-101.47
-100.12
-99.76
-109.45
-107.5
-104.48
-113.52
-101.03
-95.48
-113.3
-109.04
-93.17
-100.16
-110.82
-93.7
-104.28
-105.68
-102.57
-102.2
-92.95
-101.57
-101.63
-104.51
-97.8
-102.44
-108.13
-107.54
-102.69
-107.26
-92.29
-103.95
-98.18
-108.88
-103.55
-97.17
-110.01
-110.34
-110.45
-105.55
-115.53
-107.44
-112.48
-118.93
-119.0
-113.49
-104.81
-112.46
-116.79
-109.23
-109.45
-114.1
-115.57
-107.38
-109.6
-105.81
-110.52
-101.99
-104.45
-110.23
-111.71
-97.83
-110.13
-102.0
-111.25
-109.77
-109.34
-109.8
-112.36
-104.85
-108.02
-105.91
-107.64
-112.49
-97.36
-114.01
-117.16
-103.18
-118.43
-104.11
-103.48
-108.29
-108.29
