-0.275
-0.478
-0.421
-0.433
-0.559
-0.428
-0.533
-0.63
-0.411
-0.406
-0.366
-0.39
-0.298
-0.565
-0.343
-0.487
-0.413
-0.371
-0.442
-0.521
-0.432
-0.468
-0.281
-0.443
-0.472
-0.536
-0.452
-0.505
-0.333
-0.608
-0.418
-0.494
-0.214
-0.39
-0.361
-0.303
-0.304
-0.546
-0.257
-0.402
-0.286
-0.452
-0.41
-0.466
-0.299
-0.292
-0.456
-0.568
-0.479
-0.372
-0.395
-0.431
-0.384
-0.327
-0.448
-0.297
-0.691
-0.497
-0.539
-0.467
-0.407
-0.438
-0.495
-0.461
-0.44
-0.521
-0.4
-0.48
-0.459
-0.375
-0.378
-0.36
-0.584
-0.308
-0.194
-0.449
-0.49
-0.395
-0.554
-0.194
-0.44
-0.208
-0.476
-0.443
-0.496
-0.606
-0.461
-0.406
-0.246
-0.37
-0.612
-0.336
-0.411
-0.447
-0.456
-0.35
-0.337
-0.419
-0.408
-0.329
-0.238
-0.36
-0.385
-0.445
-0.357
-0.339
-0.436
-0.49
-0.506
-0.476
-0.55
-0.543
-0.566
-0.369
-0.478
-0.524
-0.27
-0.332
-0.337
-0.424
-0.363
-0.257
-0.478
-0.388
-0.409
-0.56
-0.449
-0.431
-0.443
-0.483
-0.345
-0.311
-0.58
-0.29
-0.363
-0.473
-0.38
-0.328
-0.298
-0.591
-0.493
-0.44
-0.494
-0.435
-0.399
-0.477
-0.45
-0.485
-0.402
-0.401
-0.308
-0.38
-0.466
-0.453
-0.264
-0.318
-0.208
-0.47
-0.449
-0.469
-0.539
-0.612
-0.459
-0.435
-0.376
-0.226
-0.482
-0.482
-0.455
-0.528
-0.554
-0.468
-0.458
-0.452
-0.497
-0.33
-0.324
-0.315
-0.304
-0.224
-0.326
-0.39
-0.586
-0.42
-0.335
-0.642
-0.293
-0.374
-0.391
-0.432
-0.38
-0.5
-0.484
-0.447
-0.416
-0.345
-0.193
-0.425
-0.463
-0.302
-0.319
-0.406
-0.376
-0.45
-0.226
-0.418
-0.41
-0.304
-0.453
-0.323
-0.317
-0.385
-0.379
-0.322
-0.345
-0.272
-0.3
-0.422
-0.34
-0.347
-0.238
-0.243
-0.269
-0.294
-0.314
-0.355
-0.485
-0.384
-0.291
-0.323
-0.319
-0.264
-0.215
-0.302
-0.247
-0.436
-0.333
-0.471
-0.441
-0.451
-0.468
-0.277
-0.436
-0.488
-0.356
-0.422
-0.444
-0.206
-0.333
-0.412
-0.415
-0.375
-0.257
-0.418
-0.496
-0.403
-0.352
-0.275
-0.358
-0.404
-0.478
-0.331
-0.445
-0.309
-0.273
-0.36
-0.255
-0.319
-0.247
-0.367
-0.3
-0.248
-0.153
-0.329
-0.452
-0.348
-0.248
-0.341
-0.32
-0.498
-0.291
-0.414
-0.449
-0.392
-0.145
-0.197
-0.277
-0.325
-0.319
-0.31
-0.17
-0.352
-0.13
-0.26
-0.117
-0.245
-0.168
-0.282
-0.343
-0.323
-0.31
-0.396
-0.267
-0.372
-0.482
-0.343
-0.345
-0.446
-0.424
-0.374
-0.35
-0.331
-0.212
-0.498
-0.307
-0.279
-0.424
-0.473
-0.338
-0.401
-0.393
-0.363
-0.35
-0.587
-0.467
-0.466
-0.422
-0.461
-0.333
-0.583
-0.479
-0.48
-0.518
-0.5
-0.446
-0.47
-0.297
-0.472
-0.425
-0.581
-0.472
-0.514
-0.421
-0.462
-0.496
-0.474
-0.56
-0.365
-0.342
-0.266
-0.401
-0.305
-0.321
-0.342
-0.508
-0.214
-0.478
-0.457
-0.396
-0.519
-0.404
-0.291
-0.395
-0.415
-0.374
-0.286
-0.229
-0.605
-0.311
-0.388
-0.308
-0.449
-0.399
-0.325
-0.361
-0.489
-0.368
-0.439
-0.568
-0.532
-0.527
-0.401
-0.466
-0.435
-0.447
-0.418
-0.384
-0.349
-0.43
-0.407
-0.363
-0.498
-0.418
-0.427
-0.51
-0.224
-0.405
-0.422
-0.425
-0.438
-0.308
-0.372
-0.443
-0.33
-0.601
-0.6
-0.517
-0.398
-0.445
-0.368
-0.462
-0.538
-0.508
-0.48
-0.464
-0.725
-0.57
-0.401
-0.628
-0.413
-0.536
-0.572
-0.326
-0.594
-0.558
-0.335
-0.397
-0.367
-0.272
-0.398
-0.355
-0.519
-0.34
-0.56
-0.386
-0.474
-0.435
-0.455
-0.632
-0.528
-0.694
-0.424
-0.623
-0.606
-0.504
-0.365
-0.572
-0.489
-0.427
-0.393
-0.328
