-730.853
-747.581
-773.93
-732.744
-746.845
-769.683
-761.347
-821.742
-781.664
-750.196
-738.413
-728.564
-726.224
-737.795
-726.504
-779.859
-754.862
-738.308
-756.525
-757.684
-654.533
-746.17
-715.83
-669.549
-723.892
-755.069
-762.178
-690.837
-737.701
-687.312
-713.919
-719.377
-700.165
-694.096
-648.626
-672.169
-731.537
-716.409
-639.491
-699.799
-719.334
-696.268
-706.435
-697.906
-713.914
-694.111
-729.925
-702.589
-625.725
-718.547
-720.561
-741.734
-665.747
-669.446
-673.008
-672.938
-706.649
-693.244
-749.331
-761.479
-695.698
-699.043
-728.15
-711.02
-659.054
-704.081
-669.103
-705.196
-736.879
-704.464
-730.728
-688.046
-667.159
-637.348
-639.604
-716.37
-741.769
-706.814
-708.334
-661.732
-663.406
-697.687
-721.187
-666.462
-688.715
-731.823
-693.666
-693.31
-714.818
-719.828
-703.651
-672.529
-720.563
-717.373
-712.075
-714.378
-714.353
-679.137
-714.563
-670.965
-732.407
-663.467
-685.376
-680.051
-637.091
-734.56
-676.944
-675.677
-702.969
-725.783
-641.161
-686.7
-679.168
-645.108
-635.358
-606.432
-641.789
-649.638
-671.166
-610.399
-661.111
-655.094
-624.032
-670.179
-670.124
-663.239
-674.87
-642.747
-641.779
-658.715
-695.719
-678.141
-684.405
-651.014
-621.403
-630.656
-670.724
-661.837
-624.693
-621.6
-649.937
-620.993
-680.43
-645.569
-621.025
-680.606
-619.305
-657.284
-689.974
-663.384
-643.949
-658.957
-639.713
-621.532
-677.812
-668.794
-629.284
-651.428
-628.267
-668.436
-634.919
-685.828
-688.298
-641.717
-635.364
-615.992
-651.554
-678.486
-680.58
-677.063
-653.592
-669.937
-663.581
-667.801
-621.69
-641.539
-641.99
-610.72
-620.746
-677.403
-648.216
-665.62
-667.464
-655.523
-649.952
-675.515
-653.536
-604.791
-622.873
-624.143
-628.254
-624.925
-612.987
-678.301
-599.74
-648.356
-579.688
-620.267
-607.196
-627.427
-613.702
-564.585
-625.463
-622.846
-550.183
-591.787
-645.907
-617.196
-633.668
-577.965
-593.559
-589.358
-617.345
-607.418
-638.758
-635.947
-590.02
-554.327
-567.13
-597.113
-599.507
-598.83
-627.353
-565.297
-585.09
-609.772
-612.637
-613.196
-607.582
-619.825
-577.193
-607.876
-628.638
-637.649
-694.462
-650.68
-651.135
-648.566
-629.192
-596.694
-593.051
-599.838
-528.351
-547.674
-615.02
-599.597
-637.674
-596.966
-617.365
-611.076
-654.133
-638.495
-612.557
-625.664
-556.992
-620.135
-616.157
-615.769
-616.337
-623.538
-617.447
-660.934
-703.753
-636.861
-610.395
-674.263
-704.575
-635.977
-583.329
-613.894
-610.993
-622.112
-638.47
-628.614
-626.634
-632.917
-635.871
-611.962
-587.813
-642.402
-661.634
-631.185
-638.688
-608.216
-587.468
-594.439
-532.977
-581.922
-575.738
-584.022
-548.628
-563.527
-602.796
-550.001
-592.583
-545.689
-601.505
-602.59
-607.137
-568.567
-632.088
-595.714
-660.16
-653.26
-687.618
-742.781
-680.909
-651.231
-650.952
-630.415
-625.573
-683.6
-624.09
-626.255
-623.811
-624.876
-682.392
-686.976
-674.176
-658.44
-712.071
-651.344
-609.089
-651.587
-639.057
-628.783
-624.015
-682.849
-633.67
-682.474
-671.513
-679.56
-682.693
-693.881
-689.207
-665.147
-640.28
-670.231
-694.686
-738.126
-735.13
-706.665
-723.085
-715.177
-690.757
-676.507
-692.773
-624.674
-639.609
-649.987
-653.022
-647.982
-672.733
-675.129
-682.078
-649.668
-665.418
-633.682
-653.457
-699.968
-643.218
-623.602
-667.921
-675.851
-619.356
-625.208
-667.885
-618.972
-667.706
-645.023
-582.132
-577.77
-644.268
-647.591
-674.042
-655.144
-620.244
-634.107
-697.43
-621.651
-624.88
-626.272
-610.793
-602.99
-589.476
-616.548
-651.171
-618.189
-640.013
-611.21
-634.868
-618.943
-636.45
-633.171
-688.139
-628.176
-662.325
-624.191
-603.354
-635.426
-616.475
-659.536
-601.854
-672.56
-668.52
-677.253
-632.762
-646.276
-648.919
-644.773
-714.537
-737.7
-678.193
-677.85
-661.994
-700.765
-744.955
-702.331
-705.185
-642.178
-696.272
-666.683
-655.228
-644.257
-655.1
-625.691
-656.788
-651.242
-629.393
-652.759
-633.901
-627.472
-703.499
-693.65
-691.083
-676.81
-698.118
-655.221
-634.887
-608.525
-647.497
-673.553
-667.476
-683.517
-663.811
-636.37
-690.588
-688.539
-703.784
-680.821
-619.804
