-118.3
-117.47
-112.77
-115.73
-125.02
-126.42
-118.48
-121.26
-130.45
-134.54
-120.35
-121.38
-128.12
-122.72
-119.42
-120.39
-116.15
-113.57
-123.78
-111.96
-124.02
-102.83
-116.46
-113.04
-118.17
-129.61
-121.95
-126.44
-112.49
-118.4
-112.45
-122.71
-127.35
-110.98
-121.35
-115.51
-117.65
-131.47
-121.72
-117.35
-118.2
-109.31
-120.59
-123.89
-120.9
-109.65
-134.95
-123.67
-126.83
-122.78
-121.09
-103.5
-116.83
-117.63
-117.78
-130.4
-117.06
-115.16
-118.76
-126.78
-120.76
-130.62
-121.1
-115.74
-119.64
-114.49
-116.22
-119.42
-120.5
-107.82
-103.78
-110.0
-107.58
-119.12
-128.17
-107.71
-123.37
-110.86
-112.88
-126.76
-121.73
-129.63
-123.05
-105.12
-100.48
-116.27
-124.7
-114.16
-106.72
-112.64
-114.46
-120.39
-114.07
-116.54
-112.33
-134.08
-115.42
-117.69
-123.17
-119.27
-114.57
-127.87
-123.46
-111.66
-120.58
-113.8
-117.96
-108.59
-111.37
-120.11
-130.54
-131.85
-119.94
-123.52
-120.87
-104.09
-123.46
-112.89
-114.45
-119.3
-117.75
-113.47
-111.99
-120.49
-113.15
-126.08
-114.3
-112.94
-108.24
-127.03
-109.41
-109.8
-116.09
-107.87
-112.15
-124.62
-107.08
-100.57
-108.3
-110.33
-117.31
-116.89
-102.62
-116.58
-114.75
-103.98
-107.74
-106.34
-104.05
-97.2
