-803.322
-810.757
-817.26
-789.964
-796.118
-788.788
-778.178
-770.506
-790.074
-820.58
-777.941
-787.305
-760.546
-782.485
-816.767
-764.436
-762.182
-802.414
-791.388
-814.753
-768.073
-808.939
-793.233
-773.158
-753.855
-787.213
-766.891
-753.45
-772.816
-773.619
-769.424
-736.303
-761.409
-785.404
-773.24
-810.258
-765.313
-725.747
-693.506
-694.737
-728.382
-702.785
-709.865
-712.507
-765.461
-753.367
-765.53
-756.939
-767.173
-780.236
-745.644
-825.883
-841.45
-807.961
-814.173
-791.587
-821.476
-785.988
-808.481
-809.868
-761.361
-790.075
-782.834
-783.046
-811.903
-771.906
-790.296
-821.871
-806.251
-828.336
-801.504
-789.076
-847.263
-837.696
-880.791
-814.027
-819.43
-768.555
-782.158
-855.149
-846.683
-824.535
-807.789
-804.759
-798.817
-817.05
-803.523
-798.372
-812.478
-801.022
-845.688
-777.144
-832.95
-791.506
-773.813
-823.042
-786.074
-782.656
-849.05
-876.657
-853.597
-789.402
-798.473
-769.447
-772.17
-778.863
-789.908
-767.605
-804.284
-803.662
-806.632
-742.237
-795.178
-774.999
-787.384
-802.869
-820.691
-815.39
-807.075
-726.697
-812.945
-846.299
-823.436
-801.35
-732.972
-761.592
-769.471
-783.77
-772.131
-841.786
-813.723
-814.674
-796.182
-836.28
-787.229
-823.03
-816.171
-806.468
-806.695
-851.975
-803.372
-731.721
-751.628
-795.986
-780.98
-782.871
-753.373
-789.85
-770.509
-751.829
-794.562
-788.015
-779.267
-799.618
-823.338
-803.338
-802.711
-827.67
-786.218
-777.744
-791.897
-794.526
-762.05
-809.04
-845.719
-773.776
-795.27
-768.739
-787.438
-829.849
-819.342
-887.941
-787.654
-827.984
-821.253
-849.742
-810.531
-849.066
-801.022
-833.092
-810.247
-793.905
-832.05
-807.313
-831.362
-823.294
-834.361
-848.226
-820.651
-797.389
-805.847
-843.356
-859.648
-848.417
-841.615
-813.642
-806.845
-821.067
-815.101
-838.315
-849.547
-791.664
-799.936
-799.268
-754.666
-820.874
-805.466
-819.687
-775.35
-805.818
-841.653
-864.022
-830.195
-784.555
-836.497
-844.585
-827.487
-842.403
-832.948
-849.4
-778.198
-827.778
-809.367
-809.968
-870.336
-793.055
-848.349
-811.839
-787.021
-836.136
-864.877
-806.678
-821.623
-779.46
-832.145
-813.249
-783.764
-807.46
-806.217
-826.164
-769.752
-807.986
-849.543
-811.991
-801.457
-834.07
-787.409
-795.995
-806.13
-811.03
-764.644
-791.179
-811.71
-795.041
-809.504
-750.132
-776.224
-791.976
-789.077
-800.824
-741.337
-771.871
-802.052
-827.916
-800.919
-769.261
-747.019
-812.523
-794.712
-823.282
-781.127
-761.353
-799.667
-810.72
-782.617
-809.812
-821.2
-764.209
-779.149
-786.676
-774.4
-778.468
-812.063
-797.739
-814.886
-776.563
-812.966
-711.545
-808.974
-816.924
-823.778
-820.156
-815.256
-818.008
-854.691
-778.298
-830.55
-750.503
-834.927
-757.168
-797.113
-810.143
-752.621
-809.396
-768.583
-803.909
-772.531
-785.402
-798.976
-794.294
-805.837
-795.643
-771.075
-822.498
-786.735
-797.883
-820.814
-783.354
-820.356
-826.354
-844.209
-840.719
-813.134
-783.589
-802.673
-795.732
-809.542
-826.888
-753.691
-845.815
-846.498
-839.21
-829.95
-815.146
-845.457
-825.811
-816.156
-789.11
-816.654
-833.101
-818.894
-820.217
-833.276
-800.503
-802.483
-836.164
-815.903
-817.115
-833.978
-846.886
-843.595
-804.041
-798.365
-802.718
-870.555
-820.066
-870.465
-830.058
-824.658
-810.083
-830.266
-789.742
-828.559
-857.939
-792.346
-810.648
-812.49
-793.89
-809.811
-811.549
-821.495
-853.547
-797.921
-819.647
-749.841
-812.453
-795.422
-813.054
-812.812
-759.301
-771.282
-776.642
-774.436
-752.564
-741.698
-744.246
-748.002
-786.19
-786.097
-816.803
-792.982
-796.375
-804.394
-762.089
-784.951
-755.694
-805.509
-747.131
-747.194
-773.033
-783.98
-776.326
-782.694
-798.005
-826.651
-837.364
-897.227
-786.159
-806.454
-784.715
-787.895
-768.585
-772.466
-816.778
-777.573
-773.996
-787.522
-770.896
-780.941
-718.413
-754.148
-779.989
-741.931
-745.327
-757.556
-818.819
-762.153
-783.409
-765.398
-741.834
-804.747
-759.192
-760.069
-750.739
-768.714
-793.047
-744.58
-762.503
-820.808
-761.112
-753.125
-747.394
-713.076
-772.988
-796.462
-806.646
-772.431
-773.339
-793.014
-798.316
-778.954
