-108.81
-117.01
-104.54
-109.77
-111.13
-104.51
-107.31
-105.41
-109.0
-103.11
-112.61
-103.97
-116.17
-115.8
-123.54
-111.12
-115.32
-124.32
-103.62
-102.22
-108.06
-112.3
-102.86
-104.09
-106.72
-103.61
-104.07
-109.62
-103.11
-99.15
-108.06
-103.87
-116.71
-102.66
-109.81
-106.21
-98.73
-103.33
-99.39
-97.56
-107.91
-100.7
-108.03
-105.51
-105.08
-96.0
-98.33
-100.28
-101.64
-109.85
-116.42
-117.46
-112.4
-117.9
-115.14
-108.02
-110.33
-115.28
-106.04
-107.93
-107.02
-105.1
-113.83
-106.74
-109.66
-108.39
-114.74
-115.12
-108.49
-106.16
-108.95
-104.44
-110.5
-115.17
-119.77
-111.58
-110.75
-111.48
-105.28
-108.11
-97.92
-105.92
-94.07
-113.74
-112.42
-116.86
-115.8
-113.06
-106.76
-108.12
-107.05
-97.34
-103.98
-101.4
-97.96
-106.81
-114.49
-104.3
-103.2
-118.98
-114.43
-98.69
-107.91
-104.44
-103.34
-89.82
-100.96
-89.64
-103.48
-105.46
-112.39
-99.13
-98.47
-97.91
-109.55
-93.7
-100.55
-99.67
-114.46
-101.84
-112.97
-101.86
-100.41
-110.79
-88.54
-91.7
-104.24
-102.85
-113.53
-109.29
-110.71
-112.48
-118.01
-121.07
-115.71
-123.01
-110.72
-125.84
-117.22
-121.5
-119.95
-107.15
-102.69
-110.66
-101.74
-109.19
-108.89
-107.76
-111.23
-110.38
-121.0
-121.42
-118.76
-126.54
-106.61
-119.55
-109.73
-106.3
-111.81
-132.74
-109.92
-117.83
-119.56
-116.19
-115.11
-105.8
-118.5
-122.75
-123.97
-116.05
-119.07
-107.36
-107.15
-109.83
-119.58
-114.65
-123.8
-122.23
-119.84
-121.73
-113.0
-115.19
-120.79
-122.22
-115.44
-103.34
-118.68
-114.05
-115.34
-112.34
-121.31
-120.67
-106.4
-121.66
-113.75
-110.24
-114.78
-111.24
-122.91
-118.27
-118.36
-114.74
-112.24
-116.78
-117.08
-117.49
-117.58
-113.46
-114.21
-111.8
-112.34
-110.99
-113.69
-108.6
-115.7
-118.41
-118.59
-113.29
-128.01
-121.68
-119.25
-109.93
-115.11
-115.16
-115.45
-116.2
-106.12
-112.0
-110.97
-116.06
-116.36
-126.02
-121.2
-108.56
-117.63
-116.89
-115.14
-125.25
-113.62
-124.58
-113.41
-112.77
-119.67
-119.5
-124.51
-115.72
-122.8
-104.04
-109.18
-106.84
-111.45
-107.65
-116.19
-118.96
-115.37
-107.13
-119.01
-100.86
-119.74
-123.28
-119.45
-114.3
-117.43
-122.03
-111.15
-106.39
-102.4
-108.42
-109.85
-110.4
-111.69
-107.97
-92.9
-111.76
-120.98
-112.71
-112.96
-108.91
-110.33
-111.99
-113.39
-113.4
-114.91
-112.35
-113.64
-102.32
-110.54
-111.02
-105.8
-115.1
-110.36
-111.76
-112.61
-104.11
-105.74
-108.13
-111.13
-117.48
-112.95
-110.55
-109.77
-121.09
-118.54
-115.75
-111.6
-105.63
-121.73
-104.93
-113.36
-112.27
-109.45
-112.38
-112.26
-106.1
-105.39
-112.56
-121.28
-107.59
-104.93
-104.95
-112.24
-116.54
-112.47
-110.42
-116.43
-106.17
-111.99
-112.84
-115.09
-115.07
-116.98
-117.44
-107.88
-114.59
-115.59
-104.47
-115.37
-117.64
-121.43
-116.97
-109.21
-103.04
-108.23
-109.0
-110.3
-117.28
-108.11
-114.14
-120.16
-122.08
-115.65
-111.04
-113.01
-100.7
-108.18
-114.09
-118.08
-117.84
-114.71
-110.22
-105.63
-106.23
-113.5
-109.49
-102.46
-114.91
-109.39
-100.8
-113.76
-118.81
-108.47
-106.13
-103.97
-105.09
-103.7
-100.34
-106.64
-99.35
-98.22
-111.44
-111.58
-107.56
-105.63
-107.05
-103.99
-109.05
-103.23
-105.91
-108.32
-118.0
-108.63
-109.72
-113.27
-102.97
-101.96
-112.44
-98.76
-102.15
-102.27
-99.7
-108.74
-104.04
-112.66
-107.75
-111.93
-104.2
-107.84
-110.75
-109.3
-111.15
-106.84
-105.57
-110.17
-108.96
-106.69
-105.61
-111.5
-104.14
-104.96
-102.97
-108.96
-100.69
-110.54
-112.44
-105.78
-105.91
-109.61
-110.1
-96.81
-100.25
-106.8
-96.61
-104.42
-107.1
-107.94
-108.86
-113.24
-106.13
-113.98
-108.56
-109.0
-107.44
-104.84
-104.94
-102.54
-106.61
-107.37
-111.79
-112.59
-107.1
-105.92
