-1.01
-0.825
-0.793
-0.719
-0.8
-0.714
-0.756
-0.807
-0.783
-0.795
-0.903
-0.589
-0.554
-0.441
-0.689
-0.548
-0.49
-0.701
-0.592
-0.603
-0.544
-0.675
-0.587
-0.803
-0.713
-0.523
-0.758
-0.722
-0.611
-0.879
-0.676
-0.537
-0.772
-0.723
-0.802
-0.728
-0.575
-0.716
-0.609
-0.633
-0.654
-0.473
-0.552
-0.471
-0.343
-0.432
-0.516
-0.622
-0.714
-0.738
-0.653
-0.889
-0.615
-0.605
-0.62
-0.694
-0.598
-0.613
-0.66
-0.535
-0.659
-0.615
-0.724
-0.614
-0.754
-0.697
-0.708
-0.71
-0.663
-0.687
-0.621
-0.568
-0.507
-0.627
-0.661
-0.714
-0.882
-0.665
-0.564
-0.79
-0.689
-0.541
-0.637
-0.812
-0.762
-0.74
-0.656
-0.811
-0.589
-0.633
-0.654
-0.655
-0.744
-0.685
-0.582
-0.579
-0.694
-0.675
-0.706
-0.698
-0.773
-0.852
-0.674
-0.816
-0.539
-0.628
-0.81
-0.691
-0.757
-0.71
-0.738
-0.62
-0.688
-0.722
-0.797
-0.547
-0.565
-0.552
-0.66
-0.621
-0.722
-0.618
-0.665
-0.715
-0.69
-0.793
-0.668
-0.618
-0.834
-0.727
-0.609
-0.796
-0.803
-0.743
-0.597
-0.641
-0.613
-0.837
-0.656
-0.728
-0.427
-0.536
-0.619
-0.775
-0.702
-0.815
-0.735
-0.478
-0.492
-0.755
-0.889
-0.668
-0.622
-0.831
-0.759
-0.785
-0.63
-0.739
-0.844
-0.709
-0.688
-0.618
-0.517
-0.909
-0.908
-0.781
-0.593
-0.742
-0.501
-0.845
-0.671
-0.818
-0.617
-0.647
-0.734
-0.697
-0.707
-0.62
-0.782
-0.842
-0.79
-0.501
-0.83
-0.738
-0.592
-0.762
-0.568
-0.701
-0.831
-0.759
-0.698
-0.671
-0.807
-0.815
-0.508
-0.707
-0.497
-0.826
-0.598
-0.652
-0.602
-0.843
-0.658
-0.677
-0.62
-0.917
-0.729
-0.716
-0.713
-0.809
-0.704
-0.75
-0.571
-0.723
-0.744
-0.517
-0.812
-0.839
-0.675
-0.619
-0.589
-0.733
-0.682
-0.856
-0.951
-0.827
-0.762
-0.958
-0.688
-0.775
-0.94
-0.893
-0.779
-0.523
-0.714
-0.621
-0.808
-0.533
-0.659
-0.658
-0.396
-0.524
-0.599
-0.507
-0.858
-0.602
-0.696
-0.473
-0.482
-0.661
-0.473
-0.667
-0.771
-0.633
-0.484
-0.693
-0.619
-0.607
-0.496
-0.497
-0.596
-0.534
-0.685
-0.579
-0.573
-0.437
-0.363
-0.52
-0.461
-0.516
-0.561
-0.472
-0.456
-0.539
-0.742
-0.672
-0.538
-0.276
-0.549
-0.741
-0.588
-0.617
-0.559
-0.622
-0.752
-0.593
-0.523
-0.442
-0.524
-0.671
-0.507
-0.516
-0.733
-0.71
-0.567
-0.436
-0.468
-0.707
-0.643
-0.439
-0.559
-0.621
-0.667
-0.543
-0.707
-0.693
-0.632
-0.359
-0.429
-0.448
-0.57
-0.358
-0.56
-0.575
-0.81
-0.726
-0.542
-0.542
-0.699
-0.631
-0.671
-0.772
-0.642
-0.839
-0.727
-0.694
-0.683
-0.602
-0.678
-0.681
-0.739
-0.606
-0.799
-0.485
-0.475
-0.536
-0.362
-0.632
-0.562
-0.464
-0.705
-0.752
-0.606
-0.84
-0.728
-0.7
-0.613
-0.598
-0.452
-0.462
-0.511
-0.627
-0.762
-0.666
-0.76
-0.844
-0.731
-0.794
-0.576
-0.715
-0.817
-0.696
-0.74
-0.695
-0.671
-0.617
-0.741
-0.706
-0.689
-0.639
-0.682
-0.689
-0.676
-0.721
-0.571
-0.708
-0.823
-0.674
-0.634
-0.712
-0.876
-0.703
-0.753
-0.607
-0.691
-0.594
-0.558
-0.588
-0.503
-0.679
-0.424
-0.722
-0.706
-0.648
-0.767
-0.411
-0.495
-0.486
-0.683
-0.506
-0.769
-0.653
-0.712
-0.486
-0.757
-0.74
-0.843
-0.529
-0.826
-0.587
-0.745
-0.442
-0.617
-0.665
-0.528
-0.708
-0.469
-0.451
-0.706
-0.714
-0.527
-0.44
-0.534
-0.525
-0.65
-0.618
-0.748
-0.543
-0.539
-0.544
-0.477
-0.431
-0.453
-0.487
-0.52
-0.501
-0.36
-0.708
-0.624
-0.8
-0.605
-0.479
-0.541
-0.633
-0.756
-0.485
-0.572
-0.582
-0.455
-0.673
-0.582
