-127.53
-135.4
-140.07
-135.62
-138.26
-130.4
-148.21
-120.11
-131.12
-125.59
-121.32
-112.66
-132.37
-116.07
-128.29
-118.06
-125.86
-135.05
-129.32
-136.33
-136.28
-134.89
-138.55
-133.43
-138.68
-133.97
-124.03
-120.43
-116.85
-126.48
-125.93
-122.79
-119.73
-132.58
-128.13
-133.44
-125.42
-118.88
-123.43
-117.18
-120.39
-116.35
-125.34
-115.72
-110.99
-115.53
-136.02
-128.24
-142.14
-141.16
-142.84
-129.58
-129.53
-125.35
-119.06
-129.49
-109.45
-122.51
-119.04
-125.23
-128.04
-117.37
-118.28
-113.36
-123.65
-118.56
-123.22
-119.01
-124.21
-120.34
-132.54
-126.64
-131.64
-124.57
-105.61
-117.12
-106.7
-118.22
-114.06
-128.62
-123.02
-119.41
-124.3
-136.23
-124.54
-132.38
-129.38
-132.08
-130.54
-142.9
-127.07
-117.07
-114.25
-127.71
-123.09
-126.27
-114.61
-125.23
-112.97
-113.52
-131.29
-124.62
-131.19
-120.39
-133.59
-132.48
-137.86
-137.87
-133.09
-133.66
-115.01
-135.02
-124.63
-119.15
-137.23
-130.83
-137.53
-136.91
-147.1
-137.96
-140.71
-134.24
-129.0
-125.8
-140.24
-153.2
-134.58
-136.34
-126.96
-138.06
-128.78
-131.01
-139.27
-141.18
-127.68
-138.28
-135.62
-125.26
-121.35
-126.46
-131.44
-145.56
-135.78
-135.67
-133.5
-136.85
-128.2
-134.1
-127.75
-135.65
