-151.21
-142.03
-113.14
-115.67
-132.52
-132.38
-121.48
-121.92
-126.22
-108.38
-127.27
-135.82
-123.5
-126.03
-126.91
-128.39
-134.55
-130.54
-128.61
-122.33
-143.89
-124.04
-127.76
-129.33
-131.21
-126.34
-122.34
-121.33
-116.28
-109.53
-117.56
-126.44
-112.87
-123.61
-122.45
-121.56
-126.14
-132.72
-110.76
-119.4
-119.61
-121.59
-125.19
-117.82
-133.84
-122.72
-127.15
-127.97
-134.75
-127.76
-131.62
-127.52
-132.72
-134.01
-134.14
-130.4
-123.86
-136.83
-130.81
-124.67
-127.57
-137.11
-133.68
-123.85
-142.52
-136.54
-136.65
-139.94
-145.44
-109.51
-128.09
-134.54
-140.7
-119.37
-128.19
-128.62
-136.15
-121.91
-130.41
-122.97
-129.33
-127.17
-117.62
-129.15
-121.49
-124.86
-127.12
-128.0
-128.5
-129.25
-120.56
-131.62
-119.48
-135.92
-113.34
-135.14
-135.55
-127.73
-146.51
-115.2
-129.38
-128.9
-132.37
-137.93
-123.78
-128.73
-133.02
-129.16
-131.86
-131.35
-119.35
-123.93
-121.35
-137.74
-123.5
-134.17
-115.26
-136.44
-126.79
-125.08
-119.36
-130.42
-122.3
-125.47
-130.32
-127.74
-116.79
-133.33
-141.46
-121.24
-116.77
-131.84
-130.58
-123.23
-114.83
-128.12
-131.74
-126.73
-110.8
-127.09
-124.27
-115.43
-131.29
-124.52
-114.7
-119.74
-122.1
-123.28
-121.57
-121.57
