-779.724
-784.45
-738.259
-759.27
-796.18
-722.129
-755.83
-793.447
-807.779
-796.1
-799.813
-760.47
-760.506
-769.995
-820.914
-802.837
-760.637
-782.518
-812.84
-771.189
-815.76
-796.952
-705.739
-781.179
-804.576
-776.783
-744.454
-798.017
-734.552
-723.397
-754.272
-741.841
-760.195
-775.03
-752.082
-758.389
-710.547
-775.406
-791.612
-805.323
-734.618
-720.906
-757.018
-707.498
-780.256
-784.771
-783.607
-741.753
-753.264
-785.554
-790.681
-805.181
-763.162
-745.746
-764.751
-706.441
-736.784
-728.049
-749.232
-728.961
-771.465
-764.678
-708.307
-777.751
-744.557
-769.853
-734.08
-711.646
-741.579
-780.255
-764.416
-697.294
-729.882
-711.664
-735.257
-694.448
-728.185
-705.351
-720.645
-719.657
-737.046
-749.975
-716.429
-725.0
-749.641
-771.606
-718.964
-721.878
-686.399
-769.854
-732.425
-727.502
-728.618
-751.617
-762.377
-752.45
-738.875
-799.203
-786.942
-723.464
-708.876
-762.67
-762.625
-801.164
-768.911
-778.902
-737.269
-795.111
-803.201
-774.84
-794.212
-765.511
-740.326
-738.471
-757.038
-704.923
-777.522
-809.695
-827.272
-754.063
-739.254
-765.309
-742.627
-737.537
-676.179
-759.924
-761.162
-719.729
-700.843
-717.733
-769.099
-743.235
-703.878
-754.026
-676.895
-718.092
-720.507
-762.221
-727.183
-730.513
-696.41
-731.5
-658.785
-731.485
-684.721
-746.089
-736.971
-685.117
-764.644
-730.03
-749.293
-703.527
-728.01
-701.055
-721.351
-738.695
-695.843
-734.219
-740.682
-725.462
-747.876
-736.936
-750.379
-755.227
-702.266
-748.734
-687.912
-728.134
-683.086
-734.474
-726.52
-689.189
-711.757
-748.911
-761.886
-774.526
-775.478
-748.044
-753.635
-725.18
-700.315
-771.713
-730.286
-710.786
-715.079
-753.214
-762.2
-737.081
-661.542
-684.681
-716.499
-689.696
-682.464
-690.097
-659.197
-660.678
-667.698
-648.857
-663.829
-700.619
-693.422
-763.131
-727.188
-701.226
-719.052
-704.908
-685.018
-689.469
-710.378
-721.367
-661.269
-687.884
-698.823
-673.513
-701.617
-701.544
-691.057
-685.302
-762.789
-748.082
-750.843
-732.571
-796.284
-786.673
-738.718
-734.061
-752.822
-716.991
-723.911
-719.696
-736.905
-729.583
-725.971
-706.14
-754.697
-698.826
-732.544
-746.878
-757.885
-698.309
-674.823
-687.013
-724.09
-694.652
-725.794
-753.764
-714.114
-723.922
-770.022
-779.274
-723.513
-731.066
-745.516
-740.763
-774.733
-774.979
-737.649
-708.574
-766.672
-714.52
-773.04
-783.552
-740.113
-739.663
-741.114
-774.436
-804.294
-785.985
-751.975
-787.103
-823.909
-818.55
-737.03
-775.853
-760.285
-828.398
-852.191
-811.261
-821.48
-801.115
-802.027
-787.269
-849.162
-837.387
-840.729
-757.817
-768.721
-761.149
-768.501
-766.757
-792.638
-791.222
-768.319
-784.023
-786.521
-806.093
-830.929
-814.533
-817.221
-830.861
-824.845
-798.243
-807.325
-835.508
-794.542
-800.989
-821.155
-765.46
-760.633
-790.803
-782.47
-729.13
-755.48
-793.97
-742.448
-711.122
-741.603
-744.668
-771.376
-729.414
-722.147
-754.421
-723.103
-720.393
-679.819
-686.851
-748.223
-714.498
-743.111
-753.922
-767.475
-698.178
-778.679
-749.963
-738.201
-728.802
-750.57
-706.13
-727.989
-756.655
-786.478
-749.837
-764.758
-725.433
-766.439
-748.636
-740.481
-711.684
-755.871
-709.492
-739.845
-745.8
-729.877
-756.092
-801.46
-769.351
-813.504
-837.76
-804.356
-836.561
-831.686
-814.305
-825.625
-872.255
-851.203
-807.283
-815.459
-847.156
-768.794
-839.183
-839.138
-775.648
-837.806
-834.031
-795.111
-817.843
-798.758
-782.816
-776.642
-830.256
-847.588
-799.945
-825.734
-796.61
-792.114
-781.792
-789.051
-775.102
-747.97
-825.163
-761.024
-734.729
-783.9
-801.297
-779.622
-796.983
-729.214
-783.535
-798.683
-826.493
-796.689
-787.264
-780.348
-767.634
-816.217
-763.21
-802.948
-732.256
-759.906
-757.819
-727.401
-729.958
-702.812
-805.256
-793.022
-714.079
-701.547
-726.464
-683.509
-660.289
-735.622
-688.583
-713.034
-678.461
-657.598
-608.882
-694.989
-681.056
-646.7
-620.398
-627.034
-676.599
-717.067
-673.312
-653.505
-670.404
-714.285
-685.101
-717.761
-754.541
-723.79
-666.801
-731.495
-716.585
-697.632
-686.426
-676.78
-632.136
-689.895
-695.105
-678.758
