-0.45
-0.541
-0.533
-0.531
-0.626
-0.561
-0.457
-0.64
-0.837
-0.531
-0.667
-0.548
-0.638
-0.491
-0.483
-0.597
-0.508
-0.461
-0.467
-0.506
-0.639
-0.551
-0.599
-0.652
-0.656
-0.623
-0.674
-0.756
-0.549
-0.59
-0.527
-0.413
-0.631
-0.492
-0.552
-0.621
-0.384
-0.477
-0.477
-0.482
-0.419
-0.444
-0.385
-0.43
-0.467
-0.525
-0.568
-0.557
-0.334
-0.535
-0.481
-0.491
-0.582
-0.433
-0.686
-0.682
-0.599
-0.353
-0.636
-0.463
-0.409
-0.579
-0.377
-0.546
-0.487
-0.366
-0.526
-0.587
-0.493
-0.63
-0.543
-0.514
-0.598
-0.671
-0.7
-0.889
-0.568
-0.713
-0.588
-0.388
-0.532
-0.63
-0.667
-0.628
-0.58
-0.632
-0.501
-0.53
-0.346
-0.53
-0.673
-0.535
-0.602
-0.531
-0.534
-0.492
-0.528
-0.413
-0.537
-0.643
-0.564
-0.445
-0.794
-0.599
-0.493
-0.54
-0.647
-0.529
-0.487
-0.38
-0.619
-0.829
-0.501
-0.518
-0.531
-0.609
-0.591
-0.66
-0.596
-0.519
-0.648
-0.474
-0.673
-0.578
-0.436
-0.669
-0.655
-0.712
-0.526
-0.541
-0.641
-0.59
-0.479
-0.61
-0.552
-0.36
-0.584
-0.573
-0.545
-0.76
-0.531
-0.654
-0.628
-0.693
-0.454
-0.551
-0.754
-0.683
-0.513
-0.56
-0.582
-0.306
-0.45
-0.501
-0.562
-0.579
-0.704
-0.398
-0.525
-0.452
-0.567
-0.766
-0.62
-0.489
-0.566
-0.581
-0.615
-0.601
-0.698
-0.638
-0.561
-0.63
-0.403
-0.666
-0.771
-0.514
-0.563
-0.659
-0.714
-0.699
-0.673
-0.584
-0.584
-0.553
-0.557
-0.415
-0.572
-0.7
-0.496
-0.504
-0.461
-0.645
-0.683
-0.524
-0.504
-0.548
-0.379
-0.432
-0.397
-0.418
-0.739
-0.51
-0.464
-0.523
-0.583
-0.462
-0.472
-0.502
-0.448
-0.499
-0.461
-0.442
-0.392
-0.304
-0.573
-0.414
-0.671
-0.528
-0.51
-0.64
-0.595
-0.602
-0.538
-0.56
-0.475
-0.536
-0.537
-0.68
-0.617
-0.802
-0.617
-0.695
-0.503
-0.468
-0.292
-0.675
-0.52
-0.557
-0.42
-0.733
-0.429
-0.548
-0.471
-0.435
-0.37
-0.351
-0.427
-0.37
-0.47
-0.497
-0.361
-0.468
-0.468
-0.513
-0.385
-0.459
-0.44
-0.496
-0.339
-0.337
-0.564
-0.598
-0.451
-0.341
-0.555
-0.469
-0.333
-0.464
-0.515
-0.372
-0.427
-0.443
-0.466
-0.437
-0.47
-0.388
-0.59
-0.511
-0.431
-0.481
-0.414
-0.532
-0.508
-0.575
-0.598
-0.349
-0.365
-0.62
-0.472
-0.338
-0.595
-0.432
-0.517
-0.352
-0.603
-0.504
-0.462
-0.343
-0.352
-0.489
-0.365
-0.449
-0.537
-0.534
-0.521
-0.485
-0.476
-0.538
-0.361
-0.393
-0.541
-0.541
-0.353
-0.259
-0.353
-0.477
-0.624
-0.566
-0.423
-0.431
-0.52
-0.428
-0.651
-0.555
-0.536
-0.428
-0.386
-0.448
-0.486
-0.49
-0.273
-0.434
-0.561
-0.522
-0.549
-0.343
-0.412
-0.446
-0.555
-0.419
-0.34
-0.575
-0.48
-0.396
-0.54
-0.557
-0.448
-0.55
-0.412
-0.486
-0.58
-0.606
-0.488
-0.475
-0.322
-0.512
-0.514
-0.365
-0.53
-0.492
-0.619
-0.286
-0.614
-0.695
-0.438
-0.48
-0.567
-0.595
-0.518
-0.7
-0.603
-0.493
-0.729
-0.53
-0.547
-0.502
-0.503
-0.629
-0.604
-0.53
-0.645
-0.6
-0.506
-0.648
-0.487
-0.527
-0.571
-0.553
-0.631
-0.699
-0.589
-0.509
-0.452
-0.686
-0.35
-0.549
-0.542
-0.621
-0.589
-0.635
-0.542
-0.583
-0.427
-0.647
-0.589
-0.679
-0.598
-0.551
-0.526
-0.488
-0.37
-0.589
-0.531
-0.502
-0.492
-0.636
-0.542
-0.499
-0.526
-0.405
-0.601
-0.518
-0.384
-0.463
-0.46
-0.535
-0.378
-0.402
-0.488
-0.442
-0.425
-0.5
-0.547
-0.403
-0.377
-0.512
-0.554
-0.361
-0.542
-0.55
-0.711
-0.508
-0.668
-0.534
-0.399
-0.407
-0.369
-0.416
-0.417
-0.502
-0.477
