-114.33
-118.53
-117.91
-111.68
-123.12
-124.57
-102.38
-109.55
-120.57
-114.49
-125.52
-125.85
-124.74
-123.88
-119.56
-118.31
-111.01
-117.82
-126.3
-116.31
-126.97
-123.55
-115.08
-117.12
-112.55
-121.95
-118.5
-118.01
-117.77
-106.72
-131.89
-111.31
-117.87
-115.73
-109.13
-116.78
-103.02
-108.27
-120.37
-114.16
-107.62
-113.36
-108.97
-107.64
-117.87
-117.37
-115.78
-116.55
-112.97
-120.24
-107.89
-109.42
-112.57
-97.92
-122.31
-111.96
-102.95
-106.76
-108.62
-99.66
-115.69
-124.03
-111.74
-113.56
-112.34
-105.69
-99.33
-108.31
-109.88
-112.35
-125.98
-107.99
-113.97
-105.67
-115.55
-116.61
-104.2
-115.33
-106.11
-107.1
-115.38
-114.11
-111.4
-112.75
-103.99
-111.36
-108.17
-110.58
-105.8
-107.57
-104.33
-115.69
-110.34
-110.54
-105.46
-112.45
-112.14
-109.68
-117.03
-117.82
-108.42
-119.73
-116.6
-115.11
-114.69
-115.95
-117.36
-109.3
-108.37
-96.55
-98.4
-106.3
-96.79
-110.71
-117.34
-106.91
-120.61
-107.68
-117.34
-106.02
-108.04
-105.95
-110.06
-106.13
-101.48
-95.3
-99.93
-100.93
-104.27
-104.31
-97.42
-109.4
-110.5
-102.57
-105.2
-106.1
-105.23
-109.88
-106.56
-103.74
-92.0
-111.86
-103.69
-106.15
-108.7
-105.79
-107.18
-105.89
-123.12
-111.24
-109.1
-103.93
-107.53
-114.66
-108.7
-113.2
-116.05
-116.62
-112.84
-102.87
-104.89
-112.36
-111.12
-111.65
-108.79
-116.29
-107.64
-115.99
-113.17
-100.46
-103.98
-105.02
-103.96
-118.22
-102.82
-100.87
-94.62
-107.59
-109.97
-99.47
-96.19
-103.43
-104.11
-97.41
-114.36
-116.14
-111.66
-97.67
-100.96
-104.13
-112.24
-101.19
-110.12
-102.05
-109.58
-99.29
-95.13
-99.67
-102.82
-98.54
-112.11
-94.13
-98.86
-102.76
-108.6
-105.63
-101.68
-100.02
-97.7
-103.73
-102.88
-100.42
-103.93
-96.44
-103.92
-91.15
-98.8
-103.96
-96.87
-103.7
-110.66
-108.76
-107.88
-112.79
-104.68
-109.18
-112.1
-114.78
-120.64
-110.83
-106.5
-104.82
-109.77
-108.52
-105.73
-111.82
-103.75
-106.72
-97.37
-103.33
-95.44
-89.33
-100.94
-94.55
-101.06
-106.54
-98.5
-93.59
-106.54
-88.47
-95.15
-109.18
-100.57
-95.88
-113.78
-105.58
-106.65
-105.61
-88.82
-91.72
-106.84
-112.95
-104.56
-112.99
-108.19
-104.79
-99.37
-115.59
-105.73
-104.8
-108.96
-98.85
-105.62
-107.86
-119.41
-107.8
-103.09
-111.73
-110.94
-114.17
-109.24
-117.28
-114.58
-124.53
-112.41
-107.02
-110.17
-117.3
-115.2
-101.3
-114.5
-113.62
-109.86
-118.84
-110.54
-104.43
-108.69
-123.69
-109.2
-109.34
-99.79
-118.88
-116.57
-123.49
-115.95
-111.3
-121.04
-111.38
-113.43
-117.57
-111.25
-98.32
-103.7
-104.36
-114.14
-101.51
-110.1
-111.52
-106.47
-97.81
-88.7
-105.58
-98.32
-95.76
-102.25
-96.78
-99.64
-103.99
-95.53
-108.61
-101.19
-103.38
-119.73
-102.63
-102.83
-105.81
-116.6
-106.93
-111.96
-102.3
-110.73
-100.69
-104.45
-103.3
-101.34
-106.96
-116.59
-105.39
-96.12
-108.52
-105.96
-117.26
-117.17
-111.34
-104.09
-98.56
-120.14
-102.75
-114.07
-110.43
-102.89
-121.59
-117.94
-118.97
-120.93
-121.75
-114.13
-111.31
-110.17
-115.39
-115.28
-124.92
-112.4
-122.73
-120.39
-116.96
-120.24
-122.91
-121.7
-112.67
-126.08
-107.09
-105.94
-113.81
-98.45
-111.89
-119.43
-112.48
-114.5
-120.82
-120.23
-107.84
-111.69
-119.6
-119.85
-120.68
-112.88
-104.32
-120.91
-123.13
-107.99
-110.81
-99.07
-108.41
-111.87
-108.21
-107.11
-108.35
-122.72
-114.83
-102.0
-111.12
-105.92
-113.45
-104.24
-94.9
-101.73
-109.75
-101.39
-101.47
-105.01
-103.42
-104.97
-103.97
-100.71
-96.08
-97.63
-103.8
-98.2
-95.53
-96.41
-101.53
-107.85
-100.86
-105.58
-106.96
-99.98
-104.15
-94.25
-98.93
-95.12
-94.3
-99.52
-100.65
-102.13
-101.91
-90.98
-85.36
-105.89
-101.53
-85.67
