-0.741
-0.597
-0.629
-0.724
-0.594
-0.573
-0.478
-0.4
-0.485
-0.438
-0.535
-0.514
-0.556
-0.699
-0.733
-0.575
-0.62
-0.716
-0.619
-0.521
-0.575
-0.58
-0.628
-0.539
-0.715
-0.698
-0.553
-0.539
-0.664
-0.362
-0.632
-0.44
-0.452
-0.479
-0.599
-0.497
-0.485
-0.491
-0.455
-0.536
-0.645
-0.605
-0.559
-0.506
-0.528
-0.381
-0.408
-0.605
-0.507
-0.439
-0.358
-0.517
-0.343
-0.457
-0.364
-0.427
-0.405
-0.723
-0.487
-0.724
-0.601
-0.595
-0.398
-0.631
-0.488
-0.562
-0.641
-0.421
-0.618
-0.581
-0.453
-0.528
-0.632
-0.666
-0.595
-0.434
-0.615
-0.699
-0.513
-0.566
-0.595
-0.576
-0.435
-0.481
-0.645
-0.557
-0.751
-0.536
-0.513
-0.62
-0.469
-0.459
-0.495
-0.575
-0.607
-0.689
-0.619
-0.643
-0.515
-0.57
-0.733
-0.633
-0.505
-0.47
-0.676
-0.667
-0.829
-0.656
-0.611
-0.606
-0.56
-0.753
-0.345
-0.526
-0.529
-0.408
-0.637
-0.565
-0.31
-0.306
-0.393
-0.517
-0.241
-0.379
-0.528
-0.652
-0.61
-0.562
-0.624
-0.864
-0.681
-0.548
-0.518
-0.566
-0.477
-0.66
-0.616
-0.631
-0.686
-0.686
-0.554
-0.501
-0.745
-0.485
-0.641
-0.673
-0.572
-0.546
-0.444
-0.528
-0.682
-0.489
-0.712
-0.71
-0.711
-0.57
-0.687
-0.571
-0.736
-0.601
-0.647
-0.69
-0.625
-0.754
-0.717
-0.652
-0.518
-0.675
-0.707
-0.815
-0.644
-0.616
-0.656
-0.625
-0.755
-0.742
-0.926
-0.809
-0.655
-0.634
-0.479
-0.586
-0.766
-0.707
-0.742
-0.571
-0.448
-0.759
-0.654
-0.632
-0.636
-0.508
-0.722
-0.506
-0.68
-0.589
-0.535
-0.67
-0.415
-0.71
-0.646
-0.513
-0.603
-0.611
-0.537
-0.52
-0.659
-0.499
-0.601
-0.736
-0.53
-0.495
-0.668
-0.827
-0.549
-0.513
-0.529
-0.507
-0.524
-0.678
-0.504
-0.487
-0.575
-0.46
-0.733
-0.689
-0.636
-0.465
-0.711
-0.618
-0.684
-0.894
-0.821
-0.55
-0.551
-0.653
-0.696
-0.659
-0.577
-0.621
-0.787
-0.453
-0.621
-0.67
-0.754
-0.527
-0.561
-0.523
-0.45
-0.4
-0.579
-0.795
-0.665
-0.729
-0.608
-0.668
-0.64
-0.547
-0.553
-0.387
-0.522
-0.543
-0.669
-0.661
-0.569
-0.573
-0.728
-0.503
-0.592
-0.399
-0.592
-0.494
-0.481
-0.488
-0.593
-0.539
-0.581
-0.629
-0.678
-0.702
-0.568
-0.492
-0.622
-0.946
-0.648
-0.81
-0.669
-0.781
-0.747
-0.812
-0.757
-0.726
-0.508
-0.608
-0.662
-0.582
-0.708
-0.523
-0.636
-0.467
-0.499
-0.43
-0.599
-0.34
-0.57
-0.697
-0.584
-0.439
-0.475
-0.595
-0.54
-0.515
-0.51
-0.588
-0.478
-0.424
-0.485
-0.583
-0.649
-0.481
-0.339
-0.481
-0.583
-0.394
-0.594
-0.446
-0.523
-0.318
-0.384
-0.373
-0.507
-0.342
-0.553
-0.571
-0.408
-0.562
-0.405
-0.492
-0.572
-0.354
-0.404
-0.345
-0.589
-0.406
-0.373
-0.354
-0.412
-0.398
-0.305
-0.631
-0.598
-0.463
-0.353
-0.488
-0.434
-0.554
-0.542
-0.564
-0.506
-0.423
-0.529
-0.4
-0.559
-0.385
-0.448
-0.486
-0.553
-0.572
-0.479
-0.442
-0.219
-0.527
-0.357
-0.565
-0.508
-0.445
-0.597
-0.46
-0.509
-0.397
-0.431
-0.599
-0.583
-0.366
-0.576
-0.56
-0.665
-0.522
-0.879
-0.607
-0.733
-0.94
-0.536
-0.481
-0.542
-0.643
-0.366
-0.483
-0.399
-0.582
-0.46
-0.592
-0.493
-0.336
-0.413
-0.372
-0.335
-0.397
-0.558
-0.426
-0.39
-0.456
-0.571
-0.521
-0.41
-0.486
-0.511
-0.522
-0.52
-0.16
-0.393
-0.603
-0.342
-0.538
-0.64
-0.572
-0.407
-0.535
-0.66
-0.6
-0.672
-0.527
-0.487
-0.582
-0.683
-0.308
-0.56
-0.598
-0.759
-0.481
-0.7
-0.519
-0.718
-0.641
-0.642
-0.579
-0.356
-0.48
-0.48
-0.493
-0.595
