-128.24
-140.25
-129.24
-125.86
-127.69
-122.77
-138.15
-131.07
-135.24
-144.33
-124.83
-128.71
-120.45
-133.91
-143.11
-129.23
-131.34
-148.53
-135.06
-132.39
-138.87
-143.25
-140.63
-151.58
-151.05
-132.88
-142.5
-145.43
-138.4
-138.77
-140.1
-140.28
-128.77
-138.06
-138.75
-130.02
-141.61
-137.49
-127.66
-130.35
-137.73
-149.12
-121.34
-138.59
-136.56
-152.98
-134.87
-139.74
-138.44
-142.22
-135.77
-150.29
-142.49
-137.39
-143.56
-129.21
-134.68
-137.25
-123.12
-133.37
-141.82
-127.83
-126.0
-124.49
-129.83
-122.23
-126.24
-125.9
-105.59
-128.44
-129.05
-121.81
-122.18
-123.29
-128.42
-115.19
-126.64
-143.85
-123.07
-131.28
-134.93
-138.22
-139.16
-132.05
-123.3
-119.27
-127.44
-119.81
-122.11
-120.26
-109.62
-104.79
-115.05
-119.9
-114.24
-123.38
-131.79
-109.63
-113.38
-124.26
-114.42
-120.31
-124.33
-119.62
-120.42
-124.63
-127.87
-128.16
-133.88
-123.64
-124.98
-138.94
-129.53
-127.65
-140.13
-132.82
-140.57
-127.32
-120.86
-132.24
-130.78
-132.35
-126.14
-136.81
-140.98
-137.07
-145.44
-122.38
-130.7
-126.92
-122.24
-130.49
-132.06
-133.22
-133.71
-123.46
-120.63
-119.94
-116.45
-134.88
-134.65
-128.25
-112.34
-135.62
-124.81
-113.17
-128.75
-136.33
-129.54
-123.91
