-712.426
-751.761
-722.073
-759.364
-773.883
-791.79
-810.581
-765.7
-789.723
-810.424
-757.395
-767.878
-818.23
-737.871
-734.988
-701.775
-715.99
-718.653
-712.794
-745.038
-724.137
-713.293
-688.783
-694.496
-687.001
-672.944
-692.186
-701.304
-664.181
-693.209
-724.444
-725.734
-697.828
-675.782
-631.974
-703.278
-686.32
-667.702
-742.953
-684.865
-723.872
-676.834
-681.916
-681.964
-710.135
-702.929
-695.337
-690.854
-687.664
-731.928
-697.113
-739.767
-690.458
-699.47
-758.616
-692.197
-744.419
-771.835
-793.656
-797.468
-766.9
-712.263
-694.156
-789.083
-758.818
-746.365
-766.528
-782.689
-765.824
-757.198
-767.448
-761.639
-811.426
-772.869
-788.294
-754.64
-765.026
-757.66
-744.456
-735.388
-780.008
-764.306
-791.625
-802.595
-749.737
-769.937
-768.059
-731.821
-721.979
-741.895
-734.789
-790.873
-748.262
-715.819
-771.296
-785.73
-744.713
-701.982
-728.962
-707.783
-756.894
-761.912
-742.674
-786.218
-769.85
-753.007
-754.588
-741.485
-750.935
-787.226
-796.298
-758.064
-741.666
-710.075
-737.724
-671.446
-709.772
-720.988
-634.678
-676.79
-677.987
-712.481
-685.612
-692.724
-700.65
-718.418
-749.94
-765.338
-693.545
-723.393
-809.838
-747.074
-722.09
-714.588
-662.54
-709.283
-703.348
-708.944
-693.112
-680.703
-681.734
-637.048
-621.55
-700.705
-679.836
-675.126
-668.616
-642.85
-682.738
-686.755
-635.484
-725.871
-720.242
-631.914
-713.083
-737.277
-743.571
-698.915
-751.803
-693.75
-759.482
-748.808
-727.521
-717.865
-790.911
-748.927
-756.022
-725.044
-768.924
-776.444
-707.368
-686.737
-691.812
-735.857
-734.886
-737.005
-776.805
-753.307
-733.46
-755.411
-667.87
-762.137
-748.569
-764.364
-793.343
-750.652
-720.301
-693.098
-701.693
-786.027
-718.247
-717.042
-720.943
-758.004
-723.716
-765.43
-759.333
-724.945
-716.714
-702.041
-651.702
-678.505
-640.346
-643.021
-660.6
-695.584
-671.032
-717.939
-675.353
-634.915
-660.263
-702.283
-692.192
-725.292
-664.79
-634.027
-686.095
-663.034
-732.367
-626.819
-648.95
-680.094
-708.149
-687.637
-707.328
-661.268
-622.114
-744.67
-720.498
-677.168
-690.748
-715.602
-684.091
-632.477
-649.626
-685.213
-778.217
-793.435
-737.069
-720.896
-707.981
-727.792
-753.69
-693.486
-699.168
-689.951
-692.947
-693.331
-651.526
-727.86
-711.467
-634.234
-645.562
-697.971
-665.382
-681.353
-689.552
-680.23
-695.118
-665.899
-677.715
-645.329
-679.652
-669.12
-686.627
-663.907
-642.696
-675.594
-708.678
-678.893
-737.041
-671.129
-724.567
-669.319
-712.568
-732.131
-715.569
-751.456
-707.096
-708.535
-692.841
-749.159
-713.444
-762.471
-719.56
-718.769
-666.736
-685.055
-763.334
-774.682
-771.163
-699.183
-690.052
-642.121
-674.43
-692.313
-685.474
-676.434
-642.676
-651.537
-689.199
-670.65
-632.786
-693.753
-688.597
-661.993
-610.769
-637.816
-646.413
-681.587
-663.411
-666.994
-634.511
-748.748
-711.482
-671.859
-699.871
-672.174
-623.622
-659.087
-645.406
-704.006
-676.157
-639.815
-633.713
-612.678
-648.023
-644.029
-631.812
-654.53
-641.612
-638.51
-690.651
-663.804
-614.67
-666.582
-637.681
-624.628
-686.781
-687.803
-699.123
-650.893
-761.453
-693.875
-694.149
-702.154
-724.284
-654.351
-689.944
-698.602
-750.511
-685.198
-738.469
-688.315
-737.931
-756.269
-785.482
-661.26
-730.966
-715.63
-724.3
-684.968
-697.517
-698.541
-697.044
-710.772
-698.134
-689.598
-744.64
-705.198
-710.568
-708.56
-716.127
-741.093
-709.707
-728.111
-705.055
-750.605
-680.676
-653.988
-686.699
-674.788
-697.441
-695.905
-753.514
-689.08
-706.617
-701.013
-737.239
-684.146
-716.848
-722.53
-726.276
-728.237
-729.165
-741.073
-725.291
-678.487
-721.788
-789.605
-753.911
-724.961
-704.717
-692.712
-684.695
-760.385
-699.902
-730.844
-716.455
-672.273
-703.364
-720.826
-684.227
-674.851
-704.205
-705.41
-698.05
-707.319
-702.169
-726.302
-680.046
-700.206
-702.745
-750.861
-756.911
-787.667
-755.413
-723.709
-712.746
-696.373
-703.457
-748.63
-719.511
-762.741
-752.802
-724.258
-745.588
-727.444
-722.234
-687.868
-788.92
-739.6
-795.479
-708.513
-720.742
-694.659
-705.277
-750.808
-672.318
-706.449
-700.277
