-111.24
-107.59
-110.66
-119.69
-117.83
-125.62
-125.71
-112.71
-124.37
-117.9
-118.82
-114.61
-127.41
-116.04
-106.12
-121.1
-115.14
-112.62
-109.99
-116.56
-113.07
-120.23
-109.55
-118.89
-115.5
-111.81
-103.51
-107.48
-102.64
-107.53
-119.41
-121.44
-104.18
-105.7
-108.32
-110.07
-105.03
-110.4
-104.36
-105.16
-111.63
-115.58
-104.1
-105.55
-111.8
-105.36
-117.49
-102.18
-109.71
-103.51
-116.41
-112.8
-106.15
-109.74
-104.14
-101.63
-121.13
-107.92
-102.24
-118.09
-114.65
-108.96
-114.96
-114.84
-110.14
-111.16
-119.53
-119.31
-112.68
-107.35
-120.1
-116.45
-119.71
-125.58
-115.71
-116.66
-118.37
-125.93
-123.41
-107.54
-109.62
-113.31
-114.51
-102.87
-113.95
-110.42
-112.0
-111.04
-100.51
-116.28
-113.61
-112.5
-107.15
-112.53
-118.03
-120.88
-113.73
-123.12
-113.37
-121.53
-117.13
-124.22
-125.81
-126.69
-121.31
-112.15
-123.89
-106.48
-117.69
-118.03
-122.97
-114.41
-118.24
-115.57
-116.43
-109.65
-124.31
-99.67
-102.62
-110.4
-105.26
-110.06
-117.21
-115.34
-111.73
-110.69
-117.44
-115.58
-109.86
-121.45
-104.45
-103.98
-109.37
-113.53
-108.62
-111.29
-108.12
-106.1
-109.32
-110.48
-109.76
-101.98
-102.44
-96.7
-109.23
-107.13
-116.09
-99.33
-105.58
-112.2
-106.77
-105.8
-117.28
-102.01
-116.42
-121.35
-116.48
-117.11
-116.64
-114.44
-114.2
-118.12
-120.84
-119.14
-105.07
-119.85
-120.61
-112.53
-109.56
-117.95
-113.72
-113.2
-126.21
-124.96
-118.09
-130.57
-129.74
-120.95
-113.09
-115.99
-103.37
-115.88
-124.13
-131.79
-129.39
-117.95
-115.13
-120.45
-118.76
-117.83
-125.84
-112.36
-104.45
-117.84
-123.35
-111.97
-130.89
-122.51
-118.35
-111.48
-117.81
-116.17
-105.97
-115.09
-108.03
-106.2
-107.97
-101.37
-112.2
-103.85
-110.05
-110.06
-116.53
-116.73
-104.38
-107.61
-108.53
-117.74
-116.11
-115.36
-108.96
-107.32
-99.05
-110.52
-110.84
-100.06
-98.76
-101.2
-117.02
-105.34
-111.1
-108.71
-112.59
-109.81
-111.31
-111.86
-116.05
-127.34
-113.66
-105.42
-118.71
-102.52
-110.72
-101.33
-114.53
-109.73
-111.41
-105.81
-107.99
-111.67
-114.36
-108.71
-106.24
-95.04
-107.77
-112.85
-97.33
-104.17
-109.12
-100.67
-106.59
-103.11
-113.06
-115.81
-117.33
-106.23
-109.7
-114.16
-103.87
-103.03
-103.22
-105.59
-114.15
-110.97
-106.16
-117.37
-120.3
-109.95
-117.68
-110.72
-108.43
-121.09
-106.24
-110.52
-114.51
-115.44
-114.91
-111.12
-116.55
-131.47
-130.55
-108.3
-106.62
-106.01
-114.49
-110.03
-112.91
-111.87
-108.58
-110.37
-110.82
-112.99
-113.89
-110.68
-113.98
-104.41
-103.03
-104.65
-110.69
-110.06
-113.71
-107.77
-100.89
-125.88
-105.93
-102.6
-104.16
-112.53
-101.73
-102.4
-111.49
-101.75
-103.05
-105.72
-98.62
-104.82
-108.28
-106.77
-105.41
-108.28
-106.32
-94.95
-106.67
-103.84
-89.31
-100.95
-102.58
-109.77
-108.46
-106.27
-93.55
-99.65
-114.84
-120.9
-111.75
-108.49
-110.64
-113.69
-102.02
-112.88
-107.06
-111.93
-108.1
-95.19
-106.46
-117.74
-115.07
-110.29
-100.81
-112.19
-101.18
-107.89
-110.94
-107.83
-113.28
-103.93
-110.47
-105.96
-111.1
-106.26
-122.7
-110.94
-108.56
-114.39
-109.5
-101.78
-97.41
-103.49
-106.0
-108.62
-111.52
-106.25
-103.17
-105.77
-112.97
-108.14
-114.0
-117.84
-120.52
-111.04
-112.13
-117.35
-108.64
-115.01
-113.6
-115.68
-101.34
-109.43
-106.5
-114.82
-106.14
-108.5
-105.7
-112.42
-107.37
-111.35
-106.71
-116.64
-111.02
-112.03
-113.62
-116.55
-105.61
-94.0
-105.05
-96.75
-112.75
-100.1
-107.21
-110.0
-102.95
-106.15
-104.26
-117.65
-128.87
-109.08
-116.09
-111.0
-108.84
-104.07
-119.23
-116.69
-114.62
-113.74
-115.35
-115.89
-121.93
-114.3
-112.85
-119.24
-115.4
-117.3
-102.07
-116.09
-112.31
-118.64
-104.1
-107.03
-100.46
-100.03
-105.42
