-0.673
-0.728
-0.708
-0.611
-0.724
-0.823
-0.524
-0.483
-0.583
-0.638
-0.666
-0.848
-0.91
-0.626
-0.606
-0.652
-0.826
-0.748
-0.866
-0.544
-0.647
-0.758
-0.669
-0.473
-0.644
-0.631
-0.428
-0.45
-0.432
-0.626
-0.498
-0.621
-0.609
-0.606
-0.4
-0.583
-0.74
-0.688
-0.564
-0.768
-0.537
-0.642
-0.719
-0.536
-0.559
-0.534
-0.624
-0.654
-0.55
-0.603
-0.873
-0.302
-0.619
-0.752
-0.626
-0.492
-0.549
-0.811
-0.526
-0.634
-0.694
-0.703
-0.735
-0.66
-0.82
-0.763
-0.737
-0.681
-0.765
-0.712
-0.722
-0.639
-0.556
-0.605
-0.63
-0.538
-0.696
-0.812
-0.83
-0.92
-0.757
-0.861
-0.655
-0.803
-0.847
-0.783
-0.85
-0.817
-0.766
-0.699
-0.747
-0.752
-0.617
-0.633
-0.817
-0.988
-0.741
-0.717
-0.715
-0.826
-0.673
-0.64
-0.776
-0.844
-0.86
-0.441
-0.612
-0.62
-0.662
-0.603
-0.761
-0.482
-0.55
-0.753
-0.746
-0.698
-0.79
-0.619
-0.819
-0.709
-0.903
-0.81
-0.608
-0.796
-0.927
-0.69
-0.795
-0.603
-0.88
-0.655
-0.579
-0.714
-0.714
-0.752
-0.763
-0.829
-0.809
-0.903
-0.814
-0.816
-0.827
-0.792
-0.707
-0.86
-0.963
-0.876
-1.019
-0.801
-0.701
-0.738
-0.734
-0.871
-0.908
-0.868
-0.934
-0.86
-0.827
-0.85
-0.879
-1.001
-0.754
-0.793
-0.662
-0.7
-0.861
-0.656
-0.96
-0.736
-0.711
-0.683
-0.576
-0.932
-0.504
-0.764
-0.708
-0.763
-0.642
-0.768
-0.767
-0.797
-0.571
-0.666
-0.803
-0.662
-0.682
-0.799
-0.682
-0.616
-0.893
-0.881
-0.481
-0.568
-0.656
-0.715
-0.559
-0.645
-0.558
-0.704
-0.399
-0.639
-0.552
-0.604
-0.731
-0.74
-0.495
-0.689
-0.609
-0.671
-0.752
-0.682
-0.764
-0.596
-0.636
-0.885
-0.592
-0.65
-0.723
-0.762
-0.7
-0.747
-0.945
-0.614
-0.714
-0.597
-0.781
-0.686
-0.508
-0.608
-0.663
-0.628
-0.372
-0.502
-0.646
-0.546
-0.611
-0.711
-0.583
-0.6
-0.616
-0.62
-0.683
-0.717
-0.604
-0.66
-0.715
-0.465
-0.487
-0.589
-0.698
-0.406
-0.462
-0.691
-0.67
-0.6
-0.565
-0.655
-0.674
-0.778
-0.666
-0.627
-0.567
-0.729
-0.679
-0.693
-0.585
-0.769
-0.638
-0.71
-0.864
-0.596
-0.674
-0.692
-0.75
-0.709
-0.671
-0.703
-0.686
-0.541
-0.645
-0.653
-0.603
-0.699
-0.608
-0.589
-0.63
-0.76
-0.581
-0.565
-0.608
-0.699
-0.59
-0.546
-0.467
-0.663
-0.632
-0.693
-0.562
-0.56
-0.584
-0.538
-0.485
-0.49
-0.558
-0.607
-0.579
-0.652
-0.575
-0.529
-0.643
-0.595
-0.7
-0.479
-0.58
-0.626
-0.658
-0.802
-0.725
-0.654
-0.692
-0.686
-0.541
-0.547
-0.642
-0.801
-0.534
-0.699
-0.617
-0.527
-0.633
-0.579
-0.619
-0.718
-0.583
-0.584
-0.576
-0.552
-0.571
-0.527
-0.46
-0.62
-0.747
-0.605
-0.598
-0.687
-0.551
-0.559
-0.421
-0.552
-0.579
-0.609
-0.565
-0.581
-0.534
-0.619
-0.678
-0.597
-0.605
-0.437
-0.347
-0.588
-0.478
-0.584
-0.545
-0.675
-0.686
-0.567
-0.628
-0.689
-0.614
-0.478
-0.511
-0.667
-0.384
-0.505
-0.529
-0.557
-0.39
-0.523
-0.712
-0.619
-0.731
-0.463
-0.74
-0.553
-0.684
-0.669
-0.616
-0.607
-0.638
-0.749
-0.694
-0.533
-0.725
-0.623
-0.661
-0.696
-0.62
-0.662
-0.613
-0.476
-0.691
-0.66
-0.687
-0.605
-0.718
-0.758
-0.636
-0.778
-0.529
-0.497
-0.653
-0.622
-0.572
-0.663
-0.676
-0.71
-0.754
-0.789
-0.597
-0.579
-0.63
-0.713
-0.723
-0.611
-0.614
-0.751
-0.612
-0.481
-0.624
-0.595
-0.633
-0.712
-0.63
-0.506
-0.657
-0.722
-0.612
-0.616
-0.739
-0.672
-0.831
-0.761
-0.756
-0.562
-0.662
-0.715
-0.747
-0.724
-0.662
-0.605
-0.64
