-119.87
-116.65
-127.22
-121.49
-121.07
-117.67
-125.1
-118.88
-116.44
-106.89
-121.2
-114.42
-112.59
-115.56
-110.91
-113.71
-115.37
-115.8
-116.74
-104.17
-99.62
-112.74
-107.58
-105.91
-106.41
-117.38
-112.76
-121.99
-112.16
-119.58
-115.95
-122.42
-109.03
-121.08
-109.02
-113.78
-111.79
-114.65
-109.46
-108.0
-118.92
-108.2
-123.45
-115.72
-105.77
-125.25
-114.96
-123.38
-113.83
-104.97
-122.05
-112.36
-102.75
-114.06
-110.18
-121.37
-116.77
-114.45
-111.74
-111.63
-107.01
-114.49
-116.21
-107.26
-117.04
-121.57
-112.01
-112.37
-113.46
-109.59
-120.26
-106.5
-111.67
-115.99
-117.44
-114.38
-105.24
-118.34
-113.14
-122.53
-121.55
-117.81
-116.58
-115.76
-111.17
-111.12
-108.18
-108.65
-111.26
-101.71
-106.08
-114.08
-107.21
-113.07
-106.16
-115.3
-117.15
-108.02
-120.0
-130.67
-121.97
-110.91
-116.28
-114.95
-128.08
-107.1
-113.99
-118.5
-117.23
-104.92
-115.43
-126.24
-123.53
-123.7
-113.36
-124.29
-121.57
-122.21
-123.4
-112.69
-115.53
-112.12
-113.92
-112.78
-117.52
-116.56
-118.53
-108.85
-110.49
-115.94
-120.99
-123.21
-106.56
-117.9
-118.82
-113.03
-107.35
-113.02
-105.06
-104.24
-110.21
-105.63
-116.16
-115.98
-108.51
-112.75
-104.62
-118.6
-110.99
-120.62
-104.61
-111.35
-112.72
-104.82
-94.23
-112.47
-112.16
-112.86
-109.21
-100.63
-101.07
-106.76
-114.33
-107.55
-117.52
-117.75
-108.23
-109.86
-130.44
-112.62
-113.71
-119.74
-113.33
-117.37
-111.89
-108.37
-99.22
-101.54
-101.49
-122.65
-116.36
-105.38
-112.53
-106.37
-112.11
-120.65
-104.47
-112.31
-117.16
-116.08
-120.88
-113.67
-118.4
-108.59
-111.74
-113.55
-120.03
-107.81
-113.5
-104.58
-112.31
-116.41
-106.48
-110.56
-119.88
-110.57
-112.12
-117.14
-117.95
-116.89
-111.46
-102.22
-118.6
-111.83
-110.2
-117.66
-108.91
-120.77
-122.69
-115.73
-118.65
-113.94
-110.06
-115.46
-115.43
-116.12
-105.84
-111.52
-99.96
-115.0
-99.08
-103.71
-112.3
-103.58
-102.74
-114.03
-100.57
-102.08
-94.43
-102.19
-101.5
-103.99
-113.75
-104.49
-99.4
-103.76
-111.48
-115.45
-107.14
-103.14
-100.45
-107.62
-105.84
-96.86
-103.41
-111.01
-109.63
-107.98
-92.65
-111.09
-114.12
-108.09
-103.67
-112.78
-115.44
-116.5
-116.32
-110.58
-113.63
-115.34
-110.0
-111.07
-109.94
-113.42
-104.79
-120.39
-108.14
-110.72
-109.88
-95.42
-106.07
-122.4
-109.8
-109.53
-113.47
-109.44
-103.65
-112.94
-118.59
-113.51
-114.67
-119.91
-110.91
-110.29
-108.41
-111.32
-113.84
-103.39
-114.46
-106.14
-107.09
-109.68
-104.13
-115.61
-105.07
-116.78
-112.9
-116.36
-120.42
-112.02
-116.87
-117.0
-115.54
-113.63
-115.6
-114.9
-119.77
-95.85
-114.48
-115.75
-113.67
-99.23
-102.54
-121.97
-104.17
-110.79
-113.07
-103.03
-109.37
-122.3
-107.73
-114.82
-110.45
-111.01
-103.78
-109.43
-111.34
-117.34
-109.43
-120.33
-105.44
-106.77
-98.8
-115.94
-110.26
-103.75
-103.33
-109.5
-107.76
-112.77
-112.48
-114.84
-116.66
-113.34
-106.39
-107.48
-108.36
-105.2
-110.97
-111.91
-106.02
-108.76
-106.01
-117.06
-98.44
-102.41
-115.38
-116.99
-105.04
-108.75
-108.77
-120.47
-105.34
-119.22
-114.46
-106.21
-116.37
-112.63
-108.26
-110.32
-99.29
-96.93
-105.05
-106.16
-108.51
-104.63
-99.98
-114.06
-105.8
-101.77
-104.44
-103.86
-108.01
-115.28
-106.49
-102.23
-120.95
-114.89
-107.64
-108.66
-126.04
-120.77
-115.43
-112.65
-127.62
-123.56
-117.46
-113.27
-109.42
-120.24
-113.82
-111.32
-121.63
-113.61
-118.07
-108.41
-109.8
-109.91
-108.85
-115.74
-102.14
-111.88
-109.83
-103.64
-107.89
-119.33
-124.48
-117.33
-91.36
-114.82
-99.61
-108.56
-105.84
-105.17
-101.68
-116.31
-112.02
-107.67
-109.17
-113.07
-102.77
-107.29
-105.96
-114.58
-111.17
-111.49
-109.18
-115.97
-109.01
-94.38
-114.06
