-143.33
-143.76
-140.36
-130.07
-129.22
-139.87
-154.21
-159.94
-141.28
-136.82
-132.69
-140.94
-144.36
-141.67
-136.93
-129.0
-143.35
-141.02
-146.7
-134.33
-143.12
-136.41
-134.32
-138.39
-137.93
-133.31
-142.76
-132.25
-130.14
-143.77
-138.7
-133.92
-143.1
-131.15
-144.83
-132.08
-128.49
-133.18
-136.44
-140.1
-135.53
-129.46
-140.55
-138.64
-137.2
-143.95
-149.53
-126.82
-139.44
-155.8
-138.14
-135.57
-144.98
-146.96
-156.18
-145.02
-137.54
-142.9
-142.4
-138.49
-133.66
-147.89
-147.47
-131.7
-141.8
-150.82
-156.38
-148.68
-151.63
-146.6
-140.3
-145.87
-138.16
-137.69
-137.95
-135.68
-150.04
-139.54
-133.54
-139.2
-130.43
-152.44
-145.14
-147.11
-138.99
-140.51
-153.09
-139.05
-134.18
-118.89
-137.82
-121.34
-139.5
-124.44
-122.2
-126.38
-125.63
-131.46
-122.86
-149.01
-130.22
-144.94
-133.7
-142.38
-141.72
-132.7
-135.11
-131.0
-130.15
-113.1
-117.41
-121.95
-123.63
-107.02
-126.87
-132.55
-136.04
-137.35
-146.53
-123.88
-133.5
-133.72
-123.0
-128.72
-120.97
-117.55
-110.02
-121.21
-115.76
-137.34
-118.42
-127.16
-118.44
-130.65
-127.8
-134.8
-125.82
-128.25
-136.89
-129.87
-135.92
-134.57
-137.93
-122.64
-118.06
-140.32
-134.06
-127.69
-133.41
-130.51
