-843.152
-830.531
-793.342
-791.649
-806.452
-783.082
-762.596
-801.666
-758.372
-772.639
-810.32
-776.535
-750.009
-769.91
-741.267
-727.627
-775.948
-777.571
-816.901
-745.507
-745.483
-737.07
-787.05
-783.029
-764.059
-735.483
-758.122
-783.784
-797.81
-803.112
-769.282
-782.949
-770.832
-789.798
-755.018
-779.29
-772.059
-734.113
-778.887
-757.249
-787.923
-814.168
-777.942
-806.944
-814.88
-815.685
-802.542
-853.816
-837.638
-789.554
-816.998
-769.295
-803.915
-797.422
-795.672
-811.767
-892.068
-878.247
-861.736
-839.52
-792.054
-793.506
-799.233
-797.897
-796.69
-773.858
-810.055
-792.286
-806.454
-804.504
-798.918
-802.128
-797.714
-770.751
-775.714
-787.07
-830.524
-779.58
-797.491
-829.518
-788.273
-806.571
-806.74
-746.295
-762.479
-767.184
-759.675
-777.99
-802.982
-755.59
-776.478
-786.904
-835.249
-783.702
-752.492
-844.98
-833.548
-746.708
-798.181
-809.096
-816.289
-860.12
-841.542
-828.825
-809.692
-845.802
-813.934
-801.404
-797.626
-816.012
-759.965
-759.568
-836.535
-771.603
-781.653
-830.875
-829.32
-831.309
-814.642
-794.86
-799.264
-778.72
-775.337
-800.294
-789.501
-803.418
-834.656
-800.128
-767.52
-786.441
-788.695
-812.07
-816.395
-853.09
-794.268
-818.45
-807.09
-788.744
-746.482
-781.693
-790.341
-756.581
-793.997
-743.572
-766.073
-777.25
-795.641
-782.647
-739.716
-809.464
-803.434
-770.808
-756.9
-742.601
-769.321
-763.14
-781.494
-756.063
-734.619
-755.68
-729.946
-755.361
-755.205
-732.045
-783.073
-755.943
-762.579
-767.898
-794.288
-783.747
-813.974
-807.854
-777.888
-739.926
-720.756
-720.162
-720.45
-774.869
-666.043
-765.595
-731.569
-753.083
-740.955
-751.533
-784.93
-790.616
-802.141
-764.408
-793.448
-764.346
-781.975
-773.87
-772.555
-768.734
-760.063
-768.674
-784.011
-763.773
-732.502
-744.73
-771.538
-752.082
-796.836
-759.671
-721.605
-754.329
-723.942
-737.072
-800.246
-750.733
-768.338
-741.171
-743.505
-730.568
-785.098
-765.114
-781.887
-826.516
-793.361
-833.263
-826.283
-833.007
-805.743
-794.404
-813.649
-750.667
-765.295
-799.662
-809.562
-795.603
-746.279
-735.193
-729.992
-704.128
-725.182
-709.991
-729.545
-716.211
-720.975
-702.819
-741.53
-720.614
-779.735
-750.107
-717.51
-752.846
-728.144
-730.872
-756.049
-714.025
-747.586
-803.754
-733.042
-677.352
-707.393
-720.413
-710.57
-723.045
-730.972
-809.692
-747.722
-766.695
-726.569
-757.974
-791.69
-726.85
-776.339
-754.71
-748.189
-709.328
-744.703
-722.731
-732.203
-738.655
-727.539
-741.768
-775.986
-757.384
-718.29
-743.449
-767.977
-797.299
-688.191
-749.354
-760.675
-692.307
-758.625
-774.754
-757.865
-740.113
-789.545
-721.045
-752.892
-760.95
-757.934
-725.984
-706.766
-757.225
-730.833
-674.151
-730.842
-693.016
-753.001
-724.295
-714.839
-699.03
-724.372
-746.271
-729.014
-749.581
-767.226
-717.229
-754.986
-767.421
-771.062
-794.104
-775.677
-775.016
-741.395
-767.527
-777.701
-778.827
-782.463
-775.382
-768.589
-755.141
-761.686
-787.577
-753.813
-793.743
-756.991
-766.125
-737.621
-747.641
-737.245
-779.623
-728.448
-737.966
-784.739
-779.241
-802.896
-822.806
-772.377
-751.936
-760.622
-725.679
-758.101
-761.698
-732.585
-734.93
-783.97
-769.013
-762.78
-751.429
-728.201
-701.832
-740.447
-734.371
-752.72
-727.296
-768.066
-715.755
-716.235
-764.566
-760.801
-725.35
-758.676
-782.086
-795.334
-815.769
-794.533
-800.164
-809.67
-846.869
-826.148
-822.636
-783.018
-799.171
-774.821
-836.886
-821.098
-826.175
-732.618
-772.246
-740.628
-763.125
-753.592
-742.757
-793.837
-791.774
-785.171
-747.253
-772.109
-769.201
-758.592
-785.577
-783.523
-791.851
-756.514
-805.89
-784.988
-830.601
-800.591
-832.684
-797.641
-826.278
-788.719
-869.328
-801.417
-858.242
-821.974
-867.088
-806.629
-845.996
-842.206
-801.619
-825.607
-780.014
-837.99
-818.901
-811.426
-790.728
-821.121
-770.608
-788.324
-762.153
-809.817
-795.678
-799.769
-777.645
-754.26
-769.74
-785.03
-787.728
-801.887
-798.729
-771.351
-749.072
-728.366
-709.925
-789.524
-844.079
-763.949
-797.363
-759.152
-791.087
-764.839
-810.211
-780.225
-790.994
-789.107
