-0.182
-0.254
-0.204
-0.272
-0.189
-0.257
-0.238
-0.201
-0.23
-0.21
-0.112
-0.278
-0.296
-0.153
-0.204
-0.164
-0.265
-0.248
-0.235
-0.191
-0.278
-0.257
-0.221
-0.216
-0.226
-0.156
-0.27
-0.123
-0.191
-0.237
-0.226
-0.464
-0.2
-0.225
-0.246
-0.353
-0.323
-0.261
-0.203
-0.251
-0.235
-0.243
-0.251
-0.21
-0.254
-0.265
-0.271
-0.28
-0.269
-0.265
-0.231
-0.345
-0.275
-0.281
-0.31
-0.353
-0.199
-0.354
-0.221
-0.353
-0.219
-0.239
-0.304
-0.336
-0.271
-0.185
-0.124
-0.317
-0.221
-0.123
-0.188
-0.09
-0.161
-0.163
-0.201
-0.253
-0.211
-0.188
-0.169
-0.297
-0.299
-0.236
-0.293
-0.138
-0.27
-0.309
-0.343
-0.285
-0.261
-0.321
-0.262
-0.256
-0.268
-0.294
-0.41
-0.313
-0.251
-0.299
-0.273
-0.342
-0.253
-0.15
-0.271
-0.243
-0.188
-0.253
-0.326
-0.273
-0.46
-0.291
-0.307
-0.175
-0.392
-0.361
-0.22
-0.413
-0.398
-0.238
-0.177
-0.442
-0.47
-0.335
-0.238
-0.245
-0.239
-0.192
-0.195
-0.222
-0.335
-0.268
-0.218
-0.211
-0.387
-0.25
-0.23
-0.197
-0.266
-0.247
-0.238
-0.235
-0.167
-0.236
-0.197
-0.331
-0.335
-0.391
-0.199
-0.174
-0.233
-0.235
-0.246
-0.186
-0.226
-0.157
-0.145
-0.163
-0.2
-0.375
-0.328
-0.306
-0.246
-0.3
-0.285
-0.149
-0.378
-0.368
-0.337
-0.244
-0.292
-0.303
-0.14
-0.18
-0.167
-0.226
-0.242
-0.092
-0.154
-0.198
-0.141
-0.28
-0.273
-0.295
-0.258
-0.203
-0.338
-0.24
-0.216
-0.334
-0.288
-0.216
-0.194
-0.208
-0.163
-0.211
-0.297
-0.262
-0.149
-0.151
-0.215
-0.21
-0.216
