-80.75
-73.31
-77.74
-78.64
-68.67
-71.63
-80.33
-82.52
-68.75
-74.12
-76.76
-78.76
-62.67
-70.2
-79.43
-78.58
-85.55
-81.85
-72.69
-85.98
-84.83
-86.54
-86.16
-76.47
-77.08
-79.15
-80.53
-82.05
-81.92
-83.98
-76.72
-85.18
-84.41
-82.91
-84.58
-89.95
-83.26
-74.94
-81.88
-81.98
-82.15
-79.87
-82.58
-80.58
-75.55
-82.58
-86.66
-91.8
-83.11
-74.27
-77.41
-84.55
-81.98
-80.15
-83.53
-85.04
-81.64
-77.48
-82.58
-82.33
-86.3
-83.52
-82.01
-89.5
-84.84
-78.45
-71.43
-81.33
-73.04
-82.15
-79.08
-76.04
-79.99
-68.26
-67.53
-65.58
-77.72
-91.65
-77.86
-79.92
-79.58
-86.69
-87.92
-84.31
-83.22
-85.38
-75.48
-85.54
-87.64
-90.69
-89.51
-90.31
-92.27
-88.4
-88.01
-80.8
-83.05
-85.46
-87.51
-87.6
-95.18
-91.87
-79.35
-84.71
-81.12
-85.32
-85.27
-83.4
-91.85
-75.74
-80.21
-77.75
-78.18
-88.55
-88.2
-88.47
-93.77
-95.17
-90.04
-90.27
-91.57
-89.97
-83.5
-80.79
-94.79
-88.85
-84.27
-84.55
-87.38
-86.26
-98.89
-86.37
-84.03
-80.64
-81.39
-84.1
-75.63
-74.28
-70.39
-78.33
-70.44
-70.02
-73.37
-80.13
-72.2
-75.14
-65.16
-68.77
-67.7
-72.36
-83.63
-78.22
-74.69
-81.49
-75.7
-80.25
-71.1
-82.42
-79.85
-84.2
-80.52
-83.17
-86.58
-84.62
-80.9
-84.89
-84.51
-81.41
-77.05
-80.7
-78.63
-76.24
-76.3
-83.96
-80.09
-75.68
-75.09
-86.78
-77.85
-81.63
-80.99
-81.55
-84.4
-83.57
-86.8
-88.03
-83.85
-82.39
-80.02
-85.39
-82.06
-82.81
-80.19
-69.27
-78.98
-79.78
-80.42
-75.97
-76.41
-73.84
-69.24
