-73.45
-78.45
-84.86
-83.81
-70.68
-72.54
-77.63
-82.17
-82.47
-90.95
-85.37
-90.68
-74.44
-75.77
-91.14
-79.35
-80.37
-80.82
-64.28
-73.48
-58.79
-76.27
-66.91
-60.04
-71.96
-69.97
-93.56
-96.41
-95.79
-90.41
-89.73
-87.42
-92.71
-86.25
-80.97
-85.94
-76.21
-92.33
-99.12
-95.4
-97.89
-87.64
-101.17
-94.41
-92.57
-91.73
-82.14
-86.1
-87.49
-106.12
-90.88
-95.85
-71.65
-90.44
-89.15
-87.89
-86.76
-86.69
-88.2
-81.28
-82.65
-85.7
-72.78
-85.07
-102.0
-91.4
-100.29
-99.29
-93.26
-96.46
-103.18
-86.21
-96.41
-75.05
-85.2
-98.32
-79.2
-80.67
-83.36
-76.83
-91.38
-88.5
-73.55
-78.39
-82.42
-85.37
-85.77
-75.82
-72.35
-81.6
-85.24
-80.28
-70.61
-80.79
-85.48
-77.54
-63.04
-72.67
-67.18
-79.68
-89.97
-80.0
-80.29
-70.08
-65.39
-78.15
-78.92
-87.98
-90.82
-93.97
-88.9
-84.66
-97.81
-106.97
-83.7
-82.63
-95.95
-86.18
-81.69
-79.93
-81.29
-84.79
-78.52
-67.54
-78.53
-84.59
-61.72
-81.77
-88.29
-74.01
-87.77
-87.44
-88.77
-85.8
-88.01
-89.11
-85.37
-80.71
-73.98
-81.48
-84.94
-80.91
-76.57
-70.36
-80.71
-85.08
-84.72
-72.13
-76.39
-77.01
