-523.995
-468.098
-489.822
-494.704
-482.056
-466.36
-499.832
-578.132
-525.689
-505.523
-519.222
-559.555
-514.413
-477.4
-550.33
-551.08
-542.648
-516.757
-513.364
-527.6
-551.285
-540.882
-539.162
-546.609
-474.274
-551.472
-568.293
-550.506
-562.505
-570.203
-523.33
-523.919
-566.853
-573.24
-634.819
-667.749
-550.823
-508.577
-546.017
-542.348
-544.463
-585.223
-553.001
-539.652
-554.067
-600.77
-569.993
-538.955
-595.683
-546.655
-569.433
-572.735
-595.252
-601.343
-542.389
-545.009
-567.562
-541.223
-562.691
-539.552
-548.583
-581.846
-521.459
-553.022
-594.592
-540.398
-634.484
-599.264
-529.053
-541.831
-536.86
-524.239
-564.313
-494.13
-496.036
-486.036
-582.117
-659.876
-672.358
-606.984
-648.599
-564.507
-635.627
-614.674
-585.338
-633.115
-606.928
-633.381
-636.34
-650.181
-624.872
-586.503
-652.141
-622.716
-644.174
-588.69
-597.695
-564.739
-589.689
-610.415
-591.9
-572.8
-535.083
-571.437
-565.376
-561.996
-590.715
-625.88
-619.706
-584.566
-599.421
-565.173
-597.878
-608.194
-675.149
-623.475
-683.853
-614.945
-610.023
-625.863
-615.684
-581.188
-611.44
-590.053
-645.99
-617.58
-606.613
-571.209
-567.955
-558.55
-611.282
-583.635
-564.927
-550.626
-542.646
-578.355
-534.367
-519.86
-481.997
-579.251
-599.41
-554.529
-525.029
-561.957
-547.227
-547.077
-508.06
-535.052
-490.161
-562.8
-584.878
-511.764
-542.629
-532.428
-531.471
-555.911
-536.449
-588.725
-573.13
-568.542
-595.055
-600.372
-546.361
-611.993
-610.669
-564.333
-603.95
-559.498
-498.884
-542.432
-551.629
-540.556
-555.546
-491.539
-529.144
-559.366
-471.127
-550.574
-539.591
-539.623
-531.75
-556.0
-600.612
-517.089
-508.652
-572.694
-547.841
-580.956
-587.75
-552.651
-577.508
-587.23
-514.768
-503.458
-574.572
-563.053
-565.429
-472.871
-537.964
-502.753
-509.836
