-0.972
-0.572
-0.974
-0.733
-0.633
-0.811
-0.641
-0.737
-0.961
-1.037
-0.977
-1.021
-1.018
-1.037
-1.042
-0.86
-1.042
-0.911
-1.305
-1.274
-0.944
-0.926
-0.982
-0.981
-0.79
-0.869
-0.739
-0.827
-0.813
-0.619
-0.848
-0.931
-0.569
-0.718
-0.683
-0.765
-0.72
-0.735
-0.607
-0.798
-0.767
-0.798
-0.988
-0.661
-0.82
-0.764
-0.523
-0.665
-0.619
-0.533
-0.552
-0.641
-0.604
-0.591
-0.732
-0.628
-0.547
-0.715
-0.647
-0.47
-0.436
-0.468
-0.595
-0.567
-0.631
-0.415
-0.66
-0.649
-0.604
-0.332
-0.283
-0.415
-0.512
-0.464
-0.374
-0.342
-0.451
-0.416
-0.272
-0.388
-0.469
-0.347
-0.332
-0.511
-0.497
-0.556
-0.516
-0.55
-0.261
-0.229
-0.474
-0.4
-0.503
-0.585
-0.395
-0.45
-0.317
-0.398
-0.357
-0.4
-0.472
-0.469
-0.38
-0.394
-0.432
-0.616
-0.38
-0.299
-0.265
-0.332
-0.359
-0.374
-0.415
-0.368
-0.546
-0.539
-0.517
-0.456
-0.572
-0.523
-0.588
-0.324
-0.361
-0.33
-0.469
-0.6
-0.427
-0.381
-0.509
-0.361
-0.451
-0.439
-0.404
-0.484
-0.361
-0.599
-0.371
-0.429
-0.439
-0.332
-0.291
-0.412
-0.362
-0.49
-0.454
-0.409
-0.525
-0.573
-0.662
-0.632
-0.726
-0.58
-0.512
-0.731
-0.609
-0.611
-0.743
-0.659
-0.515
-0.531
-0.553
-0.427
-0.491
-0.542
-0.495
-0.613
-0.524
-0.447
-0.551
-0.468
-0.432
-0.432
-0.507
-0.548
-0.568
-0.5
-0.429
-0.672
-0.502
-0.489
-0.419
-0.509
-0.331
-0.577
-0.473
-0.593
-0.598
-0.47
-0.479
-0.525
-0.444
-0.605
-0.615
-0.508
-0.6
-0.559
-0.585
-0.704
-0.49
-0.524
-0.359
-0.346
-0.523
-0.431
-0.503
-0.451
-0.466
-0.494
-0.473
-0.626
-0.619
-0.635
-0.582
-0.623
-0.713
-0.576
-0.577
-0.624
-0.508
-0.554
-0.5
-0.52
-0.507
-0.59
-0.531
-0.684
-0.559
-0.554
-0.444
-0.362
-0.309
-0.431
-0.358
-0.612
-0.504
-0.456
-0.456
-0.474
-0.344
-0.468
-0.394
-0.407
-0.476
-0.359
-0.384
-0.529
-0.626
-0.546
-0.483
-0.526
-0.42
-0.454
-0.344
-0.529
-0.431
-0.467
-0.448
-0.335
-0.423
-0.576
-0.602
-0.47
-0.558
-0.52
-0.503
-0.573
-0.268
-0.555
-0.629
-0.559
-0.514
-0.389
-0.448
-0.571
-0.49
-0.634
-0.414
-0.373
-0.427
-0.498
-0.372
-0.384
-0.493
-0.5
-0.552
-0.449
-0.354
-0.593
-0.505
-0.457
-0.575
-0.522
-0.662
-0.363
-0.357
-0.553
-0.352
-0.47
-0.498
-0.29
-0.394
-0.473
-0.432
-0.36
-0.554
-0.48
-0.475
-0.39
-0.274
-0.495
-0.328
-0.396
-0.526
-0.467
-0.564
-0.595
-0.476
-0.475
-0.289
-0.439
-0.476
-0.441
-0.505
-0.451
-0.623
-0.379
-0.412
-0.373
-0.4
-0.484
-0.354
-0.496
-0.387
-0.425
-0.416
-0.473
-0.378
-0.49
-0.612
-0.412
-0.502
-0.338
-0.453
-0.398
-0.388
-0.475
-0.453
-0.404
-0.522
-0.5
-0.429
-0.418
-0.508
-0.562
-0.388
-0.572
-0.422
-0.455
-0.326
-0.372
-0.517
-0.529
-0.281
-0.52
-0.503
-0.34
-0.483
-0.556
-0.494
-0.619
-0.451
-0.407
-0.385
-0.438
-0.498
-0.393
-0.504
-0.367
-0.596
-0.457
-0.429
-0.461
-0.295
-0.383
-0.632
-0.539
-0.56
-0.535
-0.448
-0.543
-0.536
-0.574
-0.601
-0.38
-0.496
-0.534
-0.599
-0.631
-0.504
-0.523
-0.447
-0.429
-0.58
-0.574
-0.497
-0.503
-0.513
-0.455
-0.563
-0.443
-0.518
-0.43
-0.447
-0.478
-0.441
-0.433
-0.497
-0.402
-0.355
-0.523
-0.548
-0.536
-0.581
-0.507
-0.5
-0.558
-0.492
-0.486
-0.562
-0.499
-0.46
-0.422
-0.439
-0.454
-0.508
-0.542
-0.377
-0.492
-0.49
-0.476
-0.481
-0.61
-0.504
-0.489
-0.611
-0.394
-0.531
-0.527
-0.485
-0.544
-0.542
