-125.06
-125.63
-137.73
-116.41
-120.05
-131.57
-117.95
-122.88
-133.89
-126.1
-128.27
-120.15
-123.56
-125.59
-123.06
-97.4
-97.09
-105.09
-105.57
-109.33
-99.02
-109.0
-113.62
-102.77
-94.77
-96.38
-96.31
-97.26
-98.45
-105.6
-102.72
-85.43
-106.81
-104.81
-119.21
-126.74
-125.74
-96.54
-104.58
-112.03
-110.35
-118.84
-100.96
-106.32
-104.48
-114.93
-108.33
-121.03
-107.41
-118.53
-101.5
-114.46
-103.3
-111.39
-108.15
-115.08
-99.41
-105.89
-97.67
-96.9
-121.03
-118.0
-121.6
-119.84
-119.3
-121.36
-122.63
-122.4
-119.25
-109.49
-119.34
-108.07
-119.72
-117.18
-114.59
-111.62
-120.73
-103.15
-116.47
-112.1
-116.52
-107.65
-123.31
-111.45
-103.79
-110.62
-110.95
-107.57
-106.09
-113.0
-108.77
-109.15
-114.31
-101.22
-114.81
-109.0
-107.31
-109.78
-108.42
-108.86
-117.53
-114.1
-130.24
-124.8
-120.04
-134.23
-121.49
-129.21
-124.49
-125.4
-133.38
-120.92
-113.41
-134.91
-119.23
-121.67
-118.5
-106.44
-116.18
-115.01
-115.37
-119.95
-122.82
-113.84
-124.67
-131.52
-121.27
-116.78
-128.69
-129.95
-109.0
-102.54
-106.85
-114.0
-108.31
-127.73
-125.45
-130.25
-116.01
-132.41
-123.53
-123.82
-139.02
-125.09
-127.76
-126.82
-121.58
-119.76
-118.94
-124.71
