-120.71
-114.63
-116.5
-117.84
-121.26
-119.6
-115.6
-121.27
-129.37
-130.92
-131.33
-122.03
-123.68
-126.35
-124.52
-136.86
-134.41
-127.88
-139.23
-132.27
-127.4
-128.32
-130.71
-122.53
-133.85
-120.5
-120.97
-120.64
-125.97
-121.35
-131.84
-124.82
-124.6
-126.92
-125.87
-117.26
-117.46
-117.87
-131.3
-124.05
-119.14
-114.87
-123.42
-115.2
-125.45
-117.64
-117.78
-122.16
-122.73
-114.7
-121.32
-121.2
-122.34
-106.99
-116.81
-119.84
-109.35
-108.33
-112.82
-110.72
-106.96
-111.96
-125.24
-120.01
-119.22
-108.42
-92.96
-111.43
-108.47
-104.25
-103.82
-93.79
-112.67
-109.18
-103.01
-99.42
-98.42
-101.44
-108.47
-93.87
-107.94
-101.64
-99.51
-111.23
-108.47
-112.77
-106.66
-114.76
-107.84
-105.82
-106.95
-107.26
-101.91
-102.22
-106.72
-110.68
-110.79
-109.33
-111.88
-104.54
-108.11
-113.63
-105.08
-117.69
-110.98
-109.04
-100.05
-99.27
-102.09
-111.79
-116.97
-109.03
-113.0
-111.99
-109.69
-114.34
-108.54
-106.58
-102.64
-107.23
-105.5
-102.41
-96.91
-110.0
-116.68
-107.58
-109.02
-110.3
-114.25
-100.79
-106.57
-108.94
-105.77
-110.65
-105.82
-102.95
-111.51
-108.7
-113.27
-107.41
-110.88
-101.16
-104.21
-112.07
-102.1
-103.91
-112.18
-115.43
-118.05
-109.12
-107.16
-110.21
-122.81
-125.6
-119.11
-122.11
-120.6
-117.27
-110.95
-111.9
-98.67
-105.25
-116.56
-125.36
-116.02
-114.3
-113.65
-109.53
-116.54
-107.49
-108.92
-110.94
-108.67
-112.02
-126.84
-111.49
-115.33
-113.53
-116.02
-110.81
-108.18
-97.09
-105.18
-102.68
-111.19
-113.59
-115.59
-118.12
-113.88
-112.53
-127.67
-119.15
-129.36
-113.59
-117.23
-110.08
-116.68
-118.34
-115.04
-119.08
-117.72
-93.62
-119.83
-117.46
-117.92
-114.73
-118.01
-125.44
-119.37
-121.21
-140.95
-126.06
-122.14
-120.46
-127.85
-124.9
-121.01
-128.06
-115.14
-116.04
-122.24
-110.04
-113.07
-117.37
-106.89
-110.68
-114.23
-102.69
-111.95
-116.1
-109.31
-111.38
-107.35
-99.2
-113.42
-103.66
-105.16
-97.9
-100.57
-91.96
-100.07
-100.19
-108.28
-103.51
-97.86
-103.7
-111.88
-108.49
-94.64
-109.24
-111.52
-94.14
-100.98
-110.09
-107.18
-106.59
-100.57
-105.85
-98.32
-105.57
-97.2
-107.15
-97.22
-100.23
-104.09
-98.69
-89.56
-109.07
-111.04
-105.59
-110.79
-96.89
-98.22
-105.83
-102.53
-103.46
-102.5
-97.04
-95.58
-100.48
-102.56
-102.55
-98.5
-91.93
-99.9
-99.83
-108.28
-100.58
-108.73
-101.99
-107.67
-94.05
-99.02
-107.3
-94.75
-103.59
-101.03
-104.34
-102.54
-116.29
-101.11
-106.52
-104.42
-101.69
-100.57
-113.62
-100.95
-108.98
-105.79
-111.95
-111.65
-96.23
-104.5
-110.15
-111.93
-97.31
-104.69
-105.47
-96.56
-103.08
-93.93
-96.65
-90.24
-94.73
-107.8
-95.48
-107.08
-108.68
-100.34
-92.47
-96.59
-91.96
-107.28
-106.24
-90.17
-103.67
-110.58
-99.68
-107.38
-95.52
-104.79
-106.56
-102.37
-96.21
-111.57
-116.93
-116.21
-109.13
-106.77
-96.89
-103.79
-106.15
-103.48
-107.35
-98.6
-107.74
-109.85
-105.28
-99.21
-108.7
-100.39
-101.51
-93.26
-105.5
-97.5
-92.21
-115.06
-109.62
-107.34
-108.01
-107.96
-102.98
-104.87
-95.68
-102.41
-103.48
-96.77
-104.74
-110.34
-106.5
-110.17
-110.75
-94.75
-104.05
-104.48
-105.89
-111.3
-108.69
-116.66
-105.5
-97.35
-116.41
-108.65
-119.54
-120.54
-108.51
-102.08
-107.51
-101.07
-110.37
-105.8
-104.78
-118.85
-118.43
-116.96
-123.81
-106.14
-107.03
-110.69
-119.99
-119.39
-112.86
-119.04
-116.38
-103.23
-116.01
-121.33
-105.68
-102.7
-113.32
-96.15
-117.8
-117.05
-100.27
-106.16
-109.67
-108.49
-98.13
-112.32
-100.48
-104.9
-99.26
-111.55
-112.21
-111.06
-113.41
-120.62
-106.63
-117.2
-116.27
-108.61
-112.54
-106.07
-115.64
-106.44
-107.79
-105.62
-113.08
-115.59
-103.8
-109.42
