-809.075
-769.326
-785.271
-787.418
-773.04
-816.569
-798.641
-837.556
-860.59
-817.832
-864.801
-850.485
-821.257
-844.677
-828.886
-863.178
-884.059
-880.433
-897.999
-850.504
-879.163
-847.12
-833.812
-851.064
-848.584
-795.624
-846.266
-837.141
-899.208
-839.168
-877.271
-863.528
-829.413
-849.463
-839.289
-816.19
-844.072
-838.816
-820.302
-798.555
-823.826
-811.49
-836.144
-775.06
-821.807
-819.311
-758.819
-821.352
-829.818
-803.887
-761.718
-770.496
-815.233
-775.435
-776.278
-764.213
-744.201
-765.657
-794.076
-760.133
-730.557
-801.468
-779.904
-735.51
-798.087
-723.161
-730.097
-744.695
-725.302
-708.031
-736.648
-744.444
-744.25
-766.61
-738.515
-677.547
-704.466
-670.131
-712.689
-693.03
-689.235
-666.261
-677.292
-700.301
-720.085
-737.785
-716.607
-624.396
-703.241
-712.779
-759.141
-723.572
-673.495
-753.96
-708.056
-698.373
-750.723
-765.85
-717.448
-744.799
-695.424
-719.212
-667.276
-686.475
-671.381
-701.506
-676.218
-710.85
-649.933
-631.176
-692.326
-646.868
-692.029
-709.587
-715.033
-718.525
-710.937
-701.831
-645.348
-684.674
-737.799
-660.139
-675.416
-643.601
-701.394
-661.044
-700.939
-686.385
-689.414
-700.417
-686.381
-681.327
-710.421
-674.242
-733.947
-670.362
-683.608
-687.63
-701.906
-698.584
-667.954
-685.481
-679.783
-650.326
-704.54
-703.739
-669.131
-711.169
-759.156
-727.718
-767.388
-788.054
-747.203
-764.145
-779.421
-834.602
-803.777
-761.631
-782.641
-784.794
-796.918
-704.973
-709.911
-781.367
-725.971
-714.985
-755.417
-756.363
-740.609
-741.221
-777.356
-791.165
-756.657
-738.43
-730.388
-800.222
-741.399
-762.604
-815.256
-741.128
-745.642
-707.17
-711.195
-734.114
-733.694
-734.742
-763.421
-755.172
-732.869
-752.449
-773.616
-748.819
-806.136
-780.628
-769.623
-774.171
-723.277
-767.65
-737.928
-746.402
-731.282
-653.531
-732.678
-717.32
-773.446
-800.021
-805.56
-829.77
-755.729
-777.149
-829.538
-886.912
-815.085
-796.312
-809.089
-818.557
-794.994
-745.128
-669.448
-758.371
-778.363
-821.384
-788.018
-760.839
-754.147
-726.855
-716.56
-747.263
-744.69
-729.289
-708.78
-720.87
-712.028
-714.172
-665.695
-715.922
-746.927
-707.231
-682.807
-738.953
-720.673
-740.167
-707.054
-665.18
-686.582
-768.011
-729.482
-702.261
-694.058
-689.538
-713.282
-686.115
-724.666
-758.399
-720.86
-739.968
-682.099
-693.675
-796.442
-751.595
-730.543
-728.502
-714.589
-706.746
-762.043
-697.377
-698.695
-714.736
-738.354
-743.165
-735.263
-769.594
-754.851
-713.735
-767.747
-759.783
-711.226
-700.007
-704.224
-700.765
-715.104
-802.99
-727.008
-775.636
-750.912
-733.949
-703.944
-747.137
-730.499
-702.504
-733.795
-752.661
-752.558
-696.571
-717.586
-743.416
-695.741
-688.633
-726.715
-791.851
-752.913
-716.556
-754.68
-704.698
-790.194
-729.85
-733.605
-727.176
-718.257
-792.269
-798.194
-711.175
-776.41
-713.638
-801.159
-757.576
-758.999
-726.097
-762.176
-749.568
-768.554
-677.617
-743.76
-763.447
-728.389
-719.461
-709.521
-721.069
-707.171
-705.893
-703.58
-672.014
-686.832
-651.712
-719.951
-715.464
-744.339
-733.902
-673.756
-697.035
-689.566
-725.343
-671.22
-749.377
-710.356
-760.83
-717.299
-755.693
-742.122
-760.069
-799.172
-772.408
-754.847
-724.866
-658.521
-756.463
-711.186
-728.653
-727.743
-786.692
-741.874
-805.614
-737.809
-769.075
-810.924
-723.96
-751.68
-694.34
-727.46
-724.06
-710.543
-708.918
-725.515
-779.516
-722.887
-771.78
-745.274
-771.046
-750.67
-740.511
-753.999
-783.978
-759.597
-756.563
-772.423
-807.763
-760.385
-767.063
-761.396
-748.155
-752.224
-758.852
-773.635
-756.989
-785.516
-797.705
-738.537
-709.706
-752.576
-772.149
-738.658
-750.999
-765.477
-824.455
-768.393
-803.018
-760.186
-774.718
-710.288
-742.482
-801.429
-823.866
-828.441
-772.452
-790.088
-763.816
-739.042
-677.871
-748.878
-724.435
-813.303
-788.767
-741.279
-775.73
-798.412
-762.851
-742.598
-783.635
-753.053
-693.931
-797.891
-762.735
-753.165
-723.196
-795.421
-780.364
-797.697
-765.466
-744.429
-774.238
-778.897
-794.356
-804.004
-772.5
-761.178
-731.928
-754.837
-773.9
-784.176
-740.73
-767.574
