-132.42
-116.13
-126.73
-107.2
-110.13
-125.34
-127.6
-116.97
-131.4
-120.67
-139.43
-133.16
-125.81
-127.28
-129.46
-134.74
-129.8
-122.49
-129.35
-123.96
-130.34
-127.35
-132.85
-113.52
-131.96
-126.12
-121.55
-124.17
-114.72
-112.48
-111.41
-111.86
-123.06
-125.6
-96.42
-115.43
-104.59
-118.64
-120.51
-127.14
-120.69
-117.36
-124.68
-108.59
-122.81
-126.01
-114.01
-128.86
-111.08
-128.73
-115.7
-115.59
-132.85
-126.76
-120.13
-122.03
-119.34
-116.94
-110.99
-112.12
-118.11
-120.83
-124.75
-125.28
-116.73
-125.18
-127.66
-111.94
-128.5
-123.96
-126.92
-100.23
-109.35
-126.51
-121.13
-119.48
-127.22
-131.83
-121.46
-127.1
-123.42
-119.87
-128.43
-136.72
-132.57
-141.92
-120.09
-121.87
-112.31
-129.43
-116.8
-122.78
-121.73
-123.43
-112.21
-114.39
-121.25
-126.75
-117.62
-133.02
-137.33
-137.87
-133.91
-128.14
-127.95
-119.31
-130.87
-135.8
-130.53
-137.48
-132.52
-137.02
-124.03
-119.68
-131.73
-135.19
-123.66
-127.84
-131.88
-131.02
-129.78
-143.91
-126.45
-133.69
-149.38
-128.04
-122.24
-120.99
-115.06
-115.35
-118.46
-117.29
-108.33
-102.01
-121.53
-126.51
-119.91
-121.89
-118.24
-123.76
-112.1
-110.08
-117.09
-119.71
-132.07
-120.69
-128.02
-124.01
-122.69
-126.69
