-131.77
-130.13
-117.41
-117.98
-121.53
-116.71
-125.84
-115.44
-112.06
-118.08
-113.27
-123.54
-126.52
-121.66
-125.13
-119.53
-116.21
-120.75
-129.49
-122.53
-116.2
-121.68
-124.54
-115.19
-127.54
-123.4
-126.15
-115.93
-129.3
-131.92
-123.01
-120.03
-124.21
-127.15
-116.29
-119.71
-115.63
-117.61
-114.67
-107.12
-125.09
-117.28
-95.5
-117.08
-117.86
-118.83
-111.54
-126.19
-131.38
-110.7
-122.15
-127.47
-120.82
-110.87
-126.1
-115.42
-110.64
-123.28
-120.48
-120.32
-121.17
-123.94
-107.71
-111.35
-127.5
-118.8
-112.89
-111.61
-117.97
-121.95
-116.1
-116.51
-128.25
-110.74
-123.36
-128.01
-117.44
-124.48
-108.64
-102.32
-111.01
-110.46
-113.14
-109.51
-101.58
-100.77
-112.42
-116.19
-122.21
-119.96
-110.61
-120.92
-114.21
-114.88
-120.83
-123.79
-115.88
-115.58
-105.4
-116.49
-124.55
-114.61
-125.18
-113.74
-116.25
-116.23
-122.53
-113.93
-112.07
-111.87
-117.42
-125.44
-122.75
-125.18
-111.53
-120.99
-116.53
-117.19
-113.89
-123.11
-123.87
-112.7
-96.83
-121.84
-105.72
-113.76
-116.58
-119.54
-116.52
-121.53
-121.62
-115.71
-121.21
-124.56
-127.03
-123.21
-123.23
-118.98
-116.39
-123.08
-107.17
-107.4
-114.76
-116.83
-117.91
-102.79
-117.97
-111.02
-116.53
-126.46
-121.59
-116.66
-124.36
-108.73
-112.87
-114.64
-117.16
-120.03
-122.11
-126.75
-119.54
-127.9
-107.85
-109.22
-107.4
-121.76
-110.59
-120.78
-117.08
-107.23
-118.22
-114.04
-113.03
-121.99
-121.74
-108.13
-111.72
-100.93
-105.2
-112.05
-115.41
-106.14
-102.18
-106.93
-113.93
-120.16
-111.58
-97.82
-108.75
-112.39
-101.91
-101.32
-106.73
-110.39
-108.1
-113.59
-118.24
-109.18
-119.72
-110.52
-99.75
-110.09
-99.0
-108.99
-109.44
-116.37
-109.54
-107.5
-110.28
-103.35
-107.31
-111.83
-110.99
-117.48
-114.43
-113.8
-108.8
-111.67
-105.53
-109.08
-102.47
-109.57
-110.11
-95.88
-108.71
-97.75
-97.03
-104.47
-117.59
-116.27
-118.05
-122.18
-104.86
-111.3
-110.43
-113.64
-102.36
-105.69
-116.65
-98.6
-119.57
-110.73
-115.85
-108.32
-104.26
-110.92
-120.15
-95.1
-108.16
-114.29
-105.56
-95.39
-107.95
-112.51
-97.41
-112.54
-117.77
-110.93
-111.6
-112.12
-111.38
-112.57
-101.36
-106.32
-117.61
-105.09
-105.05
-106.28
-110.32
-99.18
-111.17
-107.98
-119.38
-99.43
-109.22
-104.02
-102.77
-107.56
-93.49
-108.55
-105.44
-104.24
-104.0
-92.03
-113.35
-108.8
-125.11
-110.46
-117.71
-116.53
-111.87
-111.35
-115.6
-106.45
-112.95
-112.28
-122.24
-104.0
-120.48
-107.23
-111.69
-115.58
-113.31
-124.65
-110.8
-109.96
-105.93
-118.42
-111.69
-103.25
-110.54
-114.69
-102.55
-113.46
-109.19
-99.62
-112.94
-108.21
-109.54
-108.12
-109.67
-103.03
-101.59
-100.72
-103.3
-115.19
-99.87
-107.79
-119.76
-112.22
-104.29
-105.85
-108.08
-116.24
-105.93
-108.51
-106.54
-111.4
-116.61
-103.94
-96.37
-100.19
-105.54
-107.67
-96.93
-105.36
-118.25
-104.47
-117.48
-118.27
-117.42
-106.41
-103.93
-102.09
-113.32
-104.13
-113.58
-106.43
-106.0
-112.2
-101.44
-102.86
-110.92
-115.85
-109.94
-108.54
-113.42
-112.95
-109.52
-100.82
-113.58
-103.24
-105.93
-101.39
-102.82
-110.73
-112.45
-101.66
-109.4
-98.18
-101.82
-102.94
-115.49
-87.92
-109.74
-101.92
-107.5
-110.76
-122.32
-116.08
-111.39
-108.26
-116.21
-118.06
-110.33
-118.19
-116.85
-107.3
-107.41
-112.23
-105.53
-100.34
-104.08
-109.54
-115.75
-95.41
-107.57
-106.89
-102.78
-106.4
-111.91
-97.92
-95.33
-112.83
-103.74
-102.18
-98.41
-102.34
-104.12
-97.64
-100.87
-105.75
-107.01
-88.46
-88.01
-112.66
-108.86
-108.37
-106.46
-103.89
-106.55
-95.94
-108.97
-109.85
-113.32
-109.08
-98.2
-104.9
-101.24
-101.1
-108.46
-102.03
-109.71
-92.32
-95.57
-107.48
-111.9
-105.19
-108.08
-104.56
-96.57
