-797.38
-803.479
-767.034
-770.202
-766.59
-812.755
-813.495
-799.835
-763.013
-697.966
-757.869
-683.882
-805.269
-784.968
-771.418
-739.171
-703.933
-783.18
-750.685
-790.349
-784.982
-707.093
-792.329
-751.63
-751.791
-714.323
-739.511
-712.114
-741.129
-768.108
-756.85
-753.462
-810.905
-761.68
-751.239
-666.792
-693.636
-738.575
-722.708
-679.524
-741.571
-685.485
-784.84
-727.874
-744.903
-730.576
-775.441
-755.577
-784.786
-696.796
-757.974
-753.223
-727.92
-722.666
-744.775
-773.591
-778.937
-742.988
-800.301
-701.723
-793.299
-731.136
-737.475
-795.397
-798.159
-750.285
-785.192
-759.332
-773.651
-798.408
-789.551
-785.843
-794.727
-760.189
-754.549
-784.699
-754.586
-751.073
-722.963
-757.636
-690.346
-683.719
-708.864
-733.664
-695.607
-739.258
-761.027
-744.037
-759.752
-723.69
-740.354
-739.669
-742.742
-694.165
-712.652
-742.987
-733.188
-764.738
-732.353
-757.901
-734.173
-722.55
-747.77
-732.646
-699.202
-751.779
-695.562
-724.9
-720.291
-716.662
-737.724
-745.039
-724.506
-760.325
-724.534
-680.71
-755.54
-728.702
-755.297
-710.764
-711.736
-689.996
-700.755
-749.505
-742.879
-753.832
-737.049
-757.429
-705.305
-758.545
-757.788
-761.553
-748.402
-790.96
-822.092
-750.268
-751.273
-749.556
-744.627
-686.45
-727.336
-690.816
-715.591
-689.847
-716.182
-761.752
-743.931
-721.25
-709.577
-751.662
-770.476
-757.638
-732.877
-767.044
-743.167
-737.128
-729.274
-712.075
-753.554
-751.154
-775.696
-790.31
-754.841
-772.938
-769.829
-714.348
-738.985
-740.183
-788.778
-758.485
-780.495
-765.721
-744.612
-729.945
-813.718
-770.395
-793.359
-711.491
-701.196
-737.044
-745.886
-720.396
-704.769
-699.531
-702.09
-762.647
-740.54
-707.031
-697.193
-702.665
-679.772
-705.922
-726.444
-736.441
-725.505
-707.773
-718.236
-742.769
-702.214
-724.095
-750.546
-746.345
-764.031
-713.977
-726.012
-761.869
-755.901
-752.3
-733.035
-736.658
-698.653
-748.356
-725.253
-776.133
-747.194
-790.848
-755.662
-726.845
-745.532
-738.831
-717.027
-751.308
-780.158
-719.851
-731.468
-704.778
-737.521
-735.166
-806.734
-805.85
-794.472
-789.088
-773.086
-793.153
-796.46
-756.383
-749.678
-764.068
-781.107
-764.039
-777.607
-787.257
-744.393
-717.79
-707.94
-751.939
-720.259
-688.96
-789.731
-769.627
-802.9
-749.719
-741.019
-754.307
-736.938
-723.519
-752.553
-773.328
-749.494
-736.974
-750.825
-777.067
-780.787
-797.003
-787.518
-790.469
-780.485
-769.467
-745.036
-758.171
-736.838
-746.907
-757.662
-775.916
-749.41
-762.204
-705.742
-714.342
-698.253
-725.693
-737.029
-729.2
-705.79
-699.88
-715.242
-714.827
-739.318
-779.076
-821.04
-734.633
-710.756
-759.398
-758.4
-776.195
-719.822
-727.728
-759.013
-728.691
-735.162
-734.698
-735.495
-745.209
-748.212
-729.977
-766.227
-786.121
-726.928
-738.255
-749.119
-739.458
-704.735
-681.838
-752.351
-744.507
-785.825
-810.298
-754.218
-743.378
-781.859
-755.58
-775.036
-766.434
-807.108
-752.74
-738.475
-828.342
-769.311
-779.699
-767.398
-761.12
-776.217
-660.887
-714.91
-726.633
-763.877
-758.196
-729.869
-778.057
-716.75
-708.003
-731.397
-703.551
-734.129
-743.574
-756.131
-724.66
-709.961
-792.415
-771.607
-756.534
-744.766
-757.108
-740.789
-729.376
-780.932
-741.498
-771.695
-761.738
-715.496
-758.204
-757.166
-797.054
-776.553
-780.547
-760.371
-785.285
-757.051
-751.927
-746.943
-742.808
-773.101
-757.006
-752.417
-718.231
-741.698
-788.363
-764.654
-802.846
-751.297
-766.457
-755.224
-786.674
-760.033
-724.829
-731.163
-745.886
-813.043
-789.473
-725.51
-744.303
-796.816
-782.805
-758.827
-776.927
-694.362
-788.838
-681.668
-787.915
-679.109
-795.92
-766.915
-733.223
-711.757
-713.827
-719.26
-758.262
-768.866
-773.419
-752.966
-745.126
-800.674
-729.968
-721.715
-784.403
-764.445
-721.415
-781.801
-792.375
-697.354
-719.097
-739.159
-705.244
-733.142
-706.927
-752.001
-751.631
-737.572
-713.768
-703.074
-749.252
-713.554
-733.387
-746.251
-737.705
-793.611
-737.072
-727.244
-728.659
-725.035
-711.41
-764.561
-702.62
-707.155
-682.117
-708.195
-718.402
-699.036
-725.013
-726.766
-733.01
-753.203
