-0.81
-0.465
-0.421
-0.469
-0.802
-0.963
-0.528
-0.47
-0.669
-0.66
-0.548
-0.584
-0.547
-0.551
-0.595
-0.664
-0.44
-0.738
-0.585
-0.706
-0.698
-0.506
-0.66
-0.551
-0.498
-0.517
-0.269
-0.546
-0.76
-0.522
-0.6
-0.517
-0.598
-0.597
-0.518
-0.511
-0.56
-0.749
-0.618
-0.765
-0.574
-0.829
-0.717
-0.682
-0.565
-0.5
-0.702
-0.767
-0.7
-0.591
-0.579
-0.594
-0.621
-0.569
-0.399
-0.71
-0.601
-0.574
-0.68
-0.702
-0.903
-0.736
-0.5
-0.556
-0.551
-0.675
-0.774
-0.78
-0.606
-0.742
-0.676
-0.636
-0.725
-0.424
-0.6
-0.86
-0.583
-0.747
-0.545
-0.487
-0.521
-0.421
-0.496
-0.563
-0.535
-0.567
-0.58
-0.72
-0.679
-0.748
-0.576
-0.499
-0.435
-0.598
-0.583
-0.492
-0.721
-0.707
-0.596
-0.739
-0.602
-0.551
-0.632
-0.774
-0.69
-0.615
-0.615
-0.636
-0.584
-0.597
-0.612
-0.667
-0.671
-0.794
-0.763
-0.632
-0.526
-0.413
-0.711
-0.698
-0.646
-0.539
-0.448
-0.702
-0.476
-0.606
-0.532
-0.744
-0.807
-0.729
-0.576
-0.599
-0.525
-0.653
-0.715
-0.534
-0.739
-0.639
-0.499
-0.609
-0.53
-0.66
-0.652
-0.39
-0.543
-0.518
-0.486
-0.475
-0.552
-0.505
-0.371
-0.603
-0.568
-0.518
-0.67
-0.536
-0.603
-0.586
-0.614
-0.475
-0.507
-0.53
-0.7
-0.447
-0.604
-0.649
-0.505
-0.723
-0.704
-0.621
-0.756
-0.707
-0.413
-0.653
-0.782
-0.6
-0.482
-0.49
-0.597
-0.521
-0.563
-0.55
-0.507
-0.474
-0.479
-0.533
-0.528
-0.445
-0.467
-0.485
-0.379
-0.71
-0.551
-0.446
-0.498
-0.567
-0.5
-0.574
-0.633
-0.593
-0.475
-0.686
-0.586
-0.67
-0.47
-0.434
-0.529
-0.539
-0.51
-0.457
-0.61
-0.51
-0.427
-0.563
-0.62
-0.475
-0.555
-0.695
-0.524
-0.542
-0.514
-0.6
-0.57
-0.64
-0.494
-0.511
-0.368
-0.692
-0.755
-0.519
-0.511
-0.771
-0.446
-0.617
-0.613
-0.705
-0.664
-0.598
-0.506
-0.622
-0.592
-0.518
-0.665
-0.624
-0.559
-0.596
-0.641
-0.569
-0.69
-0.563
-0.627
-0.428
-0.538
-0.473
-0.523
-0.346
-0.375
-0.459
-0.481
-0.553
-0.523
-0.384
-0.632
-0.48
-0.599
-0.536
-0.558
-0.636
-0.48
-0.535
-0.641
-0.491
-0.508
-0.567
-0.389
-0.491
-0.518
-0.558
-0.463
-0.606
-0.497
-0.6
-0.575
-0.525
-0.373
-0.551
-0.553
-0.547
-0.769
-0.739
-0.617
-0.478
-0.674
-0.618
-0.601
-0.511
-0.52
-0.511
-0.554
-0.566
-0.488
-0.451
-0.496
-0.639
-0.472
-0.693
-0.584
-0.359
-0.586
-0.578
-0.594
-0.551
-0.449
-0.487
-0.576
-0.679
-0.411
-0.42
-0.551
-0.496
-0.467
-0.496
-0.554
-0.578
-0.393
-0.515
-0.544
-0.606
-0.563
-0.555
-0.587
-0.496
-0.532
-0.498
-0.455
-0.433
-0.577
-0.432
-0.56
-0.607
-0.378
-0.418
-0.519
-0.457
-0.429
-0.417
-0.448
-0.355
-0.448
-0.435
-0.485
-0.505
-0.48
-0.415
-0.41
-0.372
-0.324
-0.453
-0.532
-0.497
-0.487
-0.569
-0.545
-0.561
-0.441
-0.472
-0.508
-0.456
-0.522
-0.576
-0.449
-0.419
-0.456
-0.524
-0.41
-0.463
-0.602
-0.421
-0.406
-0.359
-0.562
-0.633
-0.458
-0.335
-0.543
-0.571
-0.365
-0.604
-0.415
-0.535
-0.579
-0.6
-0.542
-0.596
-0.544
-0.57
-0.58
-0.296
-0.51
-0.475
-0.36
-0.56
-0.368
-0.493
-0.404
-0.477
-0.468
-0.561
-0.531
-0.519
-0.338
-0.312
-0.409
-0.469
-0.463
-0.428
-0.471
-0.481
-0.404
-0.379
-0.421
-0.465
-0.382
-0.5
-0.427
-0.276
-0.508
-0.386
-0.397
-0.533
-0.398
-0.39
-0.351
-0.46
-0.595
-0.313
-0.323
-0.459
-0.516
-0.536
-0.588
-0.436
-0.566
-0.421
-0.504
-0.482
-0.505
-0.595
-0.503
-0.439
-0.608
