-0.174
-0.166
-0.165
-0.209
-0.25
-0.109
-0.239
-0.17
-0.278
-0.203
-0.153
-0.277
-0.195
-0.158
-0.136
-0.163
-0.145
-0.09
-0.101
-0.093
-0.107
-0.108
-0.2
-0.113
-0.139
-0.154
-0.15
-0.172
-0.125
-0.204
-0.249
-0.176
-0.191
-0.128
-0.146
-0.213
-0.288
-0.211
-0.209
-0.193
-0.207
-0.217
-0.21
-0.166
-0.219
-0.181
-0.194
-0.186
-0.236
-0.236
-0.237
-0.197
-0.203
-0.209
-0.262
-0.168
-0.198
-0.23
-0.226
-0.268
-0.241
-0.281
-0.339
-0.19
-0.162
-0.205
-0.187
-0.134
-0.215
-0.214
-0.173
-0.184
-0.246
-0.207
-0.23
-0.166
-0.215
-0.146
-0.191
-0.235
-0.188
-0.227
-0.316
-0.327
-0.27
-0.263
-0.256
-0.252
-0.132
-0.215
-0.199
-0.179
-0.175
-0.282
-0.253
-0.217
-0.252
-0.395
-0.349
-0.326
-0.286
-0.283
-0.349
-0.286
-0.238
-0.23
-0.176
-0.204
-0.199
-0.216
-0.174
-0.086
-0.209
-0.185
-0.185
-0.141
-0.225
-0.151
-0.154
-0.219
-0.092
-0.176
-0.137
-0.176
-0.131
-0.181
-0.114
-0.181
-0.134
-0.083
-0.124
-0.109
-0.105
-0.128
-0.068
-0.185
-0.15
-0.211
-0.237
-0.144
-0.142
-0.195
-0.124
-0.136
-0.127
-0.19
-0.156
-0.114
-0.162
-0.144
-0.181
-0.138
-0.167
-0.127
-0.169
-0.141
-0.174
-0.151
-0.22
-0.228
-0.232
-0.15
-0.229
-0.195
-0.16
-0.243
-0.291
-0.132
-0.272
-0.17
-0.248
-0.216
-0.144
-0.192
-0.132
-0.122
-0.23
-0.171
-0.153
-0.224
-0.143
-0.154
-0.168
-0.17
-0.171
-0.227
-0.222
-0.185
-0.163
-0.207
-0.153
-0.173
-0.17
-0.21
-0.104
-0.152
-0.169
-0.156
-0.147
-0.144
-0.211
