-341.939
-357.34
-341.823
-350.23
-383.936
-377.332
-358.387
-364.761
-378.402
-406.449
-366.713
-372.247
-390.617
-386.413
-397.683
-393.035
-425.644
-389.978
-434.31
-359.969
-399.625
-369.858
-402.032
-320.508
-444.422
-387.21
-438.315
-425.563
-454.877
-439.961
-477.721
-451.406
-441.535
-440.114
-406.735
-404.91
-460.595
-426.745
-425.067
-435.763
-470.18
-456.136
-382.404
-430.077
-452.087
-406.262
-418.875
-400.501
-446.978
-426.259
-413.984
-456.727
-458.008
-450.414
-429.732
-460.759
-457.203
-451.696
-474.009
-486.9
-409.028
-492.367
-440.65
-401.767
-416.877
-370.563
-410.377
-424.822
-451.324
-440.729
-466.901
-451.857
-516.685
-467.031
-458.307
-420.814
-495.443
-452.766
-465.038
-533.899
-457.071
-466.337
-471.741
-458.91
-473.415
-451.613
-518.443
-487.262
-451.127
-474.387
-482.108
-449.418
-480.864
-457.889
-505.82
-514.219
-488.382
-480.865
-490.094
-487.79
-438.319
-469.228
-465.068
-442.008
-459.725
-470.985
-496.191
-448.153
-433.433
-422.036
-439.215
-436.225
-447.853
-449.992
-360.072
-388.14
-385.362
-370.204
-390.148
-367.934
-336.173
-349.413
-392.898
-356.681
-353.597
-378.856
-357.948
-405.712
-417.496
-411.001
-352.176
-379.317
-356.777
-390.824
-374.572
-395.739
-379.462
-403.257
-416.615
-425.461
-419.639
-394.797
-385.37
-348.598
-402.198
-414.099
-404.764
-371.239
-381.158
-359.186
-389.067
-421.443
-375.449
-339.441
-428.225
-423.662
-409.137
-484.717
-462.441
-424.877
-450.144
-449.78
-446.5
-419.945
-394.821
-444.703
-394.79
-433.542
-431.478
-454.061
-419.495
-420.88
-419.767
-428.244
-405.712
-397.071
-445.557
-425.282
-442.91
-414.011
-420.181
-409.86
-398.718
-415.758
-410.944
-420.908
-385.381
-408.475
-459.045
-421.383
-405.146
-401.315
-409.992
-414.255
-427.438
-423.201
-405.833
-482.692
-432.097
-387.418
-410.995
