-51.58
-48.56
-53.14
-56.57
-56.52
-63.42
-46.01
-60.73
-69.73
-57.46
-55.65
-65.67
-61.9
-40.39
-59.18
-42.87
-51.78
-51.51
-67.04
-50.89
-61.83
-64.15
-62.82
-54.2
-66.03
-51.4
-58.1
-52.48
-51.14
-72.59
-52.1
-52.55
-54.67
-55.16
-53.69
-46.96
-66.07
-56.72
-51.65
-52.85
-54.33
-51.25
-62.4
-58.95
-69.84
-65.98
-65.06
-68.38
-57.8
-62.93
-52.14
-58.74
-58.7
-61.15
-64.13
-61.64
-57.06
-50.75
-58.9
-48.95
-56.45
-50.54
-52.55
-51.09
-54.48
-56.42
-51.9
-46.91
-46.57
-37.31
-39.36
-45.57
-47.33
-46.89
-44.99
-46.77
-47.43
-52.32
-43.66
-48.34
-46.89
-47.63
-37.87
-39.4
-41.73
-41.47
-53.02
-38.09
-35.46
-46.01
-49.62
-43.74
-43.53
-38.79
-44.82
-43.57
-44.86
-38.76
-42.52
-42.94
-50.08
-39.37
-35.87
-37.9
-49.54
-58.64
-47.61
-53.26
-38.32
-43.76
-45.97
-50.04
-44.51
-44.86
-38.68
-51.92
-35.45
-51.16
-51.0
-51.86
-55.38
-45.85
-51.81
-52.73
-44.79
-45.21
-52.02
-51.37
-49.6
-54.9
-51.89
-47.58
-48.36
-52.69
-47.45
-46.72
-46.05
-48.61
-53.1
-50.35
-46.8
-41.57
-53.61
-47.21
-56.61
-46.8
-38.63
-43.2
-49.25
-46.84
