-50.51
-57.46
-54.14
-52.77
-65.85
-54.72
-52.67
-61.43
-61.79
-61.47
-50.88
-60.87
-65.25
-62.01
-66.92
-63.15
-64.18
-60.41
-75.76
-67.35
-68.48
-53.15
-58.97
-59.36
-78.14
-72.91
-77.07
-65.93
-70.44
-75.05
-77.85
-79.15
-74.92
-69.49
-67.77
-72.93
-79.01
-61.7
-71.2
-73.94
-77.49
-75.94
-66.92
-69.59
-74.35
-71.98
-75.53
-60.47
-70.06
-69.02
-69.05
-70.14
-73.67
-75.04
-75.97
-75.67
-66.77
-71.92
-75.98
-76.08
-70.88
-88.07
-73.02
-59.05
-70.72
-63.29
-65.07
-69.15
-84.45
-70.4
-80.15
-73.43
-78.24
-72.43
-72.41
-78.25
-70.85
-67.76
-63.6
-82.54
-71.23
-69.22
-74.74
-69.64
-75.78
-64.36
-83.29
-64.38
-69.35
-70.29
-79.64
-75.73
-75.7
-76.05
-80.86
-80.39
-77.57
-79.44
-74.58
-77.07
-68.84
-66.37
-74.16
-77.17
-70.75
-72.49
-75.63
-70.64
-74.51
-66.41
-69.05
-59.58
-72.35
-70.48
-64.76
-64.76
-59.56
-59.29
-59.13
-62.71
-55.4
-52.8
-58.37
-59.16
-64.67
-61.66
-64.79
-65.68
-61.03
-61.81
-62.41
-61.9
-51.35
-62.41
-59.66
-60.54
-63.46
-61.84
-54.73
-59.98
-58.76
-57.87
-58.85
-56.45
-63.29
-58.4
-59.81
-53.93
-61.73
-62.64
-62.01
-60.97
-51.03
-56.1
-63.28
-55.89
-54.13
-62.09
-61.4
-66.03
-66.65
-68.02
-60.13
-66.52
-51.76
-60.7
-61.42
-69.79
-55.0
-69.92
-65.86
-56.35
-68.34
-65.26
-57.3
-53.83
-63.48
-67.03
-67.22
-66.43
-63.59
-61.33
-58.4
-62.66
-60.9
-70.18
-63.28
-69.05
-68.71
-69.22
-68.24
-59.65
-60.31
-65.73
-66.85
-65.03
-63.96
-62.8
-64.53
-62.2
-67.51
