-632.956
-665.409
-639.341
-644.054
-661.53
-633.202
-674.124
-657.729
-673.011
-642.103
-636.793
-638.374
-608.476
-616.42
-617.43
-650.846
-670.831
-656.494
-695.397
-689.443
-753.929
-713.755
-748.089
-678.406
-670.877
-652.895
-718.584
-672.546
-681.476
-737.226
-704.218
-723.359
-713.393
-650.963
-644.517
-683.942
-704.168
-642.424
-711.889
-647.171
-666.294
-611.375
-688.165
-660.82
-674.803
-637.469
-670.665
-646.045
-644.215
-668.288
-659.658
-610.281
-648.651
-599.087
-615.712
-586.373
-664.102
-649.092
-696.303
-645.672
-652.394
-649.622
-648.861
-658.019
-666.546
-653.967
-676.41
-664.625
-583.464
-671.365
-655.646
-626.043
-574.876
-637.099
-637.406
-684.796
-672.954
-747.103
-640.3
-723.379
-688.723
-720.598
-709.529
-693.63
-682.766
-692.651
-719.912
-707.328
-667.509
-665.027
-685.382
-628.1
-678.565
-657.944
-644.397
-612.789
-654.666
-674.695
-663.081
-736.289
-697.228
-705.984
-718.821
-692.353
-718.177
-727.917
-647.633
-646.866
-755.899
-651.375
-699.959
-726.061
-682.268
-709.054
-701.058
-709.197
-714.342
-684.821
-757.617
-714.667
-715.692
-693.829
-749.483
-770.755
-788.368
-754.934
-729.129
-761.76
-782.331
-754.153
-766.797
-752.421
-737.627
-733.784
-746.021
-750.341
-701.835
-685.684
-701.416
-718.164
-810.971
-748.383
-750.15
-772.358
-772.552
-695.728
-736.661
-685.599
-694.252
-688.689
-700.871
-656.203
-716.685
-688.208
-710.985
-738.626
-721.413
-728.664
-687.499
-720.261
-763.023
-688.129
-707.006
-727.588
-747.388
-702.692
-739.509
-738.17
-747.026
-731.467
-687.582
-604.601
-693.696
-691.332
-657.707
-732.283
-711.294
-733.027
-693.927
-746.629
-693.286
-713.593
-719.681
-723.83
-708.507
-729.887
-713.134
-704.965
-717.683
-647.627
-687.604
-625.609
-678.646
-671.061
-652.784
-592.065
-577.06
-586.6
-623.402
-678.292
-696.912
-639.985
-699.638
-732.387
-685.387
-694.438
-620.119
-715.761
-700.761
-661.5
-672.738
-673.254
-711.08
-675.337
-643.3
-707.183
-730.015
-691.937
-682.793
-682.837
-730.232
-648.64
-655.627
-655.274
-667.79
-647.218
-664.217
-680.082
-696.307
-716.206
-679.029
-656.301
-652.86
-674.173
-688.723
-675.317
-673.378
-637.288
-660.165
-680.811
-694.707
-657.943
-721.12
-716.909
-712.908
-699.333
-770.211
-757.885
-741.212
-717.616
-710.78
-751.189
-695.056
-722.612
-730.61
-734.993
-744.825
-733.852
-756.8
-772.183
-746.647
-749.371
-739.138
-721.167
-763.816
-763.879
-729.657
-743.882
-719.346
-710.64
-785.125
-691.633
-711.527
-668.835
-667.681
-620.574
-661.11
-685.626
-675.533
-711.716
-677.209
-718.682
-638.781
-709.328
-711.115
-665.831
-671.985
-656.037
-616.434
-675.162
-724.653
-706.42
-672.616
-682.913
-668.42
-702.594
-626.5
-723.502
-672.511
-669.082
-693.382
-690.726
-648.887
-718.983
-656.338
-716.554
-664.874
-594.015
-669.076
-603.699
-643.831
-677.036
-691.663
-656.436
-701.245
-685.816
-686.731
-709.9
-656.907
-702.737
-713.716
-709.562
-684.955
-697.012
-686.558
-681.359
-700.483
-621.441
-657.259
-656.756
-695.395
-717.864
-699.933
-721.466
-737.762
-719.256
-731.455
-679.457
-694.456
-681.541
-682.561
-722.213
-645.334
-714.11
-711.163
-734.064
-679.541
-700.193
-732.484
-667.251
-698.6
-735.579
-680.399
-691.693
-700.795
-731.301
-669.489
-680.403
-644.091
-716.413
-655.478
-704.497
-634.749
-624.003
-621.847
-582.503
-637.703
-601.918
-619.869
-703.027
-718.2
-676.517
-650.025
-656.056
-629.003
-664.111
-701.168
-673.363
-667.52
-721.364
-671.419
-677.451
-693.131
-698.488
-679.174
-683.666
-690.039
-698.567
-664.321
-695.95
-686.799
-719.26
-674.961
-660.713
-658.892
-641.445
-653.773
-687.995
-671.564
-664.38
-711.904
-663.981
-729.284
-650.658
-673.27
-651.284
-671.62
-719.738
-671.107
-664.256
-704.362
-690.208
-645.774
-676.646
-644.048
-662.822
-621.895
-577.762
-616.96
-650.415
-665.968
-617.602
-655.249
-654.589
-654.439
-641.108
-630.908
-625.644
-647.844
-685.644
-629.834
-628.941
-624.577
-630.323
-629.07
-663.391
-673.01
-644.819
-628.435
-695.341
-639.491
-651.219
-707.209
-664.862
-664.12
-675.825
-690.768
-731.064
-679.291
-743.759
-739.951
