-111.83
-102.24
-113.49
-106.3
-106.8
-89.65
-103.01
-110.13
-99.48
-99.84
-104.63
-104.65
-96.25
-110.9
-104.76
-115.42
-113.15
-103.95
-97.69
-117.51
-102.02
-117.5
-103.19
-102.85
-90.47
-109.72
-120.17
-129.51
-118.31
-121.4
-139.83
-116.96
-121.76
-135.8
-122.86
-114.31
-119.39
-115.02
-132.54
-108.5
-122.11
-119.57
-112.73
-116.41
-117.45
-118.61
-122.39
-119.33
-120.61
-145.19
-133.04
-129.88
-136.55
-137.48
-131.92
-127.22
-115.05
-125.94
-130.58
-121.36
-134.26
-130.3
-122.75
-108.96
-136.11
-129.72
-127.67
-119.31
-137.86
-124.04
-120.77
-109.11
-131.12
-125.01
-135.06
-119.73
-122.4
-125.23
-132.69
-133.16
-135.31
-137.36
-129.55
-117.33
-122.71
-121.17
-122.4
-125.56
-118.3
-127.36
-133.09
-137.36
-131.58
-141.19
-122.11
-123.25
-124.96
-130.4
-131.45
-120.97
-132.03
-127.51
-124.8
-131.53
-137.42
-122.52
-123.69
-131.63
-122.49
-126.8
-142.15
-116.62
-127.11
-114.01
-128.7
-114.39
-139.01
-129.39
-123.87
-124.25
-128.38
-116.29
-110.78
-115.98
-117.0
-131.34
-120.2
-136.18
-128.66
-131.26
-131.48
-121.18
-122.13
-123.33
-119.32
-121.05
-124.82
-121.56
-115.66
-104.68
-111.52
-107.05
-114.29
-111.27
-100.57
-96.31
-96.69
-106.73
-97.52
-112.82
