-0.32
-0.458
-0.47
-0.616
-0.404
-0.407
-0.46
-0.423
-0.676
-0.41
-0.523
-0.553
-0.508
-0.484
-0.507
-0.391
-0.633
-0.545
-0.542
-0.488
-0.501
-0.577
-0.829
-0.491
-0.466
-0.543
-0.51
-0.41
-0.475
-0.801
-0.568
-0.598
-0.667
-0.444
-0.616
-0.588
-0.54
-0.291
-0.543
-0.593
-0.407
-0.544
-0.487
-0.391
-0.594
-0.57
-0.372
-0.399
-0.406
-0.57
-0.499
-0.549
-0.477
-0.478
-0.434
-0.424
-0.405
-0.518
-0.475
-0.522
-0.521
-0.487
-0.503
-0.436
-0.425
-0.421
-0.552
-0.593
-0.47
-0.332
-0.467
-0.619
-0.443
-0.546
-0.482
-0.499
-0.367
-0.33
-0.432
-0.34
-0.534
-0.517
-0.387
-0.432
-0.54
-0.47
-0.502
-0.435
-0.485
-0.24
-0.308
-0.613
-0.506
-0.487
-0.466
-0.528
-0.557
-0.431
-0.566
-0.492
-0.404
-0.556
-0.503
-0.548
-0.38
-0.632
-0.571
-0.598
-0.621
-0.678
-0.472
-0.569
-0.658
-0.544
-0.53
-0.69
-0.621
-0.537
-0.644
-0.631
-0.421
-0.426
-0.716
-0.638
-0.693
-0.544
-0.552
-0.554
-0.44
-0.517
-0.541
-0.62
-0.5
-0.435
-0.61
-0.564
-0.478
-0.59
-0.581
-0.517
-0.509
-0.518
-0.677
-0.539
-0.475
-0.431
-0.537
-0.503
-0.517
-0.462
-0.555
-0.564
-0.651
-0.601
-0.628
-0.527
-0.441
-0.566
-0.557
-0.488
-0.595
-0.431
-0.54
-0.387
-0.494
-0.247
-0.553
-0.604
-0.489
-0.558
-0.509
-0.293
-0.352
-0.549
-0.517
-0.409
-0.453
-0.642
-0.658
-0.567
-0.578
-0.559
-0.663
-0.624
-0.539
-0.55
-0.501
-0.488
-0.329
-0.39
-0.605
-0.541
-0.577
-0.429
-0.515
-0.369
-0.705
-0.417
-0.497
-0.306
-0.426
-0.628
-0.583
-0.747
-0.541
-0.564
-0.52
-0.492
-0.361
-0.599
-0.499
-0.396
-0.621
-0.542
-0.377
-0.574
-0.44
-0.639
-0.44
-0.49
-0.467
-0.406
-0.492
-0.545
-0.523
-0.476
-0.395
-0.625
-0.499
-0.457
-0.449
-0.675
-0.386
-0.553
-0.43
-0.507
-0.571
-0.553
-0.49
-0.453
-0.569
-0.487
-0.369
-0.578
-0.648
-0.652
-0.591
-0.527
-0.653
-0.668
-0.724
-0.613
-0.694
-0.612
-0.608
-0.639
-0.809
-0.619
-0.493
-0.545
-0.381
-0.603
-0.574
-0.482
-0.447
-0.437
-0.378
-0.424
-0.51
-0.563
-0.4
-0.419
-0.376
-0.563
-0.415
-0.399
-0.453
-0.498
-0.492
-0.518
-0.457
-0.504
-0.518
-0.45
-0.638
-0.331
-0.366
-0.562
-0.493
-0.52
-0.439
-0.503
-0.451
-0.567
-0.496
-0.435
-0.395
-0.452
-0.526
-0.474
-0.509
-0.66
-0.526
-0.533
-0.575
-0.629
-0.593
-0.556
-0.568
-0.542
-0.698
-0.516
-0.503
-0.592
-0.616
-0.494
-0.62
-0.68
-0.606
-0.662
-0.516
-0.601
-0.527
-0.554
-0.538
-0.485
-0.644
-0.512
-0.627
-0.513
-0.521
-0.548
-0.681
-0.633
-0.665
-0.586
-0.802
-0.712
-0.614
-0.787
-0.713
-0.929
-0.603
-0.786
-0.731
-0.845
-0.539
-0.776
-0.955
-0.874
-0.703
-0.787
-0.88
-0.66
-0.898
-0.839
-0.555
-0.594
-0.875
-0.66
-0.71
-0.633
-0.487
-0.62
-0.478
-0.619
-0.397
-0.667
-0.495
-0.556
-0.601
-0.607
-0.286
-0.409
-0.493
-0.405
-0.586
-0.604
-0.548
-0.56
-0.719
-0.634
-0.754
-0.627
-0.745
-0.824
-0.659
-0.667
-0.715
-0.59
-0.707
-0.828
-0.665
-0.779
-0.745
-0.556
-0.576
-0.554
-0.732
-0.596
-0.649
-0.604
-0.687
-0.939
-0.701
-0.557
-0.827
-0.931
-0.728
-0.699
-0.816
-0.72
-0.651
-0.554
-0.602
-0.508
-0.673
-0.526
-0.449
-0.568
-0.6
-0.667
-0.517
-0.614
-0.594
-0.452
-0.499
-0.481
-0.652
-0.415
-0.477
-0.588
-0.317
-0.485
-0.553
-0.482
-0.525
-0.442
-0.469
-0.619
-0.582
-0.49
-0.464
-0.439
-0.588
-0.608
-0.607
-0.643
-0.499
-0.582
-0.667
