-101.11
-109.15
-101.95
-99.46
-101.0
-98.39
-102.5
-101.42
-91.96
-100.63
-102.95
-89.84
-96.3
-101.85
-96.03
-102.27
-105.97
-100.85
-94.34
-94.13
-112.4
-108.55
-110.72
-115.17
-105.26
-103.0
-116.34
-101.06
-113.67
-109.49
-109.15
-117.31
-112.81
-107.62
-109.61
-111.98
-110.35
-112.04
-113.61
-100.12
-114.5
-111.54
-110.88
-107.47
-109.16
-90.96
-109.26
-104.96
-106.45
-108.34
-109.61
-102.86
-99.86
-100.42
-106.72
-100.81
-110.72
-115.76
-96.72
-104.42
-98.38
-101.5
-96.23
-101.95
-101.37
-114.13
-104.07
-98.2
-101.85
-106.09
-112.15
-116.3
-97.89
-105.78
-88.86
-100.38
-101.77
-109.35
-106.8
-120.26
-121.79
-110.62
-102.65
-117.34
-117.27
-101.07
-104.54
-111.37
-125.96
-105.46
-109.43
-113.06
-110.78
-115.24
-108.32
-105.0
-114.87
-107.48
-110.18
-120.61
-117.57
-112.85
-122.91
-118.43
-117.45
-110.61
-109.85
-112.05
-109.85
-108.07
-121.54
-118.24
-117.62
-106.44
-115.66
-119.88
-113.61
-113.66
-119.65
-109.0
-118.67
-113.84
-120.23
-119.99
-122.04
-108.08
-112.74
-124.24
-129.91
-118.04
-116.8
-118.83
-114.68
-117.29
-113.52
-109.49
-112.81
-112.75
-112.51
-111.99
-118.39
-114.99
-116.53
-121.36
-116.65
-114.59
-108.67
-117.78
-115.43
-104.62
-115.76
-109.07
-117.02
-118.15
-131.54
-111.8
-109.55
-117.96
-117.18
-111.78
-114.35
-119.61
-114.24
-113.05
-115.21
-107.29
-121.39
-114.81
-120.26
-118.68
-115.33
-116.31
-111.56
-105.89
-98.56
-118.63
-117.56
-126.83
-118.64
-105.09
-126.46
-111.63
-120.84
-114.62
-117.73
-108.87
-107.38
-111.88
-106.17
-108.38
-104.8
-99.73
-106.78
-102.75
-104.21
-94.74
-92.61
-98.71
-99.71
-106.32
-106.25
-110.23
-113.09
-109.56
-99.65
-108.64
-104.45
-113.09
-109.27
-112.32
-108.76
-109.27
-115.66
-108.02
-102.84
-119.44
-116.87
-113.98
-116.09
-97.89
-108.15
-108.07
-105.91
-104.21
-107.75
-106.76
-105.95
-109.67
-114.1
-109.72
-105.09
-109.16
-101.82
-107.91
-112.88
-102.52
-101.26
-107.76
-102.0
-109.32
-95.86
-95.97
-109.51
-107.83
-125.29
-114.73
-107.73
-110.18
-107.5
-115.78
-114.76
-117.23
-108.71
-101.47
-112.27
-91.35
-109.39
-107.99
-103.38
-112.69
-102.24
-103.05
-106.31
-103.69
-104.44
-111.2
-105.49
-115.51
-118.05
-117.65
-119.36
-105.94
-114.66
-107.7
-107.33
-116.65
-102.42
-118.0
-101.08
-112.84
-111.77
-112.71
-108.39
-104.57
-103.77
-95.52
-97.82
-99.74
-90.82
-101.42
-103.68
-110.23
-101.68
-101.75
-106.5
-97.21
-100.23
-106.69
-109.22
-89.03
-97.62
-90.29
-85.9
-107.48
-97.13
-103.9
-90.69
-93.71
-98.88
-84.18
-100.96
-101.14
-95.81
-100.4
-100.35
-98.25
-101.2
-104.8
-105.14
-103.95
-103.94
-98.38
-108.34
-98.22
-107.08
-100.91
-103.72
-103.53
-95.71
-84.44
-107.06
-114.64
-102.3
-95.91
-107.89
-96.27
-109.24
-105.3
-110.07
-118.53
-100.43
-108.26
-104.04
-121.03
-106.68
-113.37
-111.42
-115.5
-120.82
-114.99
-115.59
-125.08
-118.07
-120.17
-111.65
-115.82
-109.88
-111.69
-110.91
-112.19
-113.05
-111.85
-108.73
-108.3
-102.71
-106.58
-105.34
-105.41
-108.25
-106.9
-120.15
-106.41
-98.91
-98.61
-105.0
-104.43
-113.2
-104.36
-114.63
-112.87
-115.37
-109.26
-117.16
-102.98
-104.09
-108.51
-95.17
-106.77
-103.07
-90.96
-106.45
-110.19
-104.21
-114.68
-111.03
-101.79
-99.69
-104.6
-101.43
-100.11
-102.85
-109.46
-109.94
-111.54
-114.52
-98.75
-109.25
-110.47
-101.62
-112.38
-107.55
-109.66
-101.55
-102.21
-107.04
-105.94
-99.57
-85.85
-99.35
-100.45
-103.6
-100.82
-105.0
-105.44
-112.94
-96.64
-93.9
-100.47
-109.77
-102.35
-103.93
-115.26
-102.07
-98.78
-109.45
-107.01
-101.84
-117.76
-111.18
-117.48
-111.44
-110.67
-109.51
-108.25
-110.99
-107.17
-108.49
-118.07
-109.53
-121.81
-125.41
