-68.03
-81.42
-84.67
-77.03
-81.37
-83.67
-84.98
-88.65
-79.1
-75.75
-69.76
-81.58
-79.5
-80.27
-83.71
-71.85
-78.98
-80.69
-76.82
-81.67
-81.02
-72.67
-78.33
-87.13
-79.27
-92.05
-80.63
-82.82
-87.58
-82.88
-78.04
-78.92
-70.88
-81.56
-74.54
-71.87
-78.64
-76.23
-74.16
-82.05
-68.69
-77.45
-84.09
-77.34
-76.67
-76.17
-91.33
-89.97
-87.4
-86.75
-90.43
-79.25
-84.81
-69.16
-79.98
-78.39
-67.67
-75.98
-90.22
-74.74
-91.94
-94.92
-83.18
-84.15
-81.67
-87.46
-92.43
-77.57
-71.15
-73.19
-79.68
-82.98
-73.68
-88.76
-87.01
-84.05
-68.08
-71.25
-76.57
-79.37
-69.56
-76.2
-64.92
-75.76
-70.64
-77.94
-81.83
-68.66
-87.17
-77.48
-70.12
-77.55
-75.54
-71.0
-71.4
-66.24
-75.29
-76.0
-86.98
-69.84
-70.82
-66.92
-78.89
-72.31
-76.8
-76.34
-68.06
-83.23
-78.85
-61.52
-76.62
-84.22
-89.34
-82.96
-86.97
-84.34
-83.28
-86.12
-82.82
-95.69
-78.09
-90.74
-83.41
-78.77
-83.9
-89.74
-88.68
-87.09
-75.98
-77.72
-75.78
-76.71
-77.86
-70.8
-65.52
-73.32
-61.91
-65.99
-74.63
-62.5
-62.02
-65.02
-63.75
-73.53
-66.07
-70.6
-75.62
-72.07
-65.9
-66.92
-65.33
-66.76
-70.18
-76.6
-74.44
-78.6
-83.63
-78.58
-75.81
-76.7
-71.93
-68.27
-65.66
-81.4
-83.15
-77.32
-80.48
-84.82
-85.04
-86.48
-83.6
-79.75
-78.63
-70.07
-63.1
-74.95
-74.65
-86.58
-72.46
-75.7
-75.17
-72.32
-71.18
-75.05
-78.4
-77.86
-70.17
-72.31
-75.39
-76.5
-82.28
-79.26
-69.83
-72.3
-82.93
-84.25
-77.08
-70.12
-76.25
-75.79
-76.73
