-0.174
-0.221
-0.278
-0.374
-0.335
-0.186
-0.301
-0.357
-0.303
-0.395
-0.366
-0.389
-0.348
-0.352
-0.385
-0.269
-0.325
-0.363
-0.246
-0.34
-0.398
-0.39
-0.382
-0.342
-0.288
-0.474
-0.329
-0.456
-0.475
-0.329
-0.282
-0.295
-0.231
-0.276
-0.28
-0.284
-0.378
-0.308
-0.188
-0.254
-0.459
-0.236
-0.241
-0.325
-0.234
-0.391
-0.336
-0.326
-0.334
-0.482
-0.244
-0.342
-0.293
-0.226
-0.278
-0.282
-0.241
-0.28
-0.349
-0.368
-0.332
-0.27
-0.289
-0.382
-0.277
-0.387
-0.316
-0.249
-0.357
-0.352
-0.265
-0.223
-0.316
-0.307
-0.426
-0.432
-0.345
-0.272
-0.235
-0.254
-0.232
-0.275
-0.243
-0.23
-0.225
-0.256
-0.244
-0.182
-0.371
-0.212
-0.225
-0.253
-0.341
-0.291
-0.217
-0.194
-0.232
-0.358
-0.311
-0.261
-0.295
-0.201
-0.332
-0.307
-0.277
-0.317
-0.23
-0.341
-0.291
-0.271
-0.298
-0.421
-0.283
-0.264
-0.319
-0.32
-0.335
-0.274
-0.299
-0.435
-0.281
-0.285
-0.353
-0.344
-0.375
-0.356
-0.269
-0.254
-0.303
-0.334
-0.257
-0.277
-0.299
-0.255
-0.161
-0.209
-0.304
-0.358
-0.399
-0.123
-0.167
-0.259
-0.168
-0.164
-0.226
-0.178
-0.229
-0.342
-0.302
-0.336
-0.298
-0.292
-0.383
-0.361
-0.209
-0.376
-0.303
-0.311
-0.216
-0.377
-0.352
-0.379
-0.243
-0.267
-0.376
-0.296
-0.272
-0.357
-0.317
-0.267
-0.312
-0.412
-0.42
-0.245
-0.181
-0.437
-0.352
-0.33
-0.272
-0.263
-0.277
-0.257
-0.296
-0.288
-0.34
-0.343
-0.342
-0.371
-0.412
-0.371
-0.403
-0.381
-0.346
-0.264
-0.408
-0.373
-0.393
-0.329
-0.2
-0.357
-0.304
