-463.244
-497.55
-541.759
-550.349
-523.973
-569.834
-585.116
-504.116
-573.838
-502.905
-535.851
-604.789
-564.247
-602.904
-585.086
-542.137
-599.07
-572.532
-596.231
-537.041
-569.454
-498.27
-548.475
-595.958
-506.39
-607.235
-511.62
-600.062
-599.41
-619.374
-572.408
-540.079
-521.149
-515.94
-468.688
-486.857
-561.218
-572.767
-573.374
-536.736
-530.014
-582.627
-553.179
-551.151
-558.097
-607.57
-594.408
-632.842
-547.78
-620.536
-601.799
-564.562
-573.422
-569.861
-583.043
-603.197
-524.214
-564.361
-572.683
-623.735
-585.948
-639.114
-603.672
-525.718
-534.775
-588.562
-615.086
-548.479
-554.763
-560.763
-534.739
-558.437
-557.479
-585.754
-619.358
-597.949
-604.099
-539.072
-570.477
-553.351
-530.689
-548.111
-519.063
-577.242
-507.242
-527.197
-504.453
-438.47
-591.367
-553.175
-562.75
-535.764
-521.091
-547.015
-446.088
-491.958
-533.737
-561.35
-579.889
-560.163
-514.815
-537.771
-552.892
-515.63
-528.277
-497.76
-530.613
-542.667
-522.614
-511.81
-523.237
-558.788
-543.623
-574.038
-588.949
-578.455
-519.317
-555.526
-547.266
-565.099
-568.527
-596.953
-619.578
-549.822
-566.846
-583.146
-541.683
-539.69
-530.426
-576.716
-564.666
-545.467
-536.143
-540.925
-495.257
-543.271
-528.199
-531.985
-531.702
-473.724
-468.012
-478.221
-468.873
-550.193
-540.241
-490.905
-539.564
-529.911
-515.583
-494.61
-503.542
-514.989
-536.661
-590.223
-575.863
-591.447
-596.627
-599.15
-515.274
-534.83
-539.377
-516.764
-531.694
-521.905
-553.452
-554.689
-546.122
-566.0
-568.112
-535.074
-578.623
-568.182
-560.132
-513.356
-525.95
-527.751
-524.706
-538.319
-496.063
-470.994
-473.043
-464.29
-460.973
-464.227
-448.087
-479.82
-506.998
-458.809
-505.369
-524.566
-521.089
-486.21
-523.313
-496.314
-544.963
-583.606
-493.862
-538.949
-479.938
-533.183
-524.474
