-87.56
-82.8
-93.95
-81.12
-85.08
-89.29
-82.33
-84.02
-83.56
-86.41
-87.98
-100.24
-92.78
-85.13
-78.73
-87.55
-102.58
-79.35
-83.51
-76.02
-86.89
-87.4
-76.49
-96.95
-87.86
-97.67
-82.82
-68.67
-80.75
-78.44
-78.83
-81.11
-80.94
-76.35
-67.55
-71.87
-70.25
-62.3
-86.09
-73.33
-83.62
-73.3
-77.71
-84.63
-69.8
-70.09
-71.99
-79.02
-80.36
-73.19
-74.78
-73.69
-83.23
-83.16
-74.23
-63.96
-77.69
-80.17
-87.14
-62.7
-85.89
-83.35
-81.35
-87.59
-90.38
-87.07
-93.87
-86.54
-82.04
-90.84
-89.16
-87.65
-90.03
-74.77
-80.99
-88.92
-83.02
-79.44
-86.93
-74.1
-70.38
-66.95
-73.38
-73.8
-69.77
-76.4
-75.07
-63.5
-75.34
-58.19
-63.6
-68.31
-64.43
-75.72
-81.85
-68.15
-67.35
-73.42
-75.16
-70.72
-69.79
-72.05
-72.68
-79.92
-77.36
-78.35
-87.26
-81.74
-80.89
-77.44
-80.4
-82.62
-70.55
-79.84
-75.04
-75.12
-79.17
-88.37
-96.24
-84.89
-91.57
-83.9
-96.14
-79.47
-82.77
-75.0
-75.24
-91.65
-73.96
-70.32
-73.15
-74.28
-73.05
-71.81
-77.28
-79.57
-70.77
-70.63
-75.45
-80.58
-79.38
-77.74
-81.37
-70.65
-80.66
-85.55
-71.31
-86.3
-74.04
-86.75
