-0.404
-0.617
-0.735
-0.478
-0.532
-0.589
-0.606
-0.753
-0.809
-0.637
-0.601
-0.872
-0.972
-0.674
-0.689
-0.631
-0.668
-0.662
-0.731
-0.702
-0.693
-0.747
-0.551
-0.694
-0.718
-0.765
-0.698
-0.633
-0.587
-0.639
-0.687
-0.703
-0.577
-0.685
-0.593
-0.74
-0.651
-0.617
-0.848
-0.686
-0.57
-0.528
-0.495
-0.463
-0.542
-0.491
-0.471
-0.432
-0.497
-0.664
-0.603
-0.602
-0.534
-0.589
-0.597
-0.539
-0.571
-0.556
-0.607
-0.519
-0.382
-0.502
-0.563
-0.609
-0.314
-0.357
-0.561
-0.529
-0.488
-0.573
-0.573
-0.423
-0.645
-0.475
-0.548
-0.409
-0.454
-0.431
-0.577
-0.526
-0.465
-0.496
-0.622
-0.659
-0.413
-0.524
-0.47
-0.467
-0.415
-0.48
-0.512
-0.436
-0.6
-0.513
-0.648
-0.484
-0.438
-0.595
-0.585
-0.549
-0.764
-0.775
-0.733
-0.732
-0.641
-0.518
-0.496
-0.53
-0.528
-0.568
-0.611
-0.585
-0.634
-0.668
-0.759
-0.737
-0.606
-0.764
-0.641
-0.54
-0.5
-0.558
-0.694
-0.59
-0.571
-0.563
-0.573
-0.528
-0.393
-0.467
-0.641
-0.522
-0.48
-0.512
-0.64
-0.537
-0.563
-0.488
-0.737
-0.688
-0.489
-0.568
-0.514
-0.539
-0.582
-0.473
-0.481
-0.521
-0.582
-0.528
-0.396
-0.679
-0.643
-0.703
-0.526
-0.399
-0.694
-0.445
-0.527
-0.431
-0.515
-0.639
-0.581
-0.538
-0.595
-0.507
-0.681
-0.624
-0.383
-0.62
-0.381
-0.361
-0.436
-0.498
-0.484
-0.313
-0.353
-0.374
-0.64
-0.517
-0.526
-0.444
-0.449
-0.516
-0.499
-0.702
-0.49
-0.45
-0.78
-0.4
-0.676
-0.648
-0.785
-0.688
-0.556
-0.682
-0.402
-0.543
-0.513
-0.47
-0.537
-0.555
-0.584
-0.709
-0.355
-0.477
-0.446
-0.793
-0.604
-0.566
-0.519
-0.569
-0.597
-0.706
-0.691
-0.779
-0.755
-0.601
-0.477
-0.76
-0.53
-0.673
-0.824
-0.88
-0.934
-0.756
-0.804
-0.705
-0.775
-0.604
-0.639
-0.683
-0.542
-0.551
-0.496
-0.593
-0.344
-0.533
-0.65
-0.651
-0.514
-0.59
-0.719
-0.646
-0.606
-0.601
-0.671
-0.66
-0.6
-0.506
-0.492
-0.597
-0.675
-0.515
-0.504
-0.504
-0.451
-0.499
-0.57
-0.592
-0.5
-0.336
-0.386
-0.542
-0.601
-0.488
-0.388
-0.485
-0.404
-0.471
-0.506
-0.387
-0.433
-0.493
-0.582
-0.426
-0.499
-0.401
-0.415
-0.412
-0.334
-0.407
-0.596
-0.45
-0.694
-0.398
-0.559
-0.503
-0.548
-0.657
-0.975
-0.558
-0.491
-0.627
-0.733
-0.526
-0.667
-0.67
-0.354
-0.524
-0.448
-0.6
-0.514
-0.8
-0.572
-0.633
-0.669
-0.878
-0.651
-0.467
-0.761
-0.692
-0.846
-0.872
-0.747
-0.436
-0.561
-0.722
-0.713
-0.474
-0.692
-0.452
-0.505
-0.526
-0.529
-0.762
-0.684
-0.617
-0.724
-0.756
-0.566
-0.741
-0.498
-0.586
-0.673
-0.883
-0.659
-0.747
-0.555
-0.572
-0.799
-0.884
-0.761
-1.08
-0.932
-0.765
-0.906
-0.788
-0.783
-0.994
-0.838
-0.633
-0.652
-0.739
-0.951
-0.891
-0.697
-0.743
-0.7
-0.787
-0.726
-0.683
-0.979
-0.721
-0.803
-0.69
-0.608
-0.588
-0.697
-0.749
-0.696
-0.789
-0.744
-0.782
-0.537
-0.658
-0.587
-0.659
-0.761
-0.943
-0.732
-0.762
-0.632
-0.643
-0.635
-0.759
-0.727
-0.776
-0.623
-0.814
-0.716
-0.637
-0.697
-0.737
-0.699
-0.701
-0.782
-0.71
-0.674
-0.653
-0.704
-0.669
-0.588
-0.586
-0.69
-0.704
-0.711
-0.641
-0.749
-0.686
-0.732
-0.752
-0.627
-0.681
-0.614
-0.847
-0.653
-0.748
-0.691
-0.625
-0.503
-0.609
-0.624
-0.416
-0.598
-0.511
-0.614
-0.507
-0.504
-0.485
-0.552
-0.586
-0.574
-0.763
-0.423
-0.701
-0.492
-0.468
-0.7
-0.539
-0.739
-0.489
-0.73
-0.817
-0.696
-0.61
-0.779
-0.661
-0.7
-0.718
-0.742
