-780.599
-751.025
-745.895
-712.375
-767.304
-782.882
-738.849
-721.018
-732.381
-793.056
-765.091
-738.661
-800.539
-824.278
-737.14
-728.237
-731.303
-733.693
-805.225
-768.125
-719.065
-719.378
-734.494
-774.139
-720.422
-748.253
-750.207
-750.174
-672.154
-743.823
-756.53
-806.367
-729.666
-753.057
-727.435
-725.343
-707.261
-755.891
-733.72
-722.725
-777.812
-709.876
-734.579
-698.152
-702.891
-694.396
-707.639
-692.122
-723.041
-764.621
-709.176
-683.659
-726.179
-703.755
-697.89
-707.65
-716.128
-766.283
-764.339
-754.088
-729.865
-710.058
-731.351
-765.918
-719.298
-695.126
-740.392
-746.453
-737.525
-762.074
-704.888
-720.498
-704.817
-670.855
-711.916
-641.096
-738.29
-697.672
-742.626
-735.112
-710.767
-760.034
-734.657
-746.323
-693.825
-726.683
-724.124
-733.231
-700.25
-724.474
-707.972
-705.373
-706.456
-712.249
-748.736
-722.211
-763.641
-718.715
-759.054
-766.02
-792.765
-755.492
-723.66
-739.632
-744.227
-745.279
-724.922
-717.71
-760.159
-745.982
-747.231
-799.712
-731.415
-790.79
-714.652
-782.293
-813.465
-764.877
-776.103
-755.128
-766.748
-758.659
-744.991
-722.539
-717.654
-745.572
-749.768
-734.563
-662.803
-675.336
-704.301
-674.018
-620.378
-657.094
-652.029
-657.207
-674.428
-716.613
-757.219
-712.284
-731.39
-731.721
-721.595
-696.413
-697.977
-659.453
-704.846
-696.084
-705.607
-659.205
-703.554
-699.329
-745.772
-675.508
-681.518
-684.171
-697.235
-668.264
-702.188
-689.884
-702.485
-759.808
-699.892
-730.271
-722.15
-715.19
-672.486
-674.385
-618.528
-574.301
-639.92
-635.27
-693.314
-720.276
-650.855
-683.622
-693.451
-656.046
-651.397
-700.057
-654.355
-675.956
-787.877
-755.618
-704.446
-769.529
-744.698
-731.095
-745.991
-719.024
-725.375
-727.856
-759.025
-674.577
-719.604
-733.004
-750.977
-752.618
-749.633
-708.89
-718.38
-722.308
-753.134
-784.513
-747.885
-762.428
-699.537
-724.613
-738.551
-694.785
-740.45
-722.342
-693.465
-707.69
-704.804
-792.039
-687.842
-741.565
-746.124
-696.636
-738.221
-723.288
-745.266
-805.812
-825.811
-823.511
-818.135
-797.279
-736.454
-712.354
-738.566
-686.83
-740.526
-747.631
-749.748
-749.026
-773.757
-738.138
-755.216
-702.495
-757.81
-816.356
-760.323
-730.835
-731.229
-748.587
-690.542
-700.393
-659.574
-742.707
-674.677
-709.299
-678.59
-671.021
-620.616
-685.475
-758.816
-700.78
-666.831
-718.966
-642.181
-718.266
-791.414
-795.228
-708.356
-729.563
-748.757
-730.946
-737.824
-802.067
-735.564
-734.99
-749.83
-770.166
-759.211
-717.97
-798.03
-753.431
-807.885
-752.584
-797.044
-805.622
-767.584
-807.97
-771.905
-799.121
-757.045
-788.343
-788.608
-761.192
-750.309
-763.758
-709.82
-750.17
-719.692
-715.278
-716.311
-769.0
-729.871
-725.933
-721.457
-746.598
-721.874
-735.739
-743.297
-747.044
-720.957
-787.435
-739.951
-709.485
-747.14
-709.93
-747.861
-713.604
-754.848
-763.161
-800.404
-761.306
-745.5
-730.022
-775.859
-710.833
-723.173
-744.345
-742.038
-731.434
-767.782
-733.724
-778.437
-745.243
-774.269
-718.236
-768.092
-712.06
-813.545
-735.368
-778.614
-750.443
-754.822
-780.832
-786.009
-775.948
-745.901
-755.44
-790.249
-833.511
-797.366
-752.942
-814.889
-781.167
-794.684
-804.79
-773.681
-765.974
-817.989
-797.805
-794.781
-831.226
-828.908
-807.617
-853.198
-786.783
-822.855
-729.245
-788.071
-754.704
-720.143
-733.802
-688.876
-772.792
-732.465
-764.742
-800.983
-772.777
-762.638
-742.922
-701.827
-783.52
-782.728
-822.525
-823.944
-846.202
-775.858
-799.471
-782.791
-836.361
-795.104
-824.342
-775.369
-859.879
-801.227
-763.013
-825.891
-778.305
-821.596
-779.323
-831.39
-857.426
-831.284
-841.167
-792.777
-780.013
-798.091
-782.785
-697.793
-778.049
-738.821
-748.179
-781.226
-761.545
-811.692
-847.85
-778.871
-793.946
-845.776
-827.008
-802.933
-841.751
-824.655
-823.565
-801.626
-846.933
-767.164
-793.677
-732.993
-803.501
-855.927
-767.353
-789.604
-718.375
-760.503
-758.109
-721.794
-688.91
-686.501
-688.659
-720.213
-739.376
-695.763
-703.002
-797.495
-695.374
-727.82
-790.936
-771.859
-723.395
-739.979
-749.727
-689.199
-746.066
-771.03
