-120.55
-130.12
-121.98
-116.19
-113.52
-117.57
-112.54
-118.3
-111.33
-118.2
-125.98
-120.89
-122.71
-125.03
-122.83
-131.29
-122.56
-124.37
-128.78
-129.25
-116.79
-128.55
-128.2
-131.13
-120.42
-120.15
-122.28
-127.06
-125.61
-123.44
-129.71
-133.54
-133.44
-130.08
-115.96
-123.69
-124.68
-125.06
-122.15
-124.46
-122.67
-118.01
-127.85
-119.55
-115.12
-125.87
-113.19
-104.81
-112.12
-121.27
-125.89
-123.86
-104.0
-117.23
-112.49
-115.63
-121.98
-123.13
-113.28
-112.37
-111.45
-118.48
-115.73
-126.5
-114.82
-118.24
-120.62
-115.78
-123.66
-127.63
-110.87
-110.07
-113.58
-117.19
-104.47
-115.44
-114.41
-110.14
-109.62
-110.01
-106.97
-115.24
-117.58
-118.61
-109.36
-115.56
-121.8
-119.9
-115.32
-119.71
-113.0
-107.27
-110.13
-113.06
-110.08
-114.44
-125.42
-118.17
-120.54
-116.36
-127.23
-115.0
-122.42
-120.75
-121.83
-120.35
-121.19
-115.74
-119.22
-123.15
-130.28
-121.89
-122.74
-132.24
-126.65
-127.32
-123.4
-123.42
-124.23
-128.67
-115.91
-126.38
-124.1
-125.74
-117.21
-122.13
-130.35
-125.16
-102.93
-110.32
-113.68
-111.44
-97.76
-110.23
-109.18
-114.68
-108.67
-109.43
-108.83
-119.77
-103.03
-124.83
-110.56
-116.88
-112.41
-115.67
-105.69
-112.63
-109.87
-113.46
-113.23
-125.15
-129.76
-114.68
-113.51
-119.94
-124.02
-123.9
-120.61
-125.82
-117.51
-121.13
-119.04
-122.33
-114.91
-122.15
-117.65
-111.5
-113.71
-107.4
-114.71
-111.24
-123.26
-128.48
-105.93
-117.1
-111.95
-112.8
-113.44
-113.83
-117.33
-122.31
-128.7
-125.22
-111.91
-123.37
-120.91
-120.34
-120.8
-120.77
-128.04
-120.39
-122.32
-117.39
-119.06
-116.32
-115.75
-114.34
-122.66
-112.71
-113.76
-109.63
-117.69
-123.27
-117.06
-99.54
-114.55
-107.82
-117.51
-121.27
-124.27
-110.61
-120.21
-111.65
-115.02
-118.22
-117.06
-109.13
-108.79
-118.63
-108.39
-118.26
-116.88
-115.21
-128.41
-117.79
-115.58
-125.77
-109.62
-117.75
-117.36
-114.22
-107.66
-115.92
-111.07
-124.83
-128.76
-124.77
-112.93
-122.02
-120.19
-132.5
-129.86
-115.14
-117.93
-111.09
-117.61
-117.94
-116.97
-109.31
-103.66
-112.28
-103.05
-104.27
-112.36
-113.72
-109.72
-103.48
-110.6
-113.48
-116.18
-116.65
-111.72
-114.75
-121.06
-124.39
-117.65
-120.38
-115.5
-122.28
-123.74
-121.28
-118.42
-121.2
-115.69
-112.56
-114.65
-118.34
-120.95
-115.99
-118.19
-127.97
-122.75
-119.59
-119.72
-118.49
-128.81
-119.92
-123.11
-127.49
-125.4
-127.41
-113.07
-113.16
-124.97
-109.18
-114.45
-121.75
-115.28
-124.16
-122.36
-124.53
-120.88
-122.46
-118.75
-122.71
-109.17
-119.4
-109.14
-113.37
-126.36
-117.46
-118.65
-128.86
-119.05
-116.16
-134.65
-124.18
-116.99
-117.56
-117.65
-121.94
-117.72
-117.99
-123.54
-125.6
-131.44
-120.72
-125.85
-117.1
-110.26
-111.45
-117.36
-106.29
-121.39
-127.19
-129.71
-119.39
-115.72
-113.55
-123.83
-120.88
-120.11
-119.37
-126.25
-131.21
-127.02
-124.04
-120.27
-122.13
-125.52
-124.52
-117.27
-125.59
-122.98
-110.0
-116.15
-129.25
-123.34
-126.02
-115.9
-123.89
-135.83
-126.9
-130.24
-118.94
-121.76
-115.66
-117.07
-116.81
-112.97
-125.18
-114.4
-131.51
-123.56
-127.54
-120.5
-119.37
-123.5
-126.46
-129.07
-137.7
-137.12
-133.41
-132.71
-125.88
-125.56
-132.38
-132.56
-138.64
-134.2
-125.15
-123.33
-123.05
-127.89
-131.8
-126.39
-134.1
-127.45
-129.74
-124.91
-125.42
-128.53
-124.17
-122.96
-127.03
-123.47
-127.66
-124.65
-141.07
-128.36
-143.11
-129.41
-138.02
-129.11
-125.03
-134.84
-130.9
-135.79
-129.75
-124.59
-135.79
-123.79
-131.03
-130.73
-125.97
-128.75
-108.5
-126.51
-113.85
-114.95
-107.77
-113.43
-110.58
-104.5
-104.48
-120.52
-108.96
-119.25
-119.25
-123.88
-117.58
-112.99
-120.94
-123.22
-124.73
-114.15
-115.98
-114.14
-121.13
-129.99
