-133.03
-129.72
-131.92
-117.52
-128.2
-135.13
-135.55
-129.38
-132.72
-132.39
-125.74
-134.32
-127.34
-135.12
-129.97
-136.58
-123.69
-130.55
-127.36
-131.5
-117.21
-114.17
-127.41
-116.77
-126.08
-125.57
-124.83
-136.64
-120.98
-117.32
-125.82
-131.7
-130.68
-140.62
-121.71
-134.67
-141.61
-131.98
-118.91
-121.57
-125.88
-121.2
-120.75
-132.66
-119.18
-126.52
-135.03
-135.11
-136.5
-139.83
-150.58
-137.62
-121.35
-133.89
-130.14
-129.49
-130.14
-126.72
-140.62
-139.01
-141.01
-147.5
-135.71
-144.16
-137.47
-151.43
-148.21
-143.46
-140.64
-134.2
-123.42
-137.89
-135.71
-128.04
-130.8
-140.4
-140.62
-135.18
-104.17
-111.98
-125.51
-105.75
-106.68
-111.8
-118.8
-106.99
-105.37
-121.92
-113.35
-125.13
-124.42
-129.86
-118.07
-109.25
-122.75
-104.52
-122.27
-122.6
-113.29
-114.14
-125.38
-127.91
-139.96
-129.77
-123.06
-128.65
-124.52
-119.85
-131.72
-123.69
-120.95
-128.67
-122.15
-117.26
-124.79
-141.67
-122.08
-125.89
-115.46
-106.25
-109.7
-120.79
-129.06
-134.1
-118.02
-116.63
-114.79
-110.48
-121.04
-122.82
-113.34
-124.2
-147.98
-138.21
-127.71
-145.05
-130.36
-132.96
-136.08
-139.62
-131.96
-139.08
-144.91
-129.94
-117.63
-136.49
-124.37
-124.4
-138.13
-119.45
