-106.53
-117.67
-112.73
-113.36
-110.79
-110.78
-125.12
-106.34
-114.09
-114.32
-114.06
-110.77
-118.12
-115.97
-114.89
-117.6
-111.1
-120.37
-122.92
-118.61
-113.53
-124.98
-116.47
-118.01
-122.99
-127.36
-122.87
-125.54
-124.13
-112.5
-126.9
-114.86
-123.98
-117.02
-117.4
-115.03
-125.33
-126.31
-114.46
-115.62
-118.04
-115.32
-121.15
-117.89
-123.31
-121.59
-117.51
-117.9
-119.07
-111.8
-116.49
-116.09
-113.0
-111.2
-114.61
-115.51
-112.44
-107.83
-98.08
-104.73
-112.72
-115.27
-112.13
-115.15
-119.95
-115.5
-115.79
-121.11
-126.53
-120.68
-121.13
-111.33
-113.28
-108.55
-111.92
-110.79
-109.48
-119.83
-113.2
-107.31
-108.42
-103.23
-106.66
-102.97
-109.92
-113.03
-103.07
-103.9
-119.48
-110.11
-109.52
-111.41
-106.61
-106.75
-102.11
-108.02
-105.25
-112.25
-107.53
-105.47
-107.17
-101.92
-108.45
-109.89
-109.74
-110.69
-108.63
-103.51
-109.37
-115.33
-117.73
-95.72
-125.94
-104.36
-113.84
-108.58
-115.13
-121.17
-115.58
-117.84
-128.07
-121.94
-116.96
-137.06
-122.87
-121.31
-119.85
-122.12
-120.75
-118.04
-131.37
-122.56
-131.17
-113.45
-122.73
-127.41
-128.44
-129.95
-132.66
-121.29
-132.01
-128.4
-122.21
-111.7
-118.04
-117.45
-124.3
-130.47
-131.2
-120.65
-130.47
-118.85
-119.74
-116.58
-114.79
-118.82
-125.36
-123.9
-117.11
-128.65
-129.29
-126.36
-126.39
-118.42
-135.31
-120.28
-126.15
-128.03
-133.79
-112.43
-131.98
-122.61
-120.96
-117.92
-123.96
-125.22
-135.77
-128.46
-128.61
-134.84
-127.49
-126.28
-121.73
-116.46
-108.47
-108.39
-108.93
-113.43
-119.75
-117.88
-114.62
-124.47
-112.37
-118.56
-119.89
-107.95
-122.65
-108.41
-112.62
-107.8
-114.65
-106.22
-118.56
-114.78
-98.15
-128.14
-123.25
-114.64
-111.11
-125.12
-128.02
-127.46
-113.25
-119.71
-115.85
-120.94
-112.71
-112.6
-118.96
-119.96
-136.04
-115.64
-133.19
-122.4
-133.67
-119.94
-123.49
-125.31
-116.38
-127.31
-119.58
-118.29
-120.25
-125.44
-124.34
-121.13
-116.56
-126.7
-121.12
-108.94
-121.95
-117.8
-127.75
-122.56
-123.01
-123.91
-126.31
-124.1
-132.14
-116.31
-118.74
-120.61
-125.04
-121.62
-121.6
-116.19
-115.87
-120.02
-126.28
-128.65
-125.89
-122.5
-124.07
-124.85
-129.61
-126.16
-126.34
-126.54
-116.85
-126.2
-126.08
-115.62
-126.2
-118.92
-120.48
-120.92
-119.14
-114.94
-123.62
-119.73
-121.91
-106.13
-117.94
-105.26
-112.46
-115.01
-114.49
-110.62
-111.17
-115.66
-117.48
-125.4
-112.42
-115.26
-117.98
-125.55
-125.72
-113.22
-126.48
-123.98
-118.67
-122.53
-125.03
-122.22
-127.96
-130.05
-117.67
-122.81
-132.65
-124.49
-122.94
-120.85
-131.75
-119.74
-115.51
-114.82
-117.93
-128.41
-120.23
-121.87
-121.7
-120.08
-123.35
-120.39
-124.09
-117.24
-116.71
-106.97
-121.76
-122.61
-116.0
-117.55
-111.39
-105.87
-124.0
-123.14
-119.6
-120.51
-119.24
-116.91
-123.8
-108.42
-116.93
-125.72
-116.29
-117.26
-114.46
-108.93
-120.16
-103.49
-127.81
-120.54
-121.01
-113.04
-124.08
-115.96
-120.98
-118.67
-108.54
-126.04
-120.08
-116.69
-118.35
-115.53
-114.68
-109.18
-122.89
-122.26
-116.06
-116.17
-112.94
-119.51
-116.94
-121.8
-123.61
-122.79
-113.81
-123.28
-126.38
-122.65
-118.05
-112.58
-124.46
-122.48
-119.82
-112.58
-115.97
-116.41
-122.19
-121.17
-125.32
-114.0
-118.38
-124.76
-119.74
-125.52
-117.03
-120.96
-121.89
-125.46
-118.06
-122.66
-127.27
-118.88
-111.91
-118.7
-127.96
-114.06
-133.91
-123.02
-122.6
-120.11
-118.09
-126.1
-118.18
-121.77
-122.01
-119.35
-109.55
-119.86
-112.16
-112.69
-127.67
-122.38
-127.23
-117.14
-115.27
-118.21
-122.18
-118.05
-126.1
-125.44
-132.77
-115.65
-133.02
-121.33
-113.65
-118.39
-122.14
-114.2
-116.07
-126.24
-118.63
-119.05
-117.52
-124.77
-122.43
-119.74
-119.18
-120.3
-108.67
