-757.046
-698.043
-717.059
-713.995
-687.264
-734.16
-757.869
-706.448
-711.642
-747.586
-677.848
-739.721
-686.367
-731.824
-727.287
-733.704
-752.284
-723.57
-715.45
-763.222
-772.545
-790.015
-745.152
-723.961
-773.076
-800.836
-766.848
-770.954
-799.384
-790.478
-809.055
-785.548
-743.918
-750.833
-729.855
-705.378
-729.624
-722.19
-684.437
-749.148
-742.529
-725.818
-758.316
-727.078
-730.217
-716.182
-743.704
-738.818
-700.946
-740.522
-697.304
-700.095
-728.321
-760.561
-712.433
-706.994
-667.856
-687.93
-693.164
-688.263
-729.31
-711.283
-725.043
-753.286
-773.624
-733.735
-758.158
-781.411
-785.941
-790.125
-783.234
-770.468
-727.71
-703.95
-762.708
-743.846
-696.593
-696.573
-702.793
-717.43
-654.033
-673.967
-693.451
-680.294
-677.029
-701.415
-659.061
-700.703
-707.622
-721.82
-705.911
-657.919
-673.714
-707.346
-692.262
-675.625
-731.604
-695.293
-714.408
-683.267
-700.501
-667.619
-662.428
-766.769
-742.229
-669.033
-738.774
-704.278
-661.984
-779.669
-729.957
-705.456
-801.3
-763.201
-711.553
-713.367
-719.975
-798.723
-726.602
-834.734
-778.976
-808.177
-839.374
-823.317
-833.121
-806.979
-793.534
-830.578
-784.866
-748.111
-848.004
-812.291
-841.991
-819.524
-865.972
-795.802
-802.828
-870.321
-794.485
-876.169
-843.303
-821.505
-827.548
-798.244
-784.518
-722.441
-797.602
-817.04
-765.854
-844.131
-814.11
-774.783
-804.138
-796.983
-775.626
-798.158
-886.69
-805.008
-774.059
-812.801
-832.423
-859.213
-869.692
-845.719
-783.202
-809.051
-858.819
-825.0
-830.859
-793.603
-800.45
-825.321
-787.56
-805.669
-806.487
-797.851
-806.009
-816.257
-834.11
-792.845
-741.074
-780.4
-786.85
-807.987
-789.137
-783.304
-724.994
-759.451
-708.714
-769.041
-797.63
-799.16
-708.931
-733.588
-785.458
-714.874
-795.344
-742.827
-738.008
-752.442
-735.798
-760.621
-760.317
-733.994
-788.295
-785.415
-777.402
-767.775
-733.802
-804.806
-779.136
-794.823
-782.434
-806.999
-840.812
-787.998
-779.051
-765.862
-784.761
-799.857
-820.594
-746.72
-816.024
-769.159
-863.977
-807.013
-753.007
-788.969
-828.528
-793.893
-744.635
-826.973
-824.105
-808.185
-814.749
-804.915
-806.487
-817.483
-784.53
-769.961
-806.106
-748.796
-813.781
-838.835
-781.734
-829.708
-728.62
-770.558
-789.34
-838.204
-788.455
-843.204
-780.615
-805.341
-729.529
-796.942
-813.181
-753.092
-833.872
-782.65
-755.872
-771.183
-793.503
-821.069
-859.243
-791.265
-789.472
-739.992
-743.387
-779.216
-760.482
-766.837
-796.59
-769.856
-776.323
-772.108
-789.907
-793.353
-775.975
-739.758
-743.811
-679.24
-719.044
-706.894
-740.791
-797.488
-791.399
-794.383
-762.528
-814.194
-759.195
-767.562
-776.628
-770.22
-780.296
-755.907
-734.852
-775.369
-802.884
-770.573
-814.685
-772.362
-766.766
-784.672
-824.011
-812.416
-728.891
-740.717
-752.049
-774.51
-790.948
-757.686
-760.87
-754.855
-737.517
-773.563
-777.136
-794.065
-779.399
-767.997
-725.194
-831.682
-741.308
-806.691
-791.676
-781.067
-792.06
-745.492
-793.811
-807.157
-786.794
-783.873
-772.777
-714.497
-755.433
-774.305
-763.876
-787.477
-759.525
-739.176
-743.326
-764.27
-784.805
-785.75
-769.539
-791.89
-753.036
-792.512
-785.421
-729.681
-774.088
-763.79
-733.406
-778.183
-748.15
-757.686
-770.588
-777.714
-765.666
-739.609
-760.047
-736.448
-759.247
-717.289
-769.679
-807.238
-759.523
-773.754
-756.891
-786.855
-745.59
-725.729
-779.5
-743.308
-811.579
-795.359
-844.347
-821.388
-759.195
-783.117
-780.252
-792.897
-745.537
-781.296
-746.411
-809.877
-784.631
-745.514
-774.474
-805.983
-734.631
-734.084
-777.695
-735.477
-748.515
-794.178
-757.914
-748.177
-806.579
-807.699
-793.418
-831.507
-794.945
-734.268
-806.859
-745.346
-765.595
-759.121
-812.345
-816.193
-800.363
-761.929
-769.534
-851.955
-735.47
-728.926
-762.901
-756.92
-774.267
-731.176
-731.755
-734.563
-780.569
-770.758
-767.327
-694.856
-718.039
-751.493
-743.41
-707.246
-762.664
-775.554
-759.703
-769.287
-757.124
-690.061
-738.373
-763.717
-790.417
-743.567
-773.41
-839.383
-762.525
-785.137
-727.977
-783.966
-784.438
-813.142
-844.534
-828.242
-788.009
