-129.44
-124.3
-142.32
-130.28
-128.85
-132.3
-119.24
-108.46
-121.45
-119.91
-129.91
-126.71
-124.54
-135.7
-144.73
-135.96
-130.35
-134.52
-146.6
-147.64
-146.0
-140.96
-122.55
-122.63
-119.18
-127.13
-120.15
-126.7
-126.98
-127.63
-118.14
-113.58
-112.82
-118.23
-129.67
-120.61
-111.5
-123.39
-131.42
-123.78
-122.43
-103.58
-127.35
-112.33
-111.46
-117.58
-122.55
-116.19
-124.54
-110.02
-112.83
-112.49
-107.71
-128.81
-128.83
-111.69
-120.6
-114.28
-109.99
-125.96
-122.57
-108.22
-131.71
-129.74
-114.37
-125.99
-127.7
-154.24
-148.63
-145.5
-140.32
-155.08
-148.71
-161.42
-160.35
-147.78
-143.9
-144.22
-151.74
-145.73
-158.12
-148.21
-156.82
-151.15
-157.29
-142.24
-146.7
-164.43
-158.98
-162.05
-151.67
-157.84
-150.86
-145.58
-141.47
-146.47
-146.06
-159.86
-155.98
-156.16
-162.73
-142.2
-146.59
-143.2
-145.04
-148.97
-162.26
-143.47
-145.95
-157.08
-164.59
-152.88
-163.72
-159.01
-162.09
-163.06
-147.09
-170.54
-167.25
-147.4
-159.02
-155.43
-149.39
-156.95
-131.7
-151.14
-154.22
-166.65
-156.78
-147.49
-151.89
-157.57
-127.3
-143.79
-148.49
-135.61
-119.13
-141.94
-130.45
-133.33
-147.42
-150.41
-133.22
-130.45
-132.07
-133.74
-138.3
-119.57
-124.75
-119.11
