-0.37
-0.496
-0.479
-0.471
-0.469
-0.573
-0.42
-0.56
-0.605
-0.444
-0.397
-0.559
-0.645
-0.558
-0.347
-0.513
-0.623
-0.557
-0.563
-0.592
-0.762
-0.702
-0.506
-0.752
-0.704
-0.527
-0.654
-0.775
-0.7
-0.593
-0.682
-0.617
-0.642
-0.557
-0.57
-0.441
-0.676
-0.623
-0.451
-0.49
-0.411
-0.533
-0.739
-0.5
-0.548
-0.574
-0.485
-0.46
-0.519
-0.516
-0.634
-0.537
-0.54
-0.563
-0.595
-0.497
-0.566
-0.543
-0.511
-0.517
-0.608
-0.54
-0.441
-0.576
-0.44
-0.479
-0.613
-0.518
-0.531
-0.515
-0.633
-0.454
-0.411
-0.458
-0.467
-0.474
-0.324
-0.374
-0.286
-0.316
-0.349
-0.235
-0.366
-0.329
-0.461
-0.455
-0.439
-0.581
-0.504
-0.416
-0.365
-0.388
-0.499
-0.329
-0.373
-0.491
-0.698
-0.322
-0.56
-0.496
-0.36
-0.56
-0.443
-0.556
-0.456
-0.646
-0.505
-0.552
-0.534
-0.45
-0.443
-0.52
-0.669
-0.672
-0.652
-0.698
-0.797
-0.574
-0.713
-0.625
-0.425
-0.777
-0.747
-0.718
-0.726
-0.676
-0.87
-0.837
-0.591
-0.755
-0.675
-0.621
-0.763
-0.782
-0.713
-0.683
-0.63
-0.899
-0.804
-0.802
-0.819
-0.832
-0.818
-0.748
-0.697
-0.701
-0.782
-0.891
-0.682
-0.664
-0.753
-0.719
-0.62
-0.797
-0.699
-0.667
-0.783
-0.598
-0.761
-0.739
-0.78
-0.772
-0.707
-0.734
-0.855
-0.734
-0.759
-0.811
-0.764
-0.73
-0.725
-0.772
-0.762
-0.567
-0.464
-0.681
-0.537
-0.654
-0.626
-0.653
-0.741
-0.904
-0.669
-0.772
-0.863
-0.762
-0.543
-0.741
-0.56
-0.649
-0.509
-0.638
-0.632
-0.633
-0.438
-0.538
-0.667
-0.46
-0.558
-0.501
-0.653
-0.362
-0.604
-0.55
-0.475
-0.556
-0.574
-0.417
-0.51
-0.563
-0.703
-0.533
-0.415
-0.613
-0.647
-0.51
-0.481
-0.582
-0.56
-0.538
-0.68
-0.633
-0.823
-0.463
-0.714
-0.458
-0.747
-0.731
-0.645
-0.766
-0.511
-0.668
-0.603
-0.694
-0.506
-0.515
-0.712
-0.701
-0.564
-0.543
-0.47
-0.577
-0.702
-0.533
-0.519
-0.746
-0.541
-0.428
-0.601
-0.739
-0.507
-0.655
-0.571
-0.689
-0.563
-0.484
-0.423
-0.812
-0.595
-0.68
-0.651
-0.663
-0.703
-0.766
-0.628
-0.827
-0.502
-0.679
-0.685
-0.693
-0.622
-0.696
-0.494
-0.535
-0.712
-0.531
-0.619
-0.577
-0.611
-0.461
-0.475
-0.5
-0.543
-0.552
-0.468
-0.541
-0.533
-0.749
-0.666
-0.697
-0.527
-0.703
-0.541
-0.617
-0.672
-0.577
-0.55
-0.587
-0.742
-0.57
-0.516
-0.534
-0.497
-0.564
-0.52
-0.637
-0.625
-0.423
-0.573
-0.472
-0.613
-0.589
-0.693
-0.687
-0.694
-0.603
-0.718
-0.517
-0.692
-0.627
-0.669
-0.851
-0.7
-0.786
-0.652
-0.463
-0.504
-0.376
-0.468
-0.584
-0.485
-0.617
-0.52
-0.565
-0.561
-0.483
-0.594
-0.434
-0.586
-0.612
-0.649
-0.639
-0.627
-0.702
-0.801
-0.565
-0.444
-0.697
-0.606
-0.592
-0.586
-0.773
-0.489
-0.749
-0.542
-0.737
-0.905
-0.573
-0.76
-0.73
-0.524
-0.452
-0.459
-0.509
-0.657
-0.666
-0.57
-0.738
-0.529
-0.593
-0.629
-0.68
-0.777
-0.575
-0.524
-0.497
-0.582
-0.737
-0.645
-0.574
-0.687
-0.495
-0.37
-0.546
-0.522
-0.537
-0.596
-0.524
-0.655
-0.676
-0.61
-0.692
-0.641
-0.742
-0.689
-0.537
-0.642
-0.625
-0.646
-0.795
-0.513
-0.753
-0.612
-0.397
-0.545
-0.657
-0.751
-0.698
-0.772
-0.468
-0.664
-0.578
-0.421
-0.777
-0.687
-0.807
-0.581
-0.454
-0.651
-0.751
-0.535
-0.625
-0.702
-0.663
-0.636
-0.457
-0.633
-0.651
-0.585
-0.495
-0.722
-0.582
-0.839
-0.796
-0.646
-0.601
-0.703
-0.724
-0.62
-0.696
-0.708
-0.749
-0.731
-0.582
-0.609
-0.617
-0.798
-0.612
-0.58
-0.816
-0.574
