-100.5
-93.65
-78.78
-97.25
-99.72
-89.31
-89.37
-103.17
-103.02
-105.8
-92.27
-89.81
-89.22
-92.09
-95.36
-82.11
-95.05
-88.27
-85.71
-94.98
-103.55
-106.52
-93.1
-92.32
-90.65
-98.63
-79.85
-87.43
-84.04
-82.71
-95.05
-94.5
-93.8
-103.27
-101.91
-103.09
-90.18
-85.16
-101.25
-78.39
-91.49
-105.18
-100.84
-89.81
-98.86
-104.17
-95.42
-104.73
-97.85
-85.84
-102.05
-108.26
-95.59
-94.12
-106.0
-110.74
-100.38
-95.28
-92.35
-99.97
-99.35
-103.6
-101.8
-93.2
-99.61
-106.17
-105.03
-104.35
-105.82
-94.06
-101.98
-96.96
-97.64
-98.61
-90.6
-87.24
-79.31
-80.8
-96.87
-101.83
-90.44
-79.29
-89.76
-102.52
-88.42
-92.03
-93.28
-92.93
-84.13
-88.24
-94.12
-84.94
-85.37
-78.04
-83.94
-71.94
-91.26
-83.45
-75.1
-72.92
-85.22
-77.74
-72.66
-83.15
-82.64
-89.98
-79.57
-85.07
-91.34
-78.7
-78.53
-79.21
-85.22
-79.88
-82.15
-77.06
-73.71
-76.17
-76.67
-79.99
-75.12
-71.23
-73.09
-78.9
-72.8
-70.86
-70.65
-94.07
-87.72
-68.96
-79.86
-87.07
-79.61
-77.13
-85.33
-81.78
-81.82
-71.11
-73.79
-73.04
-74.42
-81.13
-86.75
-86.04
-77.3
-71.98
-74.5
-89.89
-91.23
-83.54
