-626.394
-601.098
-631.684
-663.651
-611.03
-652.169
-617.547
-668.324
-660.878
-653.842
-615.15
-565.795
-625.079
-545.933
-558.207
-604.604
-560.677
-517.748
-573.294
-609.859
-550.51
-568.792
-575.272
-608.58
-656.015
-557.772
-519.89
-591.04
-597.666
-557.36
-582.817
-641.25
-561.954
-552.186
-652.298
-604.649
-599.408
-611.841
-626.668
-631.462
-633.898
-633.667
-650.927
-610.55
-583.834
-582.562
-605.885
-620.737
-591.93
-596.93
-576.645
-550.036
-529.741
-562.984
-552.42
-575.785
-575.13
-644.008
-575.362
-623.072
-563.437
-563.001
-530.002
-566.635
-571.681
-536.837
-600.387
-577.198
-567.864
-556.496
-630.709
-584.862
-602.87
-562.437
-593.53
-548.487
-519.6
-541.986
-554.994
-587.91
-563.135
-611.59
-594.919
-573.951
-602.167
-560.27
-591.139
-560.444
-587.401
-574.176
-570.122
-616.352
-646.595
-620.641
-617.654
-671.357
-599.74
-640.15
-616.913
-543.291
-622.407
-585.687
-602.622
-544.129
-595.023
-611.722
-596.157
-563.862
-589.207
-559.792
-614.323
-628.044
-638.008
-567.757
-636.943
-649.151
-624.733
-635.872
-597.058
-578.588
-615.659
-590.922
-610.229
-583.679
-566.756
-538.418
-557.676
-566.875
-620.822
-653.378
-640.831
-649.632
-686.086
-662.43
-609.189
-613.249
-634.798
-627.399
-600.618
-641.507
-619.68
-573.06
-618.038
-565.918
-604.577
-596.481
-604.315
-625.875
-571.517
-564.021
-613.645
-586.141
-574.237
-581.467
-530.611
-576.561
-560.448
-555.16
-559.293
-531.596
-632.781
-568.124
-578.934
-608.43
-559.177
-553.157
-554.264
-552.049
-580.24
-555.28
-554.777
-556.795
-574.678
-596.695
-565.617
-573.431
-595.322
-633.576
-584.935
-553.099
-610.297
-601.377
-589.405
-549.38
-563.019
-558.599
-528.587
-522.475
-549.844
-539.72
-527.251
-552.864
-556.209
-577.679
-601.227
-550.96
-574.308
-628.613
-591.779
-591.587
-586.152
-564.606
-556.426
-601.565
-611.766
-563.176
-606.58
-555.149
-533.242
-594.545
-606.704
-626.359
-632.221
-636.807
-649.09
-601.933
-643.183
-638.908
-648.692
-618.814
-623.089
-649.298
-637.451
-559.549
-644.847
-613.101
-615.089
-618.859
-639.176
-607.183
-626.053
-586.365
-537.345
-640.696
-625.043
-638.585
-674.714
-647.944
-595.259
-638.577
-630.294
-642.914
-622.284
-567.118
-628.425
-646.259
-605.693
-625.843
-569.973
-628.717
-638.079
-618.609
-582.494
-643.154
-638.507
-606.413
-628.619
-617.476
-645.118
-618.777
-651.367
-571.938
-550.106
-602.974
-601.399
-596.588
-600.799
-613.037
-606.744
-650.27
-617.504
-646.772
-582.736
-615.312
-622.45
-628.434
-692.243
-649.116
-673.161
-693.047
-629.469
-664.151
-631.155
-664.211
-628.407
-646.737
-675.205
-569.679
-592.819
-626.763
-621.593
-600.484
-591.372
-620.598
-644.878
-639.836
-620.319
-697.453
-682.037
-621.655
-608.606
-580.677
-647.206
-640.126
-632.024
-606.274
-669.453
-696.43
-594.901
-584.513
-570.492
-609.602
-609.314
-593.94
-574.58
-675.385
-687.799
-654.266
-633.399
-637.244
-644.298
-676.619
-655.81
-624.155
-680.459
-727.958
-711.214
-694.106
-697.185
-666.155
-592.394
-582.358
-589.123
-626.715
-590.813
-649.979
-612.094
-567.183
-571.363
-607.398
-581.401
-601.836
-580.252
-614.529
-620.415
-621.538
-552.297
-617.124
-592.625
-616.653
-610.323
-579.399
-680.704
-596.152
-652.103
-688.397
-681.753
-628.662
-600.03
-647.429
-660.94
-697.016
-658.69
-650.345
-677.943
-674.256
-673.206
-633.753
-647.925
-681.258
-701.15
-624.351
-658.024
-572.791
-581.737
-652.977
-600.68
-710.447
-695.681
-618.922
-635.267
-638.202
-639.725
-658.371
-653.358
-639.961
-657.115
-593.887
-661.843
-630.525
-622.846
-680.913
-648.279
-629.69
-646.331
-680.825
-654.428
-636.23
-606.829
-626.056
-630.333
-705.479
-584.955
-701.733
-709.989
-661.07
-671.908
-667.967
-712.288
-706.024
-631.041
-724.272
-633.691
-649.094
-617.379
-633.985
-642.665
-670.861
-597.73
-671.561
-672.911
-644.509
-639.124
-658.001
-670.561
-652.164
-602.942
-616.36
-576.147
-642.646
-624.138
-643.038
-597.943
-604.98
-632.226
-679.513
-628.091
-614.558
-610.477
-585.215
-589.443
-570.031
-572.511
-670.214
-649.046
-628.194
-665.031
-685.516
-693.851
-686.03
-631.671
