-0.26
-0.351
-0.445
-0.362
-0.44
-0.32
-0.249
-0.608
-0.435
-0.471
-0.411
-0.546
-0.583
-0.431
-0.337
-0.407
-0.512
-0.411
-0.57
-0.431
-0.22
-0.315
-0.396
-0.371
-0.302
-0.456
-0.391
-0.312
-0.49
-0.316
-0.328
-0.356
-0.285
-0.316
-0.374
-0.445
-0.399
-0.323
-0.409
-0.49
-0.465
-0.367
-0.287
-0.323
-0.538
-0.419
-0.309
-0.391
-0.464
-0.29
-0.202
-0.28
-0.074
-0.31
-0.35
-0.237
-0.21
-0.234
-0.146
-0.261
-0.186
-0.21
-0.222
-0.245
-0.079
-0.124
-0.272
-0.275
-0.291
-0.197
-0.303
-0.322
-0.236
-0.353
-0.249
-0.312
-0.254
-0.278
-0.194
-0.247
-0.366
-0.377
-0.358
-0.231
-0.291
-0.379
-0.329
-0.324
-0.37
-0.361
-0.34
-0.379
-0.272
-0.387
-0.302
-0.353
-0.366
-0.376
-0.293
-0.357
-0.402
-0.289
-0.295
-0.375
-0.372
-0.351
-0.473
-0.326
-0.305
-0.402
-0.375
-0.349
-0.37
-0.367
-0.461
-0.384
-0.428
-0.174
-0.292
-0.315
-0.312
-0.281
-0.288
-0.225
-0.155
-0.198
-0.208
-0.304
-0.265
-0.281
-0.266
-0.208
-0.259
-0.363
-0.289
-0.37
-0.28
-0.308
-0.396
-0.262
-0.314
-0.329
-0.326
-0.265
-0.242
-0.293
-0.256
-0.192
-0.183
-0.17
-0.219
-0.163
-0.212
-0.118
-0.21
-0.27
-0.192
-0.212
-0.268
-0.124
-0.237
-0.156
-0.236
-0.194
-0.325
-0.182
-0.16
-0.138
-0.251
-0.312
-0.289
-0.218
-0.161
-0.233
-0.264
-0.313
-0.233
-0.314
-0.385
-0.108
-0.28
-0.299
-0.239
-0.278
-0.278
-0.273
-0.231
-0.201
-0.221
-0.296
-0.207
-0.311
-0.242
-0.312
-0.295
-0.234
-0.252
-0.279
-0.149
-0.245
-0.275
-0.301
-0.248
-0.221
-0.268
-0.272
-0.292
-0.257
-0.355
-0.28
-0.225
-0.447
-0.355
-0.291
-0.381
-0.341
-0.315
-0.334
-0.252
-0.28
-0.212
-0.408
-0.226
-0.207
-0.424
-0.333
-0.323
-0.207
-0.279
-0.366
-0.256
-0.232
-0.335
-0.306
-0.345
-0.302
-0.289
-0.323
-0.2
-0.373
-0.211
-0.329
-0.264
-0.278
-0.231
-0.291
-0.291
-0.183
-0.355
-0.312
-0.302
-0.32
-0.228
-0.359
-0.341
-0.234
-0.299
-0.394
-0.385
-0.366
-0.345
-0.301
-0.284
-0.292
-0.397
-0.259
-0.297
-0.349
-0.227
-0.325
-0.282
-0.369
-0.289
-0.331
-0.313
-0.32
-0.503
-0.445
-0.422
-0.304
-0.443
-0.343
-0.374
-0.27
-0.266
-0.278
-0.269
-0.261
-0.185
-0.197
-0.264
-0.215
-0.173
-0.161
-0.289
-0.299
-0.368
-0.332
-0.325
-0.302
-0.269
-0.208
-0.357
-0.301
-0.249
-0.165
-0.185
-0.073
-0.225
-0.156
-0.178
-0.339
-0.201
-0.268
-0.243
-0.203
-0.253
-0.285
-0.216
-0.258
-0.344
-0.371
-0.34
-0.37
-0.299
-0.237
-0.327
-0.289
-0.387
-0.302
-0.213
-0.269
-0.314
-0.296
-0.36
-0.391
-0.441
-0.232
-0.284
-0.288
-0.28
-0.276
-0.285
-0.251
-0.276
-0.17
-0.316
-0.332
-0.451
-0.251
-0.404
-0.333
-0.511
-0.378
-0.352
-0.377
-0.448
-0.391
-0.441
-0.355
-0.358
-0.531
-0.394
-0.371
-0.467
-0.452
-0.389
-0.441
-0.355
-0.352
-0.382
-0.294
-0.321
-0.242
-0.343
-0.348
-0.298
-0.334
-0.405
-0.333
-0.424
-0.335
-0.298
-0.462
-0.339
-0.333
-0.474
-0.38
-0.331
-0.338
-0.477
-0.427
-0.288
-0.433
-0.414
-0.361
-0.512
-0.432
-0.399
-0.384
-0.209
-0.289
-0.195
-0.477
-0.491
-0.463
-0.575
-0.55
-0.498
-0.424
-0.389
-0.394
-0.355
-0.365
-0.374
-0.354
-0.545
-0.495
-0.448
-0.447
-0.426
-0.34
-0.323
-0.384
-0.685
-0.385
-0.285
-0.393
-0.402
-0.427
-0.352
-0.36
-0.31
-0.327
-0.331
-0.354
-0.324
-0.278
-0.495
-0.352
-0.408
-0.281
-0.358
-0.425
-0.361
-0.351
-0.303
-0.341
-0.446
-0.424
-0.195
