-106.57
-111.12
-109.31
-112.95
-101.77
-101.62
-107.93
-114.43
-101.47
-102.63
-99.78
-97.71
-110.15
-87.01
-97.91
-94.78
-101.63
-93.6
-97.49
-98.42
-96.87
-98.58
-95.37
-107.46
-107.12
-97.51
-95.63
-96.49
-92.4
-98.24
-97.06
-95.68
-93.41
-93.53
-109.23
-109.52
-104.71
-102.46
-107.34
-110.33
-95.24
-105.75
-115.75
-97.27
-111.94
-111.31
-108.3
-96.9
-103.66
-105.56
-91.41
-92.6
-86.58
-91.75
-97.19
-93.6
-90.56
-105.5
-102.02
-98.98
-87.66
-101.05
-88.09
-99.76
-96.76
-97.65
-94.82
-97.67
-89.94
-98.1
-103.56
-99.02
-85.53
-90.85
-98.17
-104.42
-93.35
-83.27
-95.9
-91.03
-96.71
-98.39
-96.79
-95.37
-98.01
-96.69
-93.69
-92.63
-88.75
-91.15
-95.46
-105.8
-104.21
-99.15
-103.29
-108.74
-104.75
-103.48
-103.92
-91.64
-109.81
-104.29
-97.78
-94.53
-97.46
-101.05
-101.99
-100.67
-93.16
-102.2
-99.79
-111.16
-103.41
-94.91
-95.65
-107.25
-101.36
-98.59
-99.13
-94.18
-102.11
-95.65
-95.92
-94.49
-87.63
-86.92
-88.03
-91.0
-96.17
-100.55
-98.29
-95.95
-87.35
-102.22
-90.0
-94.21
-91.73
-98.13
-91.04
-82.5
-87.35
-88.46
-84.15
-91.2
-81.6
-81.59
-93.83
-81.37
-82.15
-77.58
-82.23
-76.89
-79.44
-84.59
-93.14
-89.68
-89.99
-84.46
-88.59
-80.38
-81.08
-71.05
-82.29
-89.06
-92.13
-79.56
-86.88
-81.99
-85.16
-84.98
-83.69
-83.04
-86.79
-76.33
-83.2
-81.85
-85.69
-93.2
-91.71
-86.09
-86.48
-80.17
-80.11
-76.52
-94.56
-84.34
-80.8
-80.69
-79.84
-81.51
-76.75
-86.55
-90.44
-89.4
-89.71
-86.92
-80.47
-93.22
-88.43
-75.72
-74.29
-82.01
-83.71
-83.56
-93.81
-93.36
-86.22
-87.81
-88.38
-94.61
-94.64
-89.97
-92.44
-92.23
-90.65
-87.22
-90.02
-96.27
-90.59
-97.11
-90.63
-93.12
-95.73
-88.71
-95.38
-91.28
-94.76
-90.25
-92.63
-90.96
-92.47
-92.88
-90.52
-96.32
-95.63
-88.5
-100.89
-93.35
-98.84
-95.14
-102.47
-96.49
-89.91
-95.02
-93.29
-91.39
-91.37
-96.13
-94.35
-94.62
-94.43
-91.51
-90.64
-91.54
-94.08
-97.37
-92.57
-89.17
-98.63
-89.09
-94.74
-81.33
-90.69
-87.93
-88.48
-90.34
-92.08
-95.17
-94.75
-96.12
-99.97
-98.08
-95.49
-95.14
-100.61
-95.7
-102.43
-88.67
-94.89
-99.35
-90.8
-108.49
-95.9
-103.78
-88.94
-99.41
-104.84
-90.72
-94.66
-85.21
-90.66
-81.99
-96.56
-98.88
-96.08
-89.13
-91.42
-100.46
-98.79
-93.05
-93.47
-81.17
-100.8
-97.78
-102.67
-94.54
-97.29
-102.9
-90.81
-86.67
-94.44
-94.06
-94.44
-89.77
-91.79
-98.93
-93.8
-96.25
-92.65
-92.57
-104.92
-100.92
-99.63
-89.48
-108.11
-98.14
-100.14
-103.55
-97.18
-92.16
-96.96
-87.26
-97.29
-97.67
-88.65
-85.54
-96.2
-81.96
-95.11
-91.66
-85.7
-86.89
-94.95
-87.31
-91.46
-91.8
-88.91
-96.33
-100.92
-88.03
-98.16
-96.17
-102.11
-103.5
-104.58
-112.28
-99.63
-107.7
-108.17
-105.2
-101.5
-106.84
-105.32
-108.64
-104.87
-106.32
-108.8
-104.45
-94.38
-107.2
-112.73
-101.44
-97.4
-99.14
-96.04
-100.58
-105.64
-117.96
-105.79
-101.37
-99.13
-100.57
-105.49
-112.1
-103.65
-107.39
-106.57
-102.18
-104.0
-109.51
-106.18
-108.9
-99.23
-111.37
-101.27
-104.87
-103.82
-100.71
-98.45
-104.23
-108.21
-104.89
-101.69
-99.36
-109.0
-99.54
-108.97
-114.48
-116.17
-104.08
-98.69
-103.52
-101.51
-102.6
-101.31
-107.78
-102.26
-105.79
-110.09
-104.91
-95.78
-106.85
-91.57
-102.61
-98.19
-100.5
-95.17
-104.6
-98.14
-95.21
-106.44
-100.31
-100.48
-94.53
-108.37
-104.91
-102.62
-93.84
-96.2
-101.32
-90.19
-94.01
-87.8
-98.0
-96.57
-103.11
-98.54
-100.34
-103.39
-107.1
-106.44
