-636.748
-650.415
-636.701
-634.544
-645.698
-659.1
-619.045
-635.844
-636.939
-607.666
-587.39
-625.622
-659.896
-604.042
-600.839
-656.361
-637.411
-622.547
-631.671
-694.849
-659.535
-661.143
-708.709
-654.805
-678.662
-625.166
-694.839
-691.705
-709.058
-605.965
-660.931
-663.573
-636.705
-586.754
-653.742
-623.834
-630.984
-660.398
-642.715
-640.55
-681.127
-670.56
-696.292
-694.904
-682.961
-689.942
-652.173
-679.376
-682.733
-630.926
-708.108
-682.231
-655.457
-683.922
-672.146
-737.354
-688.659
-709.945
-784.584
-723.647
-672.279
-626.002
-685.079
-663.705
-643.871
-701.924
-599.726
-587.405
-681.648
-674.001
-646.942
-658.854
-654.7
-706.695
-585.5
-601.433
-629.753
-657.614
-672.854
-657.416
-684.563
-695.72
-666.827
-621.281
-596.753
-635.444
-652.938
-621.801
-656.136
-649.287
-598.515
-631.564
-566.882
-614.353
-639.751
-650.448
-694.405
-628.113
-595.634
-658.429
-623.119
-678.59
-705.585
-642.905
-662.678
-657.484
-663.039
-684.316
-697.459
-677.924
-687.696
-693.854
-661.283
-662.781
-678.642
-680.395
-597.09
-620.451
-709.184
-702.403
-668.118
-675.053
-704.418
-671.856
-681.835
-682.266
-701.703
-654.695
-677.006
-726.225
-685.763
-607.083
-644.094
-699.105
-667.411
-668.379
-620.532
-637.482
-662.355
-636.079
-624.905
-560.21
-675.993
-713.413
-680.55
-663.671
-655.265
-702.618
-716.424
-684.336
-649.38
-702.233
-649.294
-590.567
-643.548
-644.529
-624.492
-606.118
-659.523
-616.042
-664.424
-627.485
-635.599
-633.566
-679.683
-626.772
-608.729
-665.701
-655.226
-614.036
-613.292
-599.688
-602.054
-634.268
-632.83
-610.705
-629.676
-647.602
-648.114
-572.538
-589.358
-661.007
-602.281
-622.111
-672.476
-593.941
-611.237
-680.4
-594.53
-613.497
-642.781
-632.667
-676.092
-667.706
-656.418
-649.256
-681.56
-663.199
-715.747
-680.066
-634.019
-697.068
-696.866
-682.344
-663.679
-673.266
-689.272
-669.838
-663.558
-657.65
-674.793
-668.241
-599.287
-622.016
-652.74
-643.933
-620.152
-682.0
-685.962
-653.308
-630.308
-639.988
-669.249
-649.896
-660.223
-650.661
-634.035
-657.515
-704.304
-603.258
-678.747
-627.734
-691.895
-682.796
-641.312
-674.141
-665.069
-676.173
-608.357
-673.33
-677.017
-685.22
-667.865
-625.033
-655.406
-655.117
-691.389
-695.833
-695.111
-671.516
-723.593
-704.829
-670.854
-689.874
-696.784
-705.287
-691.162
-704.861
-721.615
-660.937
-685.968
-708.888
-682.117
-693.156
-686.71
-696.361
-694.601
-678.284
-715.54
-683.009
-661.492
-661.785
-653.619
-684.826
-735.263
-692.025
-645.498
-666.801
-666.733
-641.803
-661.461
-647.872
-626.616
-676.858
-684.711
-690.039
-691.14
-660.513
-722.405
-717.081
-747.274
-689.342
-716.881
-705.983
-742.15
-720.508
-728.511
-763.103
-787.201
-728.364
-727.523
-731.948
-698.885
-642.239
-719.284
-777.024
-784.508
-769.968
-746.101
-773.828
-737.406
-803.027
-743.794
-752.411
-750.635
-731.219
-700.883
-710.788
-751.236
-750.89
-649.819
-756.049
-694.634
-661.609
-673.234
-656.653
-719.192
-717.98
-769.082
-689.331
-711.615
-720.217
-692.641
-660.96
-707.753
-653.418
-709.856
-707.177
-698.853
-674.818
-630.832
-668.916
-679.367
-698.277
-708.058
-642.894
-729.835
-703.837
-755.353
-709.906
-704.008
-716.472
-706.842
-668.788
-656.205
-663.17
-687.719
-690.224
-707.578
-650.367
-721.853
-736.298
-716.823
-622.206
-670.993
-685.847
-669.595
-671.747
-625.504
-597.627
-652.297
-628.964
-690.099
-684.16
-673.814
-721.295
-714.689
-725.433
-688.038
-724.105
-726.566
-730.486
-716.661
-682.354
-753.759
-726.982
-724.304
-709.466
-700.109
-707.806
-639.48
-631.947
-573.377
-674.125
-685.042
-683.238
-628.597
-612.995
-649.937
-657.497
-699.511
-653.91
-704.975
-674.193
-596.485
-580.365
-605.507
-643.741
-626.05
-658.004
-648.206
-616.338
-648.874
-652.155
-578.662
-616.601
-662.313
-660.576
-672.715
-599.524
-652.354
-680.19
-668.979
-667.703
-663.474
-604.178
-667.867
-637.438
-673.275
-681.843
-701.584
-690.081
-636.379
-617.318
-687.094
-688.549
-649.081
-630.327
-660.345
-713.112
-693.806
-718.991
-715.516
-667.045
-661.42
-673.33
-676.786
-624.872
-652.952
-682.069
-721.968
