-0.302
-0.474
-0.252
-0.285
-0.181
-0.409
-0.404
-0.262
-0.349
-0.371
-0.382
-0.248
-0.474
-0.364
-0.302
-0.515
-0.445
-0.415
-0.252
-0.282
-0.256
-0.389
-0.304
-0.271
-0.264
-0.17
-0.311
-0.238
-0.484
-0.342
-0.513
-0.339
-0.439
-0.301
-0.319
-0.181
-0.362
-0.373
-0.218
-0.164
-0.504
-0.41
-0.507
-0.429
-0.43
-0.437
-0.544
-0.338
-0.397
-0.368
-0.392
-0.346
-0.486
-0.383
-0.362
-0.298
-0.219
-0.421
-0.49
-0.362
-0.238
-0.287
-0.273
-0.427
-0.443
-0.304
-0.319
-0.459
-0.388
-0.46
-0.321
-0.32
-0.339
-0.34
-0.416
-0.431
-0.495
-0.481
-0.4
-0.391
-0.51
-0.443
-0.369
-0.357
-0.531
-0.306
-0.45
-0.395
-0.446
-0.398
-0.396
-0.484
-0.538
-0.306
-0.436
-0.607
-0.387
-0.293
-0.346
-0.53
-0.317
-0.521
-0.357
-0.378
-0.264
-0.393
-0.452
-0.665
-0.419
-0.43
-0.484
-0.458
-0.312
-0.266
-0.32
-0.348
-0.387
-0.407
-0.529
-0.356
-0.423
-0.459
-0.443
-0.392
-0.465
-0.346
-0.429
-0.345
-0.383
-0.481
-0.378
-0.381
-0.322
-0.455
-0.401
-0.434
-0.346
-0.346
-0.498
-0.308
-0.253
-0.475
-0.389
-0.357
-0.251
-0.707
-0.411
-0.383
-0.298
-0.41
-0.541
-0.415
-0.486
-0.413
-0.388
-0.325
-0.411
-0.308
-0.264
-0.281
-0.232
-0.333
-0.213
-0.215
-0.291
-0.38
-0.353
-0.289
-0.313
-0.297
-0.339
-0.354
-0.348
-0.243
-0.413
-0.38
-0.371
-0.279
-0.429
-0.551
-0.443
-0.465
-0.469
-0.376
-0.41
-0.522
-0.522
-0.327
-0.324
-0.462
-0.29
-0.35
-0.29
-0.348
-0.314
-0.269
-0.394
-0.405
-0.52
-0.376
-0.461
-0.539
-0.413
-0.46
-0.593
-0.457
-0.341
-0.232
-0.346
-0.305
-0.463
-0.489
-0.232
-0.382
-0.402
-0.398
-0.39
-0.389
-0.37
-0.445
-0.4
-0.282
-0.48
-0.25
-0.304
-0.347
-0.378
-0.45
-0.493
-0.383
-0.492
-0.306
-0.42
-0.394
-0.527
-0.425
-0.502
-0.414
-0.445
-0.436
-0.574
-0.572
-0.411
-0.522
-0.427
-0.497
-0.477
-0.522
-0.354
-0.447
-0.494
-0.608
-0.634
-0.469
-0.479
-0.429
-0.486
-0.516
-0.638
-0.46
-0.442
-0.383
-0.52
-0.401
-0.485
-0.556
-0.525
-0.458
-0.458
-0.363
-0.347
-0.443
-0.539
-0.445
-0.638
-0.284
-0.325
-0.569
-0.466
-0.335
-0.407
-0.388
-0.408
-0.251
-0.486
-0.448
-0.547
-0.409
-0.555
-0.486
-0.457
-0.539
-0.507
-0.546
-0.495
-0.494
-0.475
-0.652
-0.463
-0.487
-0.454
-0.478
-0.61
-0.435
-0.659
-0.633
-0.524
-0.434
-0.483
-0.483
-0.443
-0.333
-0.314
-0.642
-0.607
-0.628
-0.423
-0.511
-0.552
-0.465
-0.349
-0.46
-0.337
-0.334
-0.354
-0.361
-0.325
-0.43
-0.494
-0.401
-0.344
-0.301
-0.43
-0.377
-0.482
-0.29
-0.379
-0.335
-0.347
-0.331
-0.314
-0.328
-0.397
-0.288
-0.521
-0.404
-0.549
-0.453
-0.609
-0.594
-0.424
-0.359
-0.347
-0.265
-0.485
-0.379
-0.333
-0.277
-0.421
-0.377
-0.547
-0.391
-0.458
-0.399
-0.236
-0.414
-0.316
-0.318
-0.59
-0.353
-0.488
-0.477
-0.563
-0.395
-0.613
-0.478
-0.397
-0.415
-0.525
-0.614
-0.577
-0.624
-0.409
-0.487
-0.621
-0.589
-0.454
-0.69
-0.601
-0.503
-0.434
-0.48
-0.456
-0.473
-0.413
-0.562
-0.408
-0.451
-0.285
-0.435
-0.312
-0.464
-0.531
-0.566
-0.39
-0.379
-0.345
-0.37
-0.436
-0.396
-0.434
-0.47
-0.35
-0.386
-0.411
-0.464
-0.587
-0.529
-0.529
-0.449
-0.564
-0.462
-0.588
-0.469
-0.392
-0.556
-0.642
-0.436
-0.447
-0.565
-0.546
-0.592
-0.553
-0.408
-0.425
-0.462
-0.489
-0.522
-0.424
-0.508
-0.54
-0.676
-0.562
-0.455
-0.542
-0.557
-0.541
-0.39
-0.505
-0.425
-0.385
