-129.48
-132.8
-133.78
-129.1
-121.68
-121.58
-128.19
-139.43
-150.29
-131.7
-122.13
-112.58
-132.45
-127.99
-113.18
-124.16
-109.19
-115.56
-126.43
-119.32
-115.7
-108.37
-120.09
-110.36
-100.86
-96.14
-108.86
-111.27
-117.87
-113.24
-117.12
-121.56
-123.38
-109.92
-115.61
-110.36
-124.38
-107.51
-110.85
-111.97
-119.96
-116.13
-115.22
-112.07
-119.29
-111.56
-116.04
-111.14
-109.63
-102.4
-110.09
-125.52
-125.15
-110.2
-119.52
-107.61
-123.75
-133.41
-121.28
-130.87
-133.9
-126.74
-120.05
-108.48
-121.8
-120.19
-108.84
-116.02
-132.47
-121.54
-132.62
-130.61
-130.3
-133.21
-137.02
-126.54
-117.35
-114.87
-123.99
-136.38
-128.48
-116.58
-121.58
-125.66
-123.46
-117.29
-111.93
-117.06
-124.0
-133.21
-102.15
-96.0
-113.17
-125.08
-123.02
-119.1
-116.31
-122.95
-122.78
-128.44
-118.55
-134.63
-122.52
-109.7
-123.0
-118.95
-109.49
-109.99
-114.7
-103.62
-114.98
-112.03
-121.73
-113.66
-116.36
-112.37
-119.46
-114.58
-118.18
-93.77
-111.82
-101.45
-113.28
-112.69
-108.87
-106.23
-112.7
-109.45
-129.61
-115.01
-107.51
-120.29
-103.6
-108.85
-121.64
-93.59
-111.94
-110.8
-100.92
-110.21
-99.47
-108.52
-118.73
-115.28
-112.88
-121.83
-109.12
-118.63
-130.94
-118.07
