-104.99
-110.64
-109.47
-99.94
-109.97
-107.7
-109.42
-112.85
-107.15
-92.63
-102.68
-90.41
-106.23
-103.28
-102.91
-108.71
-104.96
-103.48
-96.03
-106.51
-110.39
-101.91
-108.17
-108.69
-114.2
-108.44
-105.72
-110.5
-117.25
-103.67
-118.71
-109.1
-105.41
-105.94
-106.07
-99.67
-103.14
-105.93
-97.67
-105.31
-113.12
-108.01
-111.64
-116.32
-118.41
-114.44
-103.63
-121.03
-117.24
-110.64
-114.63
-116.74
-118.0
-110.15
-108.84
-110.92
-113.48
-117.07
-117.48
-109.17
-116.94
-104.94
-108.15
-107.85
-108.93
-112.92
-107.67
-101.74
-101.65
-106.04
-100.64
-99.05
-110.53
-104.34
-98.31
-94.18
-98.77
-92.72
-101.42
-104.49
-92.26
-92.64
-101.83
-103.75
-107.5
-104.68
-109.93
-105.44
-103.55
-106.46
-103.34
-99.91
-102.84
-96.45
-105.12
-102.27
-107.6
-114.54
-112.05
-105.08
-100.15
-113.28
-110.49
-105.54
-107.5
-98.15
-114.62
-109.84
-114.87
-112.65
-113.25
-111.94
-111.07
-101.37
-107.16
-111.69
-103.26
-105.9
-114.09
-104.66
-105.87
-108.73
-115.48
-118.04
-113.55
-115.86
-113.46
-97.68
-120.05
-121.71
-116.3
-99.52
-105.54
-109.9
-108.6
-102.18
-99.39
-105.59
-110.46
-109.66
-105.92
-103.23
-109.61
-113.76
-115.91
-109.42
-111.83
-110.19
-108.14
-116.73
-105.17
-113.64
-108.23
-102.95
-101.08
-103.69
-97.92
-104.8
-106.34
-104.63
-108.64
-99.06
-106.46
-112.56
-104.96
-102.89
-103.88
-103.9
-104.54
-99.02
-100.82
-102.14
-94.39
-101.53
-105.64
-107.37
-108.48
-107.71
-111.62
-111.85
-101.88
-115.21
-105.12
-107.4
-111.73
-99.21
-105.73
-105.57
-100.5
-103.3
-100.95
-107.69
-106.04
-112.04
-109.22
-115.1
-107.28
-106.42
-114.78
-115.81
-113.01
-107.96
-115.04
-110.86
-106.03
-109.82
-117.83
-115.31
-103.91
-111.89
-105.83
-108.98
-103.28
-112.25
-109.6
-109.2
-105.62
-106.99
-109.59
-112.78
-112.67
-100.93
-106.1
-108.76
-105.98
-111.72
-105.64
-112.49
-107.53
-110.63
-110.8
-112.0
-114.89
-116.14
-107.29
-108.39
-119.04
-106.27
-114.53
-108.91
-110.16
-107.52
-106.37
-98.01
-104.68
-111.85
-116.03
-108.17
-112.81
-112.7
-118.6
-124.17
-114.49
-118.93
-116.21
-120.82
-119.7
-125.82
-115.17
-117.43
-120.95
-124.73
-118.78
-112.72
-111.94
-108.82
-114.8
-117.08
-113.71
-117.0
-116.03
-110.32
-106.26
-115.26
-115.24
-109.66
-99.82
-114.79
-107.69
-104.05
-113.32
-109.96
-105.25
-105.36
-110.69
-100.73
-105.02
-108.88
-114.98
-113.02
-122.25
-127.92
-115.47
-128.82
-111.94
-117.92
-108.97
-116.46
-118.98
-122.52
-115.02
-112.9
-105.08
-121.15
-113.4
-108.84
-118.36
-115.0
-104.36
-113.8
-113.82
-117.07
-115.43
-115.98
-113.2
-102.36
-109.75
-106.36
-113.0
-115.22
-96.97
-111.54
-98.29
-96.02
-106.84
-104.38
-111.35
-113.23
-99.51
-103.74
-108.79
-104.18
-108.72
-101.29
-92.82
-95.65
-99.02
-98.74
-98.66
-104.33
-99.61
-102.43
-109.7
-105.04
-103.59
-97.91
-106.87
-107.44
-106.27
-98.03
-97.33
-102.62
-101.4
-101.99
-103.42
-101.61
-106.49
-102.64
-104.9
-104.65
-114.13
-110.57
-101.81
-102.68
-107.34
-103.31
-102.71
-97.99
-96.32
-100.19
-104.75
-106.75
-104.23
-103.85
-105.3
-107.22
-103.56
-111.98
-104.54
-108.94
-107.83
-109.2
-107.57
-103.61
-96.01
-112.34
-101.02
-105.44
-106.69
-107.33
-98.32
-94.75
-87.86
-100.35
-106.11
-104.46
-103.78
-94.57
-96.54
-93.21
-96.6
-106.92
-104.49
-95.98
-101.28
-92.72
-94.86
-86.52
-94.1
-97.65
-99.4
-96.66
-94.95
-98.39
-92.66
-94.91
-95.84
-93.18
-99.5
-97.8
-104.94
-104.84
-97.7
-98.12
-98.26
-96.05
-107.86
-99.01
-103.72
-101.66
-106.6
-109.62
-103.57
-110.31
-107.82
-96.29
-108.44
-99.97
-99.85
-101.2
-100.89
-100.46
-104.42
-107.49
-100.25
-94.37
-104.01
-95.59
-102.78
-98.72
-99.42
