-704.359
-762.864
-703.11
-705.962
-765.153
-740.967
-702.342
-684.053
-741.714
-731.076
-730.14
-728.872
-767.356
-704.287
-739.893
-741.414
-710.414
-718.206
-741.303
-721.373
-721.288
-717.601
-696.478
-719.829
-715.55
-689.284
-649.874
-719.611
-711.163
-734.406
-669.981
-686.305
-681.486
-691.321
-644.835
-740.679
-741.748
-688.84
-658.488
-678.655
-674.26
-646.796
-713.169
-692.385
-693.301
-725.017
-684.637
-703.813
-644.752
-662.802
-669.245
-733.55
-704.564
-704.908
-634.045
-612.414
-631.946
-616.124
-645.139
-663.921
-617.891
-662.758
-628.311
-701.581
-731.417
-720.75
-683.933
-675.219
-681.975
-712.953
-699.067
-702.984
-696.357
-710.623
-739.692
-700.807
-683.084
-705.017
-682.184
-702.287
-669.518
-678.643
-678.801
-654.423
-667.881
-700.382
-689.638
-666.819
-682.863
-684.539
-658.943
-657.604
-658.997
-621.296
-686.866
-691.206
-690.908
-699.853
-669.618
-613.314
-642.19
-666.392
-671.09
-675.269
-670.991
-696.605
-723.313
-691.423
-643.772
-640.262
-669.625
-663.12
-663.386
-649.653
-661.55
-681.1
-667.109
-684.732
-617.5
-716.723
-712.953
-765.538
-702.186
-717.592
-713.476
-698.759
-686.617
-681.479
-650.928
-710.653
-671.326
-668.985
-690.18
-699.146
-621.963
-680.727
-632.879
-621.759
-651.25
-620.739
-654.958
-657.406
-687.249
-644.577
-656.624
-707.972
-679.487
-676.378
-630.099
-662.281
-666.044
-647.817
-651.045
-724.041
-689.476
-664.301
-673.972
-672.335
-630.308
-650.61
-704.869
-678.451
-678.317
-687.812
-700.51
-664.241
-655.218
-716.166
-654.788
-658.483
-668.475
-642.185
-667.468
-683.323
-566.388
-669.411
-696.825
-643.777
-626.203
-641.033
-661.05
-644.998
-622.552
-648.833
-686.046
-706.988
-687.52
-696.042
-702.074
-632.006
-720.681
-633.536
-676.032
-699.584
-700.922
-659.733
-703.189
-658.2
-736.029
-720.232
-729.123
-723.0
-679.588
-683.124
-709.868
-686.631
-670.759
-722.805
-644.923
-677.806
-694.063
-724.72
-672.356
-726.206
-747.463
-712.856
-690.354
-702.174
-648.318
-721.615
-653.482
-673.621
-681.577
-660.2
-669.56
-697.42
-724.225
-646.133
-668.797
-695.24
-671.899
-681.717
-686.521
-683.593
-712.28
-748.252
-701.783
-703.925
-710.777
-685.243
-674.659
-687.676
-654.73
-732.606
-758.973
-675.315
-689.832
-722.579
-748.749
-698.791
-680.801
-738.394
-704.6
-702.604
-700.734
-739.671
-657.178
-686.721
-731.295
-701.593
-705.872
-692.16
-656.48
-649.096
-682.423
-652.582
-714.354
-694.736
-664.622
-675.736
-682.686
-728.945
-699.155
-664.55
-707.833
-760.705
-695.355
-737.079
-653.276
-727.582
-726.169
-742.049
-721.819
-717.48
-697.149
-658.427
-655.576
-732.705
-680.341
-685.171
-661.114
-717.827
-684.965
-685.8
-692.813
-684.653
-690.941
-677.719
-694.057
-685.11
-662.443
-668.355
-658.647
-736.966
-703.762
-691.328
-698.082
-722.556
-668.67
-705.285
-719.608
-720.452
-681.252
-712.522
-712.323
-679.981
-676.831
-678.87
-704.866
-697.474
-667.53
-695.804
-652.676
-678.468
-697.367
-714.971
-695.171
-702.954
-727.784
-666.26
-705.747
-782.405
-717.851
-716.691
-695.186
-714.514
-691.444
-714.531
-667.872
-738.286
-743.357
-679.701
-703.565
-707.292
-718.748
-710.1
-712.858
-699.935
-665.241
-729.45
-694.737
-730.234
-676.518
-710.407
-723.818
-681.833
-649.947
-661.562
-688.183
-681.152
-678.32
-680.762
-635.698
-611.392
-668.808
-687.471
-734.253
-722.918
-696.829
-657.222
-786.482
-749.058
-713.385
-661.161
-705.19
-689.617
-763.906
-713.371
-684.38
-680.775
-740.848
-707.893
-720.146
-729.559
-815.518
-776.27
-770.087
-824.344
-834.018
-753.296
-751.297
-780.442
-793.096
-817.759
-765.871
-773.339
-775.097
-776.462
-789.067
-740.168
-738.479
-772.673
-739.321
-753.809
-817.242
-723.741
-769.29
-777.86
-753.28
-806.765
-755.886
-749.956
-698.268
-734.709
-785.296
-778.996
-737.63
-829.639
-757.186
-755.871
-786.43
-709.826
-770.597
-776.317
-831.813
-793.772
-802.835
-759.922
-803.818
-745.525
-783.225
-735.852
-759.178
-731.564
-758.535
-710.01
-757.404
-731.937
-775.531
-715.343
-748.609
-742.307
-723.463
-755.5
-779.003
-799.57
-779.342
-797.743
-797.741
-753.014
-753.376
