-136.45
-143.56
-131.98
-125.96
-121.97
-117.92
-120.6
-112.86
-127.69
-127.78
-113.49
-117.19
-128.5
-134.7
-145.76
-137.93
-134.69
-128.77
-133.97
-131.44
-124.6
-118.39
-144.98
-131.56
-132.91
-133.93
-130.54
-128.43
-126.68
-124.42
-125.23
-121.62
-114.52
-110.79
-125.42
-128.45
-111.7
-112.32
-107.45
-111.97
-111.96
-104.57
-115.96
-121.12
-128.39
-121.04
-110.23
-117.31
-109.04
-94.31
-122.62
-117.32
-117.67
-131.69
-112.43
-133.48
-126.13
-127.85
-121.75
-109.18
-131.08
-130.43
-125.21
-117.19
-120.91
-133.93
-130.66
-130.48
-112.31
-127.21
-129.11
-140.65
-135.26
-137.03
-131.16
-140.89
-125.01
-135.42
-118.0
-140.43
-133.12
-118.92
-114.27
-126.81
-108.25
-119.02
-110.23
-108.03
-115.79
-102.17
-112.6
-120.34
-101.37
-114.59
-102.21
-121.02
-125.8
-123.33
-114.22
-119.21
-118.66
-107.4
-113.01
-129.81
-132.07
-122.15
-122.54
-119.35
-120.05
-119.43
-118.41
-124.94
-124.65
-114.93
-128.05
-116.5
-116.57
-127.29
-113.04
-105.3
-119.16
-110.68
-110.02
-111.17
-101.48
-114.43
-104.79
-112.66
-111.54
-105.81
-106.16
-118.52
-121.2
-120.1
-113.29
-127.93
-139.35
-136.08
-136.09
-109.43
-132.65
-130.66
-117.42
-130.5
-130.46
-123.5
-133.38
-128.68
-146.18
-131.87
