-122.78
-121.16
-125.21
-115.21
-122.96
-114.2
-124.47
-112.33
-119.95
-116.88
-109.61
-121.19
-116.31
-116.55
-122.97
-114.98
-116.35
-117.98
-121.82
-117.2
-115.37
-124.0
-116.94
-123.72
-130.44
-115.23
-119.89
-121.93
-120.21
-123.52
-115.98
-115.22
-118.97
-115.84
-115.15
-121.05
-123.37
-116.41
-104.42
-131.32
-114.21
-114.76
-125.95
-116.66
-110.12
-131.84
-117.24
-123.44
-116.88
-122.95
-121.75
-119.03
-116.36
-115.5
-116.81
-118.21
-113.12
-107.53
-118.9
-108.8
-108.48
-110.45
-112.58
-118.02
-119.71
-118.03
-117.01
-124.02
-123.65
-124.45
-113.56
-114.11
-111.76
-115.12
-119.05
-124.65
-120.72
-114.5
-121.71
-112.21
-116.59
-102.27
-110.01
-108.18
-109.89
-114.36
-104.53
-104.2
-106.44
-107.15
-92.38
-102.35
-108.56
-119.29
-112.31
-108.13
-114.36
-109.15
-106.15
-102.21
-109.01
-114.54
-107.37
-114.01
-115.23
-118.1
-117.74
-115.32
-115.51
-106.3
-114.77
-120.67
-118.67
-109.96
-108.65
-111.82
-123.27
-117.91
-112.99
-122.34
-113.25
-118.1
-127.66
-122.15
-115.4
-121.97
-121.46
-113.28
-105.07
-120.44
-122.6
-114.4
-115.44
-115.46
-102.61
-104.4
-106.17
-101.34
-106.03
-107.24
-104.83
-109.92
-103.97
-100.08
-106.58
-109.27
-112.57
-116.81
-107.67
-110.52
-111.29
-107.0
-115.38
-114.82
-113.83
-112.65
-109.15
-109.81
-106.35
-112.64
-100.47
-106.78
-112.59
-106.44
-109.06
-102.97
-105.94
-106.11
-99.44
-104.06
-112.28
-104.15
-102.93
-103.07
-107.77
-103.88
-104.06
-111.57
-93.94
-102.49
-104.34
-112.16
-112.72
-107.71
-110.53
-112.77
-122.04
-110.4
-117.65
-105.32
-123.63
-120.74
-120.26
-113.25
-116.29
-118.61
-112.75
-120.56
-120.58
-118.08
-119.41
-112.14
-107.81
-116.12
-106.72
-119.62
-112.94
-114.97
-118.79
-112.66
-117.72
-110.83
-115.63
-113.88
-113.64
-118.34
-116.98
-111.91
-109.79
-119.06
-111.65
-112.97
-112.04
-115.46
-114.94
-115.87
-113.09
-111.95
-120.2
-115.89
-110.01
-107.82
-108.96
-99.91
-112.36
-117.15
-108.6
-115.41
-117.0
-110.54
-114.02
-109.07
-108.34
-108.99
-108.66
-103.96
-105.86
-119.7
-116.85
-109.33
-118.62
-119.93
-112.29
-94.68
-110.0
-120.8
-114.69
-114.38
-116.04
-117.07
-115.24
-111.28
-110.0
-114.76
-122.78
-117.54
-114.34
-113.73
-115.96
-117.06
-106.93
-114.66
-118.86
-103.84
-117.38
-120.04
-111.07
-111.79
-118.05
-124.65
-114.61
-119.07
-111.86
-108.18
-113.56
-115.38
-107.79
-123.59
-117.71
-114.83
-108.33
-116.11
-113.27
-116.51
-113.86
-110.87
-109.31
-114.48
-114.86
-119.25
-111.35
-109.64
-106.48
-110.84
-110.71
-106.66
-117.51
-119.64
-121.51
-111.63
-107.89
-107.76
-109.51
-119.01
-108.63
-112.47
-111.86
-113.32
-113.03
-107.31
-120.6
-108.55
-116.38
-106.88
-110.25
-106.35
-116.67
-111.72
-116.89
-110.86
-119.01
-115.34
-115.38
-115.79
-110.42
-109.78
-109.9
-112.39
-100.99
-113.74
-120.41
-110.47
-115.57
-116.34
-114.76
-113.7
-110.6
-107.01
-105.06
-115.68
-114.63
-115.87
-104.79
-110.79
-110.59
-113.23
-109.5
-110.51
-116.64
-117.77
-111.55
-107.32
-103.21
-117.23
-117.28
-120.92
-121.05
-121.23
-119.7
-122.88
-124.53
-125.41
-125.79
-119.68
-120.65
-118.41
-113.89
-119.59
-113.83
-101.18
-115.85
-116.2
-119.52
-125.7
-116.27
-129.63
-121.68
-125.13
-126.54
-123.98
-126.48
-122.22
-118.65
-133.22
-130.0
-120.43
-114.23
-119.31
-121.11
-116.29
-122.24
-119.48
-108.43
-117.7
-106.51
-116.85
-115.05
-129.88
-117.99
-118.22
-115.91
-112.02
-118.6
-109.82
-122.24
-118.88
-122.16
-126.2
-126.55
-128.04
-118.35
-131.32
-122.18
-127.96
-132.15
-129.31
-122.9
-123.25
-128.48
-118.58
-113.55
-113.32
-114.4
-108.59
-115.7
-108.27
-111.34
-126.46
-123.89
-113.96
-115.34
-113.54
-119.93
-116.08
-118.92
-127.08
-118.5
-113.25
-122.16
-115.92
-111.61
