-0.434
-0.496
-0.479
-0.388
-0.602
-0.417
-0.418
-0.388
-0.578
-0.539
-0.546
-0.43
-0.412
-0.447
-0.405
-0.387
-0.443
-0.388
-0.507
-0.58
-0.251
-0.431
-0.524
-0.58
-0.492
-0.364
-0.438
-0.399
-0.453
-0.379
-0.541
-0.406
-0.446
-0.534
-0.306
-0.497
-0.573
-0.436
-0.436
-0.346
-0.384
-0.365
-0.471
-0.526
-0.28
-0.366
-0.374
-0.552
-0.462
-0.499
-0.278
-0.521
-0.456
-0.389
-0.331
-0.418
-0.375
-0.337
-0.486
-0.327
-0.278
-0.345
-0.343
-0.273
-0.423
-0.469
-0.391
-0.547
-0.321
-0.457
-0.401
-0.48
-0.464
-0.486
-0.542
-0.462
-0.554
-0.438
-0.528
-0.491
-0.6
-0.562
-0.478
-0.526
-0.575
-0.541
-0.41
-0.501
-0.34
-0.398
-0.392
-0.464
-0.404
-0.349
-0.469
-0.448
-0.473
-0.366
-0.43
-0.418
-0.496
-0.524
-0.454
-0.538
-0.285
-0.458
-0.569
-0.636
-0.417
-0.657
-0.698
-0.61
-0.612
-0.553
-0.67
-0.517
-0.562
-0.561
-0.343
-0.499
-0.477
-0.555
-0.586
-0.668
-0.573
-0.615
-0.461
-0.422
-0.567
-0.564
-0.397
-0.621
-0.472
-0.42
-0.524
-0.515
-0.512
-0.544
-0.538
-0.458
-0.408
-0.609
-0.46
-0.5
-0.399
-0.492
-0.319
-0.518
-0.519
-0.39
-0.445
-0.489
-0.602
-0.593
-0.543
-0.541
-0.353
-0.549
-0.401
-0.408
-0.404
-0.412
-0.472
-0.476
-0.528
-0.526
-0.39
-0.436
-0.402
-0.541
-0.408
-0.431
-0.497
-0.315
-0.378
-0.488
-0.43
-0.425
-0.375
-0.472
-0.5
-0.434
-0.51
-0.499
-0.469
-0.537
-0.577
-0.557
-0.552
-0.399
-0.64
-0.558
-0.462
-0.518
-0.568
-0.529
-0.597
-0.451
-0.566
-0.594
-0.545
-0.379
-0.335
-0.309
-0.461
-0.564
-0.519
-0.632
-0.532
-0.508
-0.625
-0.552
-0.424
-0.554
-0.458
-0.684
-0.62
-0.499
-0.516
-0.501
-0.665
-0.635
-0.469
-0.62
-0.468
-0.589
-0.484
-0.651
-0.381
-0.556
-0.525
-0.444
-0.549
-0.301
-0.664
-0.484
-0.573
-0.477
-0.496
-0.474
-0.446
-0.635
-0.505
-0.437
-0.573
-0.347
-0.51
-0.503
-0.476
-0.445
-0.595
-0.495
-0.578
-0.527
-0.655
-0.657
-0.393
-0.481
-0.502
-0.577
-0.613
-0.579
-0.444
-0.588
-0.7
-0.57
-0.433
-0.547
-0.567
-0.5
-0.397
-0.502
-0.461
-0.507
-0.628
-0.482
-0.506
-0.444
-0.427
-0.54
-0.534
-0.734
-0.551
-0.656
-0.474
-0.382
-0.368
-0.486
-0.379
-0.531
-0.444
-0.537
-0.432
-0.398
-0.428
-0.492
-0.577
-0.489
-0.351
-0.392
-0.483
-0.469
-0.33
-0.574
-0.678
-0.496
-0.408
-0.577
-0.52
-0.487
-0.448
-0.522
-0.465
-0.454
-0.517
-0.394
-0.431
-0.334
-0.518
-0.313
-0.467
-0.459
-0.375
-0.44
-0.466
-0.34
-0.447
-0.441
-0.654
-0.479
-0.695
-0.452
-0.52
-0.575
-0.448
-0.468
-0.405
-0.473
-0.32
-0.44
-0.539
-0.599
-0.471
-0.452
-0.728
-0.558
-0.624
-0.465
-0.519
-0.562
-0.509
-0.471
-0.407
-0.523
-0.471
-0.511
-0.602
-0.612
-0.666
-0.503
-0.43
-0.651
-0.5
-0.508
-0.679
-0.576
-0.636
-0.662
-0.581
-0.598
-0.448
-0.588
-0.497
-0.404
-0.53
-0.539
-0.683
-0.421
-0.464
-0.355
-0.445
-0.443
-0.546
-0.727
-0.64
-0.542
-0.522
-0.531
-0.46
-0.619
-0.495
-0.572
-0.7
-0.626
-0.769
-0.613
-0.635
-0.702
-0.331
-0.505
-0.527
-0.435
-0.444
-0.606
-0.665
-0.465
-0.49
-0.641
-0.699
-0.513
-0.517
-0.441
-0.452
-0.654
-0.552
-0.623
-0.561
-0.458
-0.717
-0.356
-0.539
-0.624
-0.507
-0.561
-0.623
-0.531
-0.588
-0.613
-0.72
-0.494
-0.634
-0.559
-0.465
-0.698
-0.707
-0.592
-0.668
-0.663
-0.651
-0.383
-0.53
-0.461
-0.447
-0.453
-0.512
-0.464
-0.492
-0.648
-0.672
-0.803
-0.398
