-127.11
-143.53
-131.79
-114.77
-129.72
-142.99
-134.9
-134.16
-137.73
-136.93
-145.23
-145.1
-125.68
-136.01
-134.89
-137.39
-130.45
-130.05
-142.46
-137.11
-130.6
-138.73
-128.97
-135.48
-133.26
-137.64
-120.74
-135.21
-131.48
-135.57
-129.33
-121.08
-131.41
-131.35
-123.03
-112.07
-133.5
-145.1
-121.64
-130.94
-124.25
-112.75
-126.02
-122.71
-126.56
-136.16
-126.18
-127.41
-142.08
-139.91
-135.82
-140.45
-133.89
-140.71
-121.54
-116.32
-112.71
-122.59
-114.48
-120.09
-127.47
-127.97
-118.05
-133.23
-137.93
-121.6
-134.19
-120.58
-125.07
-128.16
-107.65
-121.83
-124.35
-128.8
-129.03
-114.5
-111.2
-125.69
-121.07
-127.21
-122.23
-133.28
-132.34
-128.01
-127.98
-121.14
-122.96
-126.4
-126.05
-134.24
-138.12
-122.62
-125.39
-123.63
-136.59
-119.01
-113.65
-118.32
-126.33
-114.19
-114.07
-114.24
-136.43
-128.51
-132.96
-134.27
-131.93
-135.43
-131.24
-124.1
-143.95
-132.28
-124.42
-133.55
-124.52
-126.13
-131.71
-114.08
-122.44
-132.46
-107.06
-127.38
-121.16
-122.5
-126.93
-121.24
-110.19
-118.67
-116.78
-115.91
-115.33
-120.69
-123.08
-127.92
-123.9
-118.66
-121.37
-118.38
-111.98
-117.67
-104.42
-112.72
-108.28
-112.46
-114.67
-105.36
-114.98
-121.55
-107.0
-116.71
