-0.569
-0.505
-0.51
-0.592
-0.594
-0.627
-0.411
-0.361
-0.445
-0.534
-0.29
-0.343
-0.354
-0.483
-0.337
-0.278
-0.339
-0.414
-0.552
-0.316
-0.49
-0.379
-0.314
-0.512
-0.497
-0.542
-0.527
-0.611
-0.602
-0.48
-0.527
-0.599
-0.551
-0.594
-0.606
-0.645
-0.597
-0.654
-0.67
-0.537
-0.474
-0.66
-0.567
-0.566
-0.573
-0.745
-0.647
-0.678
-0.533
-0.662
-0.539
-0.627
-0.567
-0.687
-0.6
-0.519
-0.622
-0.606
-0.718
-0.622
-0.587
-0.547
-0.566
-0.634
-0.694
-0.515
-0.598
-0.768
-0.698
-0.674
-0.709
-0.575
-0.719
-0.733
-0.634
-0.745
-0.459
-0.496
-0.595
-0.539
-0.6
-0.758
-0.618
-0.721
-0.552
-0.467
-0.608
-0.575
-0.547
-0.544
-0.672
-0.666
-0.503
-0.528
-0.717
-0.394
-0.572
-0.572
-0.656
-0.497
-0.63
-0.584
-0.522
-0.563
-0.605
-0.474
-0.509
-0.632
-0.384
-0.449
-0.573
-0.648
-0.412
-0.341
-0.538
-0.459
-0.61
-0.375
-0.465
-0.541
-0.547
-0.656
-0.518
-0.783
-0.544
-0.635
-0.68
-0.535
-0.488
-0.491
-0.531
-0.808
-0.692
-0.625
-0.483
-0.427
-0.649
-0.4
-0.564
-0.5
-0.375
-0.512
-0.403
-0.364
-0.411
-0.445
-0.345
-0.409
-0.538
-0.626
-0.516
-0.363
-0.481
-0.412
-0.497
-0.462
-0.565
-0.461
-0.598
-0.602
-0.432
-0.358
-0.601
-0.694
-0.599
-0.495
-0.588
-0.535
-0.563
-0.445
-0.566
-0.832
-0.68
-0.416
-0.6
-0.643
-0.47
-0.575
-0.581
-0.628
-0.473
-0.715
-0.512
-0.837
-0.614
-0.511
-0.601
-0.642
-0.47
-0.393
-0.48
-0.444
-0.406
-0.258
-0.414
-0.441
-0.502
-0.341
-0.265
-0.341
-0.47
-0.502
-0.563
-0.509
-0.555
-0.287
-0.409
-0.565
-0.37
-0.557
-0.373
-0.493
-0.364
-0.484
-0.467
-0.378
-0.396
-0.395
-0.539
-0.538
-0.427
-0.484
-0.65
-0.472
-0.453
-0.62
-0.639
-0.551
-0.482
-0.538
-0.41
-0.498
-0.461
-0.35
-0.478
-0.31
-0.307
-0.426
-0.586
-0.56
-0.344
-0.374
-0.392
-0.423
-0.363
-0.4
-0.546
-0.344
-0.388
-0.46
-0.437
-0.475
-0.433
-0.398
-0.423
-0.444
-0.566
-0.485
-0.512
-0.395
-0.37
-0.393
-0.425
-0.454
-0.452
-0.476
-0.494
-0.384
-0.279
-0.342
-0.505
-0.553
-0.544
-0.55
-0.506
-0.558
-0.482
-0.551
-0.524
-0.439
-0.517
-0.607
-0.379
-0.571
-0.711
-0.583
-0.591
-0.634
-0.535
-0.472
-0.632
-0.546
-0.444
-0.469
-0.502
-0.595
-0.428
-0.541
-0.532
-0.645
-0.512
-0.674
-0.518
-0.675
-0.658
-0.778
-0.485
-0.561
-0.65
-0.592
-0.523
-0.677
-0.488
-0.672
-0.563
-0.437
-0.553
-0.295
-0.608
-0.684
-0.465
-0.474
-0.628
-0.658
-0.608
-0.509
-0.508
-0.606
-0.716
-0.539
-0.829
-0.66
-0.732
-0.674
-0.542
-0.64
-0.586
-0.378
-0.495
-0.621
-0.478
-0.636
-0.502
-0.576
-0.454
-0.527
-0.538
-0.466
-0.37
-0.417
-0.455
-0.465
-0.396
-0.402
-0.302
-0.487
-0.331
-0.478
-0.474
-0.369
-0.359
-0.455
-0.45
-0.359
-0.297
-0.331
-0.275
-0.451
-0.316
-0.254
-0.312
-0.312
-0.132
-0.324
-0.293
-0.288
-0.257
-0.465
-0.34
-0.187
-0.37
-0.374
-0.334
-0.335
-0.499
-0.401
-0.424
-0.522
-0.441
-0.427
-0.452
-0.521
-0.366
-0.533
-0.531
-0.466
-0.551
-0.402
-0.508
-0.595
-0.587
-0.45
-0.547
-0.367
-0.5
-0.572
-0.561
-0.594
-0.439
-0.639
-0.452
-0.505
-0.419
-0.522
-0.705
-0.739
-0.564
-0.553
-0.685
-0.581
-0.612
-0.649
-0.383
-0.578
-0.422
-0.464
-0.407
-0.735
-0.485
-0.544
-0.442
-0.51
-0.576
-0.412
-0.384
-0.451
-0.416
-0.417
-0.464
-0.544
-0.556
-0.44
-0.493
-0.56
-0.52
-0.572
-0.563
-0.469
-0.62
-0.633
-0.465
