-99.26
-99.9
-114.76
-114.95
-116.54
-131.63
-111.58
-115.39
-106.11
-111.21
-114.41
-113.19
-101.92
-99.55
-105.28
-100.25
-116.53
-90.56
-96.93
-107.32
-105.76
-105.07
-98.13
-112.58
-105.76
-107.65
-107.57
-106.37
-105.29
-113.74
-108.19
-106.75
-117.73
-115.17
-115.36
-110.99
-105.05
-117.81
-104.04
-107.37
-120.32
-118.45
-110.91
-121.33
-115.17
-130.97
-116.51
-122.52
-114.93
-112.35
-116.97
-105.54
-116.86
-117.13
-111.07
-119.07
-120.06
-127.21
-122.98
-121.03
-128.86
-125.29
-116.48
-120.11
-120.53
-122.79
-119.18
-119.88
-122.59
-112.79
-103.36
-117.05
-112.98
-112.43
-102.98
-113.4
-105.13
-111.42
-102.19
-114.53
-109.66
-107.39
-106.18
-111.89
-105.53
-105.47
-107.8
-116.53
-104.38
-109.28
-107.52
-90.65
-100.85
-103.64
-106.45
-113.55
-107.05
-120.07
-115.16
-118.92
-122.37
-111.15
-117.72
-113.31
-101.98
-96.61
-107.8
-111.22
-109.58
-100.89
-108.44
-104.38
-103.13
-113.12
-119.03
-109.2
-107.27
-108.45
-109.28
-107.09
-101.76
-96.8
-107.12
-107.98
-111.59
-92.83
-105.09
-108.74
-104.37
-110.54
-115.99
-102.79
-111.41
-115.67
-103.54
-99.61
-89.54
-98.32
-104.72
-106.82
-106.11
-102.2
-103.19
-103.13
-109.82
-102.51
-102.29
-102.02
-105.88
-112.32
-103.57
-102.89
-118.93
-113.16
-113.23
-102.12
-110.19
-108.47
-109.59
-106.86
-114.95
-114.17
-117.32
-111.98
-105.25
-104.35
-106.37
-104.54
-97.37
-98.47
-94.42
-104.96
-101.1
-105.63
-100.59
-102.27
-105.69
-108.82
-102.76
-105.26
-103.84
-109.61
-118.76
-112.39
-103.94
-105.64
-109.87
-107.01
-107.1
-105.51
-95.55
-105.4
-107.75
-89.8
-99.72
-102.34
-100.31
-93.75
-99.33
-94.93
-110.22
-93.21
-106.88
-92.01
-103.33
-107.9
-106.28
-102.82
-114.84
-107.19
-102.32
-101.51
-99.81
-110.86
-105.62
-103.19
-104.57
-109.36
-99.37
-98.98
-101.52
-95.75
-101.7
-99.84
-93.8
-101.76
-97.35
-99.6
-100.95
-98.4
-100.54
-103.58
-107.01
-102.15
-104.36
-108.24
-95.67
-99.15
-102.05
-93.5
-100.67
-111.55
-98.99
-88.79
-99.56
-104.42
-105.38
-100.84
-104.57
-97.87
-94.77
-94.51
-99.13
-104.6
-98.98
-98.07
-109.49
-104.82
-113.11
-103.88
-107.17
-98.19
-96.81
-95.26
-106.36
-99.89
-101.44
-90.74
-95.37
-97.97
-101.01
-107.43
-109.52
-104.75
-96.77
-106.2
-109.26
-95.33
-106.93
-101.27
-114.11
-99.86
-92.97
-111.77
-105.99
-112.54
-106.32
-107.21
-109.21
-112.28
-113.02
-108.99
-103.46
-110.18
-103.72
-109.53
-98.25
-101.08
-118.58
-107.49
-102.42
-106.26
-113.94
-100.69
-110.27
-108.55
-112.21
-95.96
-101.79
-99.81
-106.73
-109.56
-100.96
-104.64
-103.55
-113.07
-107.6
-112.4
-111.79
-110.16
-106.68
-106.13
-112.53
-116.23
-112.87
-98.09
-110.63
-116.61
-96.9
-112.02
-117.82
-115.41
-118.4
-115.55
-106.96
-98.37
-94.98
-98.96
-106.95
-109.6
-103.13
-109.46
-94.42
-93.58
-91.97
-94.12
-94.62
-93.14
-98.54
-90.95
-95.06
-96.82
-90.55
-91.89
-97.18
-91.99
-105.37
-92.45
-94.36
-98.77
-98.79
-88.62
-88.25
-95.54
-89.89
-87.77
-90.6
-92.55
-95.58
-90.34
-93.82
-90.25
-93.13
-96.18
-90.33
-92.02
-86.97
-102.6
-94.23
-88.18
-100.4
-89.52
-95.94
-87.46
-89.61
-96.41
-101.7
-115.18
-96.2
-100.56
-104.03
-96.48
-102.39
-97.71
-113.48
-115.22
-100.7
-95.49
-98.75
-104.99
-103.7
-110.74
-103.61
-106.97
-108.2
-111.49
-106.91
-102.58
-98.59
-95.53
-92.88
-90.29
-97.8
-98.26
-96.89
-92.02
-94.61
-93.61
-78.99
-99.96
-101.39
-98.59
-104.2
-97.41
-103.33
-95.34
-95.63
-97.98
-91.09
-99.81
-99.66
-96.77
-96.86
-87.13
-94.21
-98.99
-98.34
-90.19
-93.35
-98.21
-92.08
-97.32
-84.15
-87.76
-95.55
-98.96
-100.65
-97.81
-93.46
-92.9
-87.45
