-821.588
-799.445
-762.073
-759.508
-811.53
-798.752
-761.42
-798.509
-812.757
-775.668
-758.593
-757.364
-715.693
-706.214
-726.0
-710.921
-729.574
-644.542
-649.362
-688.159
-731.327
-646.568
-721.018
-739.738
-738.922
-693.039
-743.802
-731.125
-707.745
-743.343
-726.444
-748.489
-748.499
-747.441
-756.998
-797.971
-730.232
-798.464
-821.002
-805.291
-794.071
-815.843
-785.615
-720.992
-813.755
-834.289
-840.461
-832.667
-812.511
-803.785
-779.884
-831.57
-846.7
-736.965
-812.497
-827.846
-825.513
-784.45
-840.081
-839.044
-813.212
-790.722
-745.13
-794.53
-785.788
-856.171
-730.815
-775.038
-826.732
-779.973
-782.083
-808.921
-808.228
-815.927
-769.839
-771.931
-804.838
-794.283
-803.906
-795.826
-789.918
-819.883
-808.711
-839.575
-779.439
-727.622
-809.475
-772.359
-770.425
-774.89
-800.686
-768.565
-778.796
-813.297
-756.335
-811.227
-777.709
-812.853
-791.453
-796.776
-831.197
-773.224
-808.444
-780.316
-751.054
-760.385
-713.684
-741.524
-752.446
-746.48
-744.321
-761.873
-762.17
-778.781
-749.343
-774.887
-744.093
-739.572
-719.464
-778.786
-726.495
-778.41
-760.929
-734.212
-743.409
-677.355
-729.096
-734.226
-715.991
-698.944
-719.75
-771.082
-755.164
-753.321
-732.243
-705.264
-735.862
-737.808
-754.829
-728.461
-719.871
-726.631
-764.954
-706.816
-716.093
-711.82
-701.204
-746.007
-716.521
-733.446
-733.631
-738.171
-721.829
-743.695
-722.204
-713.615
-740.873
-745.531
-731.666
-759.875
-766.794
-749.34
-717.97
-707.43
-711.705
-749.529
-736.245
-709.988
-755.005
-756.485
-678.203
-716.626
-707.991
-696.069
-717.938
-675.952
-690.392
-735.64
-710.508
-732.187
-728.46
-710.146
-749.01
-729.936
-768.504
-716.232
-661.815
-697.132
-656.25
-690.392
-693.248
-736.953
-681.071
-710.595
-696.478
-701.948
-721.962
-772.303
-681.011
-689.762
-706.166
-705.206
-710.92
-699.651
-676.56
-706.62
-709.804
-716.865
-724.504
-713.36
-672.697
-688.716
-696.826
-628.239
-736.644
-659.947
-694.269
-688.533
-665.751
-695.836
-693.124
-713.236
-671.067
-684.705
-658.24
-657.449
-687.825
-670.268
-690.12
-642.523
-671.031
-708.653
-682.579
-675.202
-676.377
-683.163
-634.589
-632.238
-751.381
-688.346
-695.375
-677.264
-659.825
-653.311
-682.636
-691.7
-668.32
-738.211
-657.187
-668.056
-678.737
-684.775
-695.83
-696.643
-659.889
-667.538
-687.968
-724.61
-706.748
-667.444
-690.698
-711.718
-642.025
-663.103
-686.622
-680.368
-636.931
-618.532
-635.45
-631.098
-676.529
-689.23
-673.083
-686.623
-682.877
-686.169
-717.752
-740.304
-676.267
-757.869
-716.032
-704.862
-678.07
-704.6
-721.848
-769.976
-701.525
-726.283
-714.032
-784.825
-754.444
-700.716
-749.887
-744.359
-703.795
-726.441
-717.442
-692.309
-742.905
-698.346
-724.26
-652.082
-728.997
-716.969
-732.188
-698.533
-784.796
-727.168
-726.137
-732.41
-682.35
-728.978
-720.847
-715.936
-735.889
-739.728
-797.544
-775.751
-775.15
-775.607
-699.421
-741.189
-741.776
-748.893
-740.764
-730.803
-714.367
-739.906
-726.423
-722.344
-751.662
-743.57
-774.085
-717.897
-737.902
-685.566
-668.924
-716.985
-716.001
-709.166
-700.548
-707.394
-730.498
-695.46
-640.122
-653.294
-647.779
-629.091
-696.093
-645.546
-677.409
-682.075
-649.04
-680.458
-662.01
-647.746
-651.603
-638.048
-682.72
-630.482
-647.894
-647.938
-614.28
-585.941
-614.531
-634.402
-595.317
-622.029
-596.727
-622.471
-591.969
-537.392
-596.695
-632.3
-637.334
-627.869
-613.646
-604.531
-615.448
-612.445
-643.161
-629.697
-687.599
-641.52
-639.527
-626.413
-742.1
-698.059
-683.006
-698.435
-678.112
-678.812
-691.518
-686.933
-732.586
-671.067
-694.059
-666.975
-649.628
-684.53
-686.993
-659.932
-707.781
-681.587
-692.463
-680.339
-700.283
-711.3
-637.793
-644.38
-654.641
-606.17
-601.197
-657.989
-673.572
-657.164
-673.304
-692.316
-678.336
-663.84
-707.147
-669.326
-670.964
-665.815
-728.883
-643.304
-647.912
-673.824
-703.3
-693.33
-678.925
-700.612
-706.13
-702.493
-725.16
-686.545
-706.672
-714.151
-673.654
-707.986
-692.099
-666.827
-668.171
-614.648
-729.228
-693.6
-660.145
-685.713
-697.419
-711.692
-641.006
