-0.438
-0.444
-0.534
-0.353
-0.588
-0.478
-0.635
-0.551
-0.502
-0.443
-0.514
-0.638
-0.649
-0.475
-0.495
-0.39
-0.24
-0.321
-0.327
-0.334
-0.341
-0.406
-0.398
-0.335
-0.472
-0.517
-0.581
-0.542
-0.544
-0.437
-0.419
-0.396
-0.31
-0.504
-0.472
-0.587
-0.451
-0.433
-0.457
-0.436
-0.604
-0.538
-0.599
-0.502
-0.509
-0.665
-0.562
-0.524
-0.361
-0.403
-0.787
-0.503
-0.444
-0.525
-0.531
-0.746
-0.606
-0.758
-0.602
-0.545
-0.462
-0.642
-0.6
-0.536
-0.508
-0.373
-0.557
-0.548
-0.543
-0.539
-0.496
-0.52
-0.645
-0.344
-0.516
-0.288
-0.415
-0.375
-0.65
-0.451
-0.373
-0.398
-0.482
-0.278
-0.256
-0.464
-0.423
-0.308
-0.321
-0.436
-0.35
-0.52
-0.466
-0.422
-0.393
-0.366
-0.442
-0.39
-0.437
-0.392
-0.446
-0.273
-0.307
-0.493
-0.286
-0.424
-0.446
-0.399
-0.407
-0.458
-0.429
-0.423
-0.503
-0.492
-0.365
-0.47
-0.389
-0.469
-0.442
-0.508
-0.417
-0.397
-0.286
-0.425
-0.324
-0.487
-0.461
-0.473
-0.428
-0.53
-0.287
-0.349
-0.608
-0.545
-0.525
-0.461
-0.366
-0.435
-0.369
-0.466
-0.431
-0.597
-0.217
-0.524
-0.494
-0.325
-0.514
-0.406
-0.4
-0.404
-0.248
-0.297
-0.378
-0.45
-0.461
-0.503
-0.541
-0.394
-0.418
-0.393
-0.423
-0.313
-0.36
-0.475
-0.43
-0.387
-0.409
-0.411
-0.398
-0.382
-0.525
-0.482
-0.418
-0.408
-0.445
-0.508
-0.514
-0.534
-0.514
-0.576
-0.421
-0.52
-0.484
-0.293
-0.455
-0.528
-0.467
-0.436
-0.503
-0.337
-0.517
-0.438
-0.324
-0.478
-0.503
-0.584
-0.44
-0.459
-0.59
-0.651
-0.562
-0.425
-0.296
-0.361
-0.573
-0.376
-0.374
-0.42
-0.317
-0.365
-0.551
-0.349
-0.268
-0.418
-0.519
-0.359
-0.491
-0.512
-0.398
-0.371
-0.353
-0.351
-0.4
-0.438
-0.464
-0.255
-0.474
-0.497
-0.376
-0.401
-0.477
-0.47
-0.253
-0.347
-0.537
-0.621
-0.529
-0.564
-0.43
-0.666
-0.584
-0.5
-0.634
-0.436
-0.473
-0.524
-0.499
-0.396
-0.481
-0.477
-0.455
-0.486
-0.547
-0.48
-0.591
-0.468
-0.584
-0.503
-0.283
-0.257
-0.532
-0.311
-0.416
-0.33
-0.548
-0.56
-0.506
-0.464
-0.457
-0.615
-0.541
-0.443
-0.357
-0.464
-0.426
-0.55
-0.472
-0.501
-0.393
-0.451
-0.486
-0.421
-0.662
-0.449
-0.431
-0.475
-0.493
-0.394
-0.58
-0.523
-0.441
-0.393
-0.644
-0.411
-0.469
-0.533
-0.581
-0.56
-0.503
-0.396
-0.668
-0.537
-0.464
-0.53
-0.393
-0.376
-0.58
-0.511
-0.517
-0.44
-0.662
-0.745
-0.566
-0.635
-0.593
-0.569
-0.426
-0.704
-0.346
-0.462
-0.538
-0.581
-0.499
-0.492
-0.727
-0.453
-0.544
-0.413
-0.33
-0.366
-0.369
-0.248
-0.43
-0.539
-0.522
-0.614
-0.452
-0.41
-0.514
-0.419
-0.387
-0.278
-0.4
-0.278
-0.415
-0.299
-0.497
-0.307
-0.374
-0.297
-0.408
-0.35
-0.436
-0.35
-0.458
-0.453
-0.509
-0.63
-0.497
-0.503
-0.482
-0.575
-0.342
-0.306
-0.309
-0.387
-0.352
-0.488
-0.42
-0.509
-0.495
-0.298
-0.269
-0.304
-0.363
-0.533
-0.388
-0.38
-0.407
-0.495
-0.728
-0.516
-0.579
-0.568
-0.316
-0.536
-0.551
-0.466
-0.487
-0.456
-0.372
-0.521
-0.481
-0.215
-0.441
-0.669
-0.36
-0.407
-0.614
-0.511
-0.601
-0.551
-0.557
-0.552
-0.562
-0.707
-0.587
-0.671
-0.819
-0.705
-0.488
-0.515
-0.525
-0.525
-0.543
-0.503
-0.396
-0.5
-0.521
-0.24
-0.479
-0.502
-0.431
-0.479
-0.467
-0.439
-0.466
-0.35
-0.391
-0.492
-0.499
-0.301
-0.377
-0.421
-0.561
-0.375
-0.523
-0.432
-0.427
-0.482
-0.542
-0.578
-0.365
-0.506
-0.503
-0.428
-0.412
-0.55
-0.535
-0.426
-0.405
