-120.01
-122.1
-122.43
-117.64
-123.01
-121.02
-122.55
-105.09
-110.09
-111.95
-111.13
-113.64
-114.74
-107.33
-97.72
-102.77
-102.18
-96.13
-104.27
-94.59
-112.17
-123.84
-116.43
-114.24
-112.01
-108.15
-111.48
-109.43
-101.92
-103.99
-98.86
-102.86
-100.68
-107.66
-109.73
-118.33
-106.2
-102.27
-100.13
-102.31
-102.99
-93.69
-106.89
-108.46
-100.79
-110.21
-96.0
-106.6
-104.48
-112.25
-123.31
-116.04
-117.99
-109.82
-118.43
-123.07
-113.25
-130.56
-105.55
-107.11
-104.62
-105.68
-113.95
-111.24
-111.53
-104.38
-99.75
-110.07
-117.8
-111.07
-96.52
-108.48
-99.78
-100.58
-107.39
-107.34
-112.29
-102.57
-108.48
-104.95
-108.12
-97.38
-96.63
-104.17
-101.49
-93.86
-93.2
-96.31
-96.34
-98.36
-100.68
-89.89
-97.0
-88.54
-94.76
-99.04
-101.89
-98.24
-97.64
-99.36
-92.45
-107.68
-104.23
-95.22
-97.85
-92.98
-97.63
-103.96
-103.91
-94.65
-104.08
-98.94
-108.55
-104.39
-99.82
-109.71
-114.04
-101.73
-101.32
-104.3
-96.06
-104.32
-103.39
-106.36
-93.21
-98.75
-92.56
-91.98
-107.43
-110.04
-108.16
-105.41
-111.47
-103.52
-103.43
-106.39
-108.38
-112.48
-104.04
-108.24
-111.57
-110.58
-107.45
-99.77
-105.34
-97.25
-111.56
-109.45
-109.74
-111.92
-105.15
-111.94
-120.87
-110.3
-109.7
-108.15
-114.75
-115.48
-110.7
-102.81
-104.06
-109.61
-119.25
-116.21
-105.59
-108.97
-115.59
-108.9
-109.87
-108.91
-120.2
-117.24
-122.45
-120.14
-113.91
-105.14
-114.07
-105.35
-116.08
-105.93
-115.47
-107.53
-115.55
-96.19
-114.24
-113.8
-110.25
-110.34
-113.28
-114.19
-106.52
-111.59
-108.27
-112.93
-115.11
-103.6
-109.33
-108.36
-116.42
-113.42
-112.87
-115.93
-109.3
-105.54
-111.66
-114.8
-103.88
-102.32
-107.54
-109.78
-109.29
-106.28
-113.32
-100.88
-108.88
-103.59
-108.6
-106.38
-114.03
-107.48
-115.42
-107.36
-103.83
-99.24
-97.43
-93.44
-110.08
-97.09
-100.39
-104.26
-109.23
-107.43
-101.43
-111.94
-114.41
-116.54
-112.9
-121.71
-115.03
-114.34
-119.52
-112.32
-111.22
-101.17
-114.51
-118.61
-114.81
-104.62
-104.02
-108.43
-109.16
-113.82
-114.36
-108.77
-105.65
-110.25
-111.07
-114.19
-108.88
-114.53
-118.63
-112.85
-114.95
-113.36
-106.34
-103.21
-117.46
-120.74
-105.84
-114.0
-121.58
-116.4
-114.39
-117.83
-117.85
-117.03
-113.4
-125.62
-114.48
-115.91
-114.05
-117.78
-115.28
-121.46
-110.45
-111.28
-115.37
-112.54
-121.3
-119.07
-116.9
-118.76
-114.96
-107.55
-107.38
-115.37
-113.37
-118.86
-110.5
-113.77
-121.52
-123.57
-126.24
-124.28
-116.12
-112.14
-108.06
-119.87
-118.85
-106.5
-111.33
-123.41
-115.48
-117.79
-113.82
-120.39
-120.25
-114.02
-106.49
-112.52
-113.56
-102.23
-114.58
-117.27
-120.22
-118.14
-114.29
-107.47
-108.09
-108.79
-115.09
-119.1
-118.36
-110.4
-107.39
-109.24
-119.89
-116.85
-111.57
-102.47
-113.62
-101.22
-112.65
-119.93
-127.84
-111.1
-116.34
-113.28
-115.97
-111.4
-117.8
-112.41
-114.11
-117.16
-111.57
-108.42
-127.95
-122.28
-121.36
-121.17
-120.04
-114.37
-115.38
-121.41
-117.98
-114.96
-109.63
-121.97
-113.19
-114.58
-98.72
-107.25
-114.7
-121.88
-112.88
-122.29
-122.1
-122.78
-113.22
-106.22
-119.44
-112.51
-105.0
-114.77
-110.5
-106.36
-115.41
-105.55
-113.9
-114.08
-107.31
-119.1
-106.77
-117.33
-108.0
-109.6
-100.58
-103.8
-113.43
-99.37
-113.16
-114.56
-111.41
-105.27
-109.08
-103.67
-116.88
-115.39
-108.77
-109.81
-107.71
-108.67
-109.34
-106.66
-108.23
-106.1
-98.26
-99.87
-99.39
-102.78
-105.65
-104.37
-95.68
-109.18
-98.02
-106.59
-103.55
-101.53
-106.57
-115.91
-104.48
-100.89
-115.11
-117.33
-106.92
-98.26
-103.0
-111.33
-109.99
-98.8
-104.84
-103.84
-107.39
-116.89
-107.57
-104.79
-117.16
-114.92
-120.81
-113.47
-107.84
