-725.623
-742.967
-727.845
-677.29
-730.798
-637.121
-670.502
-748.113
-629.059
-743.121
-688.704
-732.043
-690.996
-636.244
-644.484
-635.311
-657.397
-662.893
-651.892
-680.355
-684.453
-707.95
-716.941
-654.267
-683.951
-612.83
-633.315
-618.917
-650.135
-586.144
-616.99
-637.957
-601.677
-621.941
-653.849
-659.362
-618.6
-595.82
-594.023
-642.487
-659.275
-659.913
-609.734
-623.218
-595.786
-670.581
-617.984
-610.321
-643.181
-620.678
-713.109
-721.558
-724.593
-681.941
-699.516
-748.181
-639.596
-757.524
-691.675
-672.707
-672.163
-651.651
-667.93
-650.332
-584.011
-646.281
-635.264
-665.191
-685.313
-629.773
-660.493
-667.693
-660.675
-613.648
-649.59
-629.135
-651.57
-623.413
-652.452
-628.193
-647.666
-616.453
-596.517
-606.899
-622.461
-590.464
-623.335
-641.502
-640.828
-655.303
-654.476
-657.079
-615.926
-637.593
-608.551
-587.55
-623.061
-608.68
-629.989
-623.09
-645.806
-698.391
-706.775
-677.321
-632.666
-636.102
-697.334
-649.912
-601.279
-630.64
-606.843
-637.296
-647.94
-692.265
-656.906
-697.529
-704.425
-672.848
-701.331
-662.528
-644.407
-645.561
-664.493
-629.271
-645.255
-618.974
-644.795
-637.378
-650.448
-636.472
-619.006
-646.97
-683.496
-694.619
-655.522
-639.307
-646.163
-672.115
-619.884
-679.388
-725.622
-708.185
-674.156
-656.024
-653.174
-646.38
-670.968
-708.643
-675.878
-647.166
-701.187
-661.486
-689.038
-661.124
-738.177
-711.531
-701.769
-691.54
-660.465
-654.163
-675.401
-674.544
-667.198
-698.373
-665.331
-674.718
-701.825
-644.502
-684.154
-680.463
-672.149
-676.421
-680.487
-668.976
-688.614
-704.235
-703.047
-702.384
-737.834
-699.092
-703.214
-698.682
-700.636
-655.993
-701.575
-716.309
-696.609
-709.307
-689.193
-686.001
-697.22
-692.19
-696.207
-685.781
-706.727
-649.382
-657.993
-663.757
-652.928
-686.594
-732.236
-758.915
-656.639
-699.134
-674.041
-653.854
-663.433
-624.959
-655.831
-656.9
-696.054
-628.335
-661.491
-623.49
-662.347
-641.55
-673.445
-677.391
-697.627
-654.855
-672.575
-617.794
-633.966
-636.78
-600.591
-598.631
-617.376
-681.837
-646.331
-687.948
-627.672
-667.209
-639.375
-670.083
-653.926
-720.916
-713.96
-736.879
-700.599
-721.008
-777.866
-736.06
-728.636
-663.8
-682.061
-691.512
-676.36
-692.976
-678.147
-691.871
-638.504
-677.77
-711.446
-641.77
-669.457
-661.428
-672.601
-662.121
-667.848
-696.588
-705.383
-665.15
-676.326
-686.377
-656.4
-640.915
-709.041
-756.745
-678.568
-729.742
-689.973
-705.635
-646.294
-700.778
-687.693
-686.443
-717.731
-711.184
-739.039
-671.679
-674.289
-648.331
-644.483
-651.308
-656.825
-675.287
-696.316
-634.806
-751.278
-676.968
-685.558
-687.192
-673.071
-670.549
-712.07
-756.614
-678.929
-692.946
-649.988
-635.128
-680.751
-715.907
-727.193
-735.977
-695.017
-675.145
-644.539
-674.664
-723.147
-691.712
-650.408
-722.927
-704.358
-748.716
-693.269
-691.081
-688.918
-720.911
-652.816
-679.28
-630.637
-631.155
-664.758
-717.399
-667.053
-712.624
-666.059
-650.133
-634.771
-627.232
-652.331
-707.557
-678.651
-698.921
-661.511
-681.686
-677.302
-664.597
-716.772
-663.64
-629.546
-650.477
-647.506
-630.561
-651.278
-632.348
-648.545
-663.046
-629.148
-640.816
-668.122
-639.636
-622.428
-716.841
-691.593
-645.97
-718.98
-735.364
-731.432
-751.901
-690.636
-741.651
-736.63
-717.165
-672.944
-646.647
-645.165
-731.201
-699.509
-673.57
-680.231
-649.437
-700.566
-693.646
-711.71
-642.904
-711.994
-713.555
-656.439
-636.982
-723.309
-681.227
-674.016
-681.772
-651.994
-651.701
-628.642
-601.502
-635.249
-649.662
-618.379
-684.274
-691.209
-673.09
-698.692
-677.895
-662.716
-630.089
-675.309
-688.485
-704.157
-727.087
-695.457
-699.072
-683.264
-648.106
-697.311
-680.16
-746.409
-728.01
-719.495
-678.57
-654.619
-647.265
-655.849
-630.38
-595.489
-650.932
-658.145
-645.524
-657.849
-599.439
-652.78
-597.809
-641.343
-634.111
-652.335
-673.719
-627.029
-647.86
-610.573
-578.414
-633.772
-694.612
-675.238
-605.402
-646.134
-653.424
-634.679
-605.805
-654.602
-663.718
-635.793
-651.793
-693.993
-645.152
-698.368
-717.251
-687.956
-706.57
-594.202
