-141.28
-141.06
-141.31
-138.35
-119.37
-146.55
-114.81
-151.62
-111.98
-121.4
-114.63
-109.2
-125.35
-130.98
-124.51
-116.84
-115.57
-119.25
-140.36
-122.12
-112.44
-119.42
-117.2
-114.48
-119.13
-110.59
-106.99
-108.96
-125.15
-120.58
-119.98
-107.61
-102.26
-100.0
-101.28
-91.77
-98.57
-101.16
-105.45
-106.92
-103.54
-105.57
-100.01
-92.55
-99.84
-105.65
-98.54
-103.67
-106.02
-107.01
-112.1
-106.65
-130.84
-118.88
-116.77
-100.43
-110.38
-115.23
-100.59
-96.9
-109.97
-105.61
-117.66
-98.94
-114.29
-123.41
-121.72
-116.04
-121.07
-118.59
-101.42
-106.45
-116.97
-102.04
-108.9
-104.07
-99.85
-103.14
-117.47
-109.06
-103.29
-109.44
-128.8
-118.91
-116.48
-121.67
-115.35
-115.44
-107.02
-120.72
-124.38
-112.73
-111.4
-113.53
-114.49
-114.61
-118.52
-122.55
-117.91
-113.82
-116.8
-114.57
-122.83
-111.79
-118.28
-118.9
-116.58
-120.05
-120.29
-115.37
-121.02
-126.81
-109.04
-132.49
-112.24
-127.19
-136.5
-111.16
-128.47
-129.8
-125.67
-132.33
-131.65
-129.91
-114.04
-120.62
-115.4
-119.66
-128.18
-117.83
-125.15
-124.69
-127.04
-112.28
-136.77
-123.69
-121.88
-127.67
-131.12
-120.84
-125.36
-128.04
-127.99
-126.19
-126.62
-109.63
-111.82
-114.25
-109.33
-117.17
