-0.451
-0.332
-0.385
-0.402
-0.421
-0.228
-0.384
-0.333
-0.433
-0.308
-0.32
-0.313
-0.344
-0.255
-0.205
-0.31
-0.291
-0.266
-0.381
-0.317
-0.31
-0.318
-0.249
-0.313
-0.344
-0.358
-0.397
-0.193
-0.279
-0.242
-0.264
-0.225
-0.367
-0.373
-0.338
-0.329
-0.345
-0.254
-0.251
-0.242
-0.361
-0.322
-0.321
-0.272
-0.316
-0.245
-0.284
-0.24
-0.289
-0.301
-0.278
-0.241
-0.281
-0.289
-0.248
-0.351
-0.344
-0.26
-0.216
-0.225
-0.231
-0.316
-0.296
-0.234
-0.245
-0.151
-0.224
-0.26
-0.147
-0.191
-0.26
-0.204
-0.294
-0.298
-0.233
-0.262
-0.248
-0.118
-0.153
-0.218
-0.229
-0.29
-0.194
-0.271
-0.2
-0.336
-0.249
-0.204
-0.278
-0.279
-0.276
-0.354
-0.209
-0.239
-0.111
-0.219
-0.241
-0.327
-0.212
-0.176
-0.217
-0.211
-0.28
-0.256
-0.278
-0.214
-0.264
-0.219
-0.248
-0.361
-0.227
-0.289
-0.168
-0.255
-0.12
-0.182
-0.178
-0.191
-0.208
-0.114
-0.087
-0.246
-0.185
-0.235
-0.232
-0.227
-0.191
-0.169
-0.138
-0.288
-0.247
-0.245
-0.323
-0.271
-0.245
-0.224
-0.252
-0.364
-0.246
-0.283
-0.243
-0.248
-0.283
-0.172
-0.302
-0.228
-0.366
-0.266
-0.31
-0.397
-0.425
-0.36
-0.425
-0.295
-0.299
-0.305
-0.377
-0.311
-0.318
-0.276
-0.368
-0.371
-0.413
-0.403
-0.223
-0.296
-0.392
-0.341
-0.283
-0.283
-0.33
-0.262
-0.248
-0.335
-0.197
-0.274
-0.188
-0.266
-0.232
-0.276
-0.301
-0.271
-0.288
-0.324
-0.47
-0.403
-0.423
-0.517
-0.532
-0.34
-0.444
-0.435
-0.437
-0.435
-0.395
-0.4
-0.339
-0.361
-0.428
-0.292
-0.426
