-77.95
-76.7
-84.09
-85.25
-85.3
-74.29
-88.13
-81.48
-82.88
-79.37
-79.54
-84.69
-90.35
-69.76
-73.35
-77.54
-83.32
-74.79
-71.42
-80.82
-82.25
-87.49
-82.64
-83.34
-77.8
-73.06
-72.76
-64.78
-80.55
-79.92
-75.45
-77.81
-81.74
-78.64
-85.83
-72.02
-74.15
-77.29
-75.63
-78.43
-83.73
-73.87
-85.7
-66.08
-79.05
-75.94
-77.69
-73.65
-83.22
-82.74
-79.5
-70.39
-74.82
-70.09
-60.43
-76.48
-81.92
-67.38
-67.4
-73.57
-74.29
-76.58
-77.28
-82.78
-70.83
-80.79
-75.56
-75.59
-72.07
-84.49
-77.32
-77.93
-73.31
-90.4
-81.48
-73.34
-85.51
-73.11
-70.61
-74.33
-73.0
-66.95
-73.6
-80.05
-71.95
-80.26
-80.81
-80.45
-80.41
-80.55
-86.4
-81.84
-74.95
-78.54
-74.5
-66.43
-78.64
-68.74
-74.01
-67.25
-74.24
-75.94
-74.93
-74.6
-78.05
-69.53
-72.79
-72.9
-69.92
-73.56
-72.3
-68.37
-62.14
-71.15
-64.04
-65.01
-72.68
-69.27
-74.81
-67.84
-70.09
-80.79
-70.31
-73.1
-76.85
-75.94
-69.09
-85.94
-75.85
-81.38
-74.87
-80.56
-75.94
-71.57
-68.95
-71.0
-76.91
-76.93
-72.36
-79.74
-68.82
-78.53
-81.41
-72.6
-76.56
-76.52
-80.6
-87.02
-76.39
-79.65
-79.47
-80.87
-85.45
-79.12
-79.55
-79.07
-83.12
-79.63
-81.6
-83.32
-84.96
-80.96
-90.72
-83.24
-74.93
-79.6
-76.25
-81.36
-88.31
-82.15
-78.68
-82.25
-80.29
-75.09
-76.16
-78.11
-69.25
-70.32
-77.29
-73.83
-79.97
-72.15
-73.94
-75.25
-90.72
-87.71
-86.52
-96.9
-83.59
-85.66
-96.11
-88.36
-87.68
-76.67
-87.53
-89.65
-73.53
-82.53
-88.05
-85.76
-81.64
