-594.446
-604.646
-590.22
-574.822
-577.129
-557.444
-609.164
-578.663
-564.385
-532.999
-591.139
-615.311
-615.901
-557.571
-509.448
-571.755
-556.271
-593.895
-548.017
-599.949
-569.237
-615.773
-551.55
-542.814
-502.575
-549.49
-471.798
-529.196
-581.012
-518.015
-471.792
-523.717
-563.925
-587.167
-540.884
-509.74
-496.51
-553.532
-514.37
-540.466
-547.859
-531.137
-600.801
-533.29
-547.413
-544.487
-526.381
-501.476
-537.552
-556.03
-542.72
-509.775
-503.147
-492.635
-508.873
-479.214
-485.985
-506.101
-504.358
-510.645
-585.834
-515.774
-547.442
-576.487
-534.122
-500.916
-504.931
-497.419
-487.283
-552.259
-554.239
-570.027
-558.419
-557.244
-532.079
-537.984
-515.576
-508.935
-483.919
-597.441
-490.019
-519.198
-503.084
-552.957
-530.254
-546.105
-561.497
-551.927
-560.985
-530.428
-519.093
-495.043
-532.679
-528.042
-474.534
-508.425
-508.407
-493.689
-494.64
-498.833
-493.621
-480.474
-460.019
-512.151
-503.007
-483.602
-553.452
-512.469
-492.639
-457.141
-477.832
-464.83
-460.604
-476.267
-458.403
-491.351
-507.295
-513.505
-433.107
-472.743
-479.32
-458.212
-486.217
-509.385
-537.888
-457.498
-534.36
-521.167
-528.062
-565.42
-448.972
-615.829
-560.51
-528.519
-493.804
-506.66
-515.63
-538.406
-553.5
-538.816
-531.052
-548.341
-570.316
-549.77
-578.757
-523.172
-605.408
-541.666
-558.536
-602.925
-605.453
-547.607
-607.277
-578.71
-575.446
-537.461
-583.626
-554.799
-590.047
-582.94
-605.933
-604.423
-625.556
-606.938
-580.086
-581.614
-573.159
-561.454
-600.739
-540.243
-521.671
-596.492
-572.11
-474.89
-531.565
-542.179
-582.41
-502.106
-536.49
-484.487
-516.948
-528.048
-592.193
-579.234
-625.564
-560.603
-568.171
-647.026
-539.736
-599.277
-646.237
-629.392
-652.356
-541.932
-606.016
-618.199
-559.696
-544.927
-602.306
-569.728
-604.318
