-70.88
-62.28
-70.1
-72.67
-67.13
-64.02
-79.55
-68.97
-69.09
-63.5
-79.73
-76.74
-79.37
-88.39
-74.5
-82.97
-73.84
-75.97
-72.73
-81.45
-85.04
-73.7
-83.66
-81.68
-75.14
-76.41
-79.01
-74.97
-64.46
-82.47
-70.11
-67.42
-78.92
-82.27
-77.85
-77.66
-81.64
-83.0
-81.38
-67.99
-72.6
-69.02
-79.93
-72.76
-73.53
-76.78
-72.53
-60.99
-73.1
-64.26
-68.67
-74.71
-70.14
-69.18
-75.32
-77.11
-88.07
-71.96
-68.64
-63.44
-73.16
-70.35
-74.26
-75.31
-66.82
-77.24
-75.77
-68.96
-63.05
-76.29
-67.03
-52.32
-56.85
-64.8
-84.94
-60.67
-73.92
-80.71
-73.46
-70.84
-55.32
-87.78
-83.5
-69.55
-59.08
-76.93
-76.09
-76.22
-83.52
-82.18
-71.06
-83.5
-89.77
-74.89
-80.3
-73.93
-86.09
-83.83
-74.26
-82.29
-79.91
-84.86
-89.4
-83.69
-85.82
-88.8
-94.43
-77.74
-98.48
-89.36
-94.91
-85.65
-95.99
-93.97
-74.4
-79.9
-80.08
-84.18
-97.31
-75.78
-79.31
-89.92
-86.49
-64.84
-63.46
-75.16
-83.06
-71.67
-86.14
-72.84
-71.62
-72.12
-80.7
-86.74
-91.86
-91.48
-84.87
-109.37
-86.25
-87.15
-105.31
-100.93
-95.22
-80.4
-89.74
-104.11
-89.53
-92.39
-97.97
-101.36
