-132.93
-130.47
-126.71
-125.74
-123.64
-129.06
-131.77
-125.96
-110.91
-113.56
-117.33
-107.59
-118.99
-126.39
-124.24
-124.95
-122.97
-128.49
-129.28
-123.48
-128.1
-123.85
-127.34
-113.23
-126.15
-121.18
-127.43
-123.15
-121.08
-128.07
-128.09
-125.45
-119.27
-113.11
-124.55
-121.71
-127.41
-114.26
-122.48
-120.37
-130.25
-122.63
-124.7
-124.26
-128.33
-122.44
-126.56
-127.55
-121.22
-124.62
-119.87
-111.21
-111.58
-118.32
-117.5
-109.73
-123.99
-113.98
-121.32
-114.75
-131.35
-134.03
-118.68
-123.93
-130.67
-124.01
-121.92
-124.94
-118.24
-120.18
-120.53
-123.94
-120.41
-117.89
-121.52
-115.54
-114.32
-104.98
-117.95
-123.04
-118.96
-119.76
-114.1
-119.84
-119.57
-123.16
-119.71
-124.63
-107.52
-119.02
-121.4
-120.05
-117.89
-119.66
-129.04
-131.95
-121.68
-129.94
-120.89
-135.62
-122.71
-124.48
-130.14
-127.99
-124.84
-129.77
-117.86
-131.4
-129.91
-122.04
-109.22
-125.24
-122.95
-118.01
-125.54
-118.17
-116.69
-121.33
-114.86
-129.52
-118.37
-117.77
-111.81
-109.21
-113.74
-112.95
-109.58
-111.21
-115.76
-119.54
-117.78
-121.29
-118.36
-129.39
-121.54
-114.16
-121.84
-120.11
-107.17
-115.92
-121.5
-125.2
-123.44
-123.78
-126.23
-118.37
-119.28
-110.1
-120.04
-119.69
-119.75
-124.24
-124.33
-118.97
-116.64
-119.03
-114.34
-114.78
-110.62
-102.78
-111.95
-113.13
-109.96
-100.42
-109.04
-108.56
-113.55
-110.17
-98.36
-104.68
-103.77
-106.23
-104.17
-107.92
-106.67
-100.34
-103.43
-114.0
-117.96
-110.83
-104.43
-111.95
-109.21
-107.78
-116.61
-106.99
-108.1
-121.0
-122.08
-124.38
-120.18
-116.53
-124.19
-119.65
-115.17
-116.92
-121.59
-114.92
-111.03
-118.4
-109.17
-115.07
-102.06
-105.9
-120.15
-123.42
-110.54
-113.11
-106.96
-112.35
-124.56
-119.46
-111.66
-117.71
-111.82
-123.61
-119.48
-107.27
-109.06
-109.23
-106.12
-113.69
-112.15
-110.48
-111.09
-113.25
-116.55
-108.8
-118.17
-104.99
-121.8
-117.11
-115.29
-120.65
-99.64
-112.81
-99.8
-109.93
-112.42
-107.27
-120.15
-107.56
-104.19
-113.12
-114.89
-121.95
-113.46
-112.7
-106.09
-106.31
-111.16
-117.84
-117.71
-103.22
-110.19
-112.84
-111.79
-110.54
-123.02
-114.93
-110.98
-113.56
-114.11
-117.89
-108.42
-107.92
-116.33
-114.64
-108.03
-114.35
-113.66
-128.1
-122.81
-114.06
-109.27
-119.14
-118.24
-117.79
-123.62
-115.57
-117.62
-124.45
-127.46
-121.74
-117.11
-119.54
-116.6
-110.13
-113.25
-125.66
-124.81
-125.3
-132.21
-121.37
-116.16
-120.83
-127.42
-127.24
-133.59
-126.04
-116.58
-120.03
-133.81
-119.86
-111.09
-117.36
-124.51
-119.34
-112.39
-116.7
-122.64
-115.96
-120.54
-114.48
-111.29
-112.92
-122.49
-115.6
-125.05
-113.85
-117.2
-115.65
-113.89
-109.94
-116.11
-114.66
-124.15
-122.54
-115.85
-108.22
-112.49
-115.89
-117.14
-108.55
-109.8
-114.93
-106.32
-121.61
-116.27
-109.69
-120.94
-117.27
-113.47
-113.72
-109.79
-106.63
-119.51
-117.45
-107.99
-112.67
-110.8
-111.84
-105.43
-115.62
-108.22
-115.2
-113.47
-103.96
-108.61
-114.5
-106.91
-118.28
-113.44
-116.46
-114.46
-107.39
-121.33
-121.3
-110.04
-107.38
-115.19
-107.94
-121.73
-107.51
-111.82
-113.67
-120.26
-116.22
-114.58
-116.87
-107.47
-111.94
-111.56
-113.11
-107.08
-104.58
-120.78
-129.1
-126.7
-124.89
-126.32
-127.85
-129.61
-121.19
-116.99
-119.17
-119.06
-122.86
-129.14
-123.12
-124.13
-128.61
-123.0
-123.31
-129.29
-130.89
-127.71
-132.04
-122.7
-109.29
-123.59
-124.27
-118.22
-123.7
-126.19
-123.19
-124.03
-124.36
-119.7
-114.5
-125.72
-110.42
-110.84
-111.63
-115.17
-111.58
-115.06
-118.35
-116.79
-118.31
-114.99
-107.47
-105.39
-103.7
-111.28
-105.49
-106.46
-113.42
-109.23
-117.31
-108.75
-109.05
-102.62
-102.52
-113.55
-98.67
-98.89
-113.48
-115.47
-122.6
-110.95
