-127.88
-131.09
-129.84
-138.6
-126.28
-114.14
-151.07
-132.65
-139.07
-123.63
-135.19
-149.74
-128.59
-143.51
-127.05
-128.41
-131.06
-126.92
-117.24
-136.47
-122.04
-131.38
-138.22
-133.06
-135.81
-130.15
-124.35
-116.2
-137.65
-126.94
-151.96
-148.37
-135.81
-128.09
-137.42
-123.82
-138.65
-135.17
-129.6
-121.02
-127.54
-150.46
-138.61
-126.65
-142.84
-144.66
-144.64
-131.2
-135.27
-139.51
-151.93
-151.62
-151.91
-134.86
-147.7
-155.06
-135.98
-140.88
-150.42
-136.89
-138.62
-149.64
-146.62
-133.87
-138.77
-138.03
-113.99
-129.17
-129.6
-120.9
-130.33
-124.92
-125.68
-112.44
-118.94
-120.02
-126.54
-113.37
-139.37
-137.18
-136.78
-127.09
-132.49
-136.96
-130.99
-124.79
-135.32
-137.3
-132.56
-126.21
-119.26
-132.74
-127.95
-130.6
-144.66
-140.84
-126.22
-121.47
-135.44
-130.24
-133.13
-137.53
-139.14
-135.51
-130.07
-131.0
-125.26
-129.66
-126.32
-114.85
-119.1
-122.68
-120.21
-114.9
-115.03
-117.19
-133.15
-114.22
-107.68
-118.47
-115.62
-121.6
-117.03
-118.24
-127.61
-115.89
-121.65
-128.74
-125.94
-127.27
-124.67
-115.15
-116.26
-120.66
-127.16
-118.62
-123.15
-125.01
-117.58
-117.76
-134.86
-136.97
-139.38
-140.57
-120.3
-132.36
-129.49
-122.04
-138.71
-129.87
