-0.631
-0.808
-0.627
-0.651
-0.795
-0.73
-0.442
-0.651
-0.46
-0.661
-0.649
-0.566
-0.5
-0.583
-0.466
-0.505
-0.459
-0.663
-0.648
-0.728
-0.851
-0.416
-0.691
-0.653
-0.603
-0.649
-0.367
-0.659
-0.723
-0.607
-0.68
-0.532
-0.526
-0.522
-0.737
-0.729
-0.466
-0.578
-0.466
-0.402
-0.61
-0.551
-0.615
-0.55
-0.717
-0.713
-0.536
-0.604
-0.452
-0.787
-0.529
-0.456
-0.463
-0.538
-0.466
-0.386
-0.839
-0.515
-0.514
-0.589
-0.59
-0.67
-0.529
-0.433
-0.537
-0.572
-0.499
-0.547
-0.45
-0.666
-0.523
-0.641
-0.733
-0.365
-0.551
-0.408
-0.518
-0.521
-0.427
-0.619
-0.668
-0.548
-0.519
-0.333
-0.555
-0.636
-0.531
-0.573
-0.545
-0.606
-0.647
-0.622
-0.633
-0.61
-0.558
-0.519
-0.624
-0.648
-0.595
-0.628
-0.682
-0.519
-0.708
-0.607
-0.583
-0.538
-0.53
-0.511
-0.437
-0.443
-0.475
-0.489
-0.57
-0.419
-0.144
-0.513
-0.296
-0.409
-0.47
-0.558
-0.462
-0.496
-0.514
-0.539
-0.461
-0.427
-0.432
-0.466
-0.619
-0.664
-0.569
-0.668
-0.503
-0.386
-0.542
-0.511
-0.804
-0.51
-0.476
-0.522
-0.497
-0.479
-0.427
-0.531
-0.434
-0.549
-0.36
-0.314
-0.369
-0.359
-0.435
-0.548
-0.387
-0.481
-0.416
-0.411
-0.385
-0.325
-0.447
-0.426
-0.591
-0.647
-0.58
-0.361
-0.495
-0.431
-0.641
-0.562
-0.437
-0.511
-0.549
-0.527
-0.58
-0.505
-0.519
-0.479
-0.399
-0.549
-0.469
-0.573
-0.554
-0.386
-0.556
-0.363
-0.538
-0.462
-0.575
-0.582
-0.404
-0.493
-0.525
-0.398
-0.453
-0.36
-0.394
-0.514
-0.427
-0.486
-0.478
-0.413
-0.531
-0.493
-0.424
-0.421
-0.587
-0.436
-0.456
-0.529
-0.539
-0.446
-0.622
-0.477
-0.627
-0.794
-0.709
-0.593
-0.639
-0.49
-0.607
-0.563
-0.584
-0.528
-0.59
-0.56
-0.485
-0.495
-0.564
-0.457
-0.367
-0.435
-0.413
-0.476
-0.255
-0.361
-0.167
-0.312
-0.303
-0.309
-0.327
-0.402
-0.511
-0.145
-0.39
-0.382
-0.342
-0.485
-0.329
-0.35
-0.308
-0.364
-0.471
-0.516
-0.518
-0.49
-0.503
-0.363
-0.364
-0.369
-0.48
-0.578
-0.515
-0.524
-0.527
-0.494
-0.623
-0.347
-0.526
-0.422
-0.64
-0.657
-0.551
-0.614
-0.601
-0.542
-0.458
-0.596
-0.596
-0.66
-0.637
-0.55
-0.519
-0.585
-0.479
-0.665
-0.561
-0.702
-0.579
-0.493
-0.414
-0.592
-0.725
-0.634
-0.619
-0.399
-0.423
-0.499
-0.458
-0.586
-0.463
-0.489
-0.402
-0.611
-0.465
-0.326
-0.438
-0.369
-0.484
-0.571
-0.553
-0.469
-0.499
-0.477
-0.425
-0.459
-0.5
-0.478
-0.494
-0.486
-0.581
-0.389
-0.329
-0.58
-0.416
-0.489
-0.328
-0.501
-0.604
-0.598
-0.52
-0.491
-0.453
-0.383
-0.632
-0.431
-0.537
-0.494
-0.646
-0.487
-0.517
-0.387
-0.369
-0.393
-0.51
-0.462
-0.379
-0.498
-0.401
-0.482
-0.445
-0.368
-0.433
-0.324
-0.342
-0.28
-0.4
-0.206
-0.649
-0.43
-0.582
-0.442
-0.486
-0.502
-0.424
-0.438
-0.475
-0.419
-0.363
-0.492
-0.324
-0.562
-0.506
-0.563
-0.536
-0.416
-0.379
-0.505
-0.498
-0.485
-0.464
-0.485
-0.563
-0.364
-0.415
-0.486
-0.344
-0.409
-0.609
-0.495
-0.469
-0.483
-0.551
-0.616
-0.416
-0.458
-0.407
-0.507
-0.51
-0.459
-0.522
-0.571
-0.424
-0.512
-0.58
-0.464
-0.561
-0.515
-0.486
-0.435
-0.315
-0.292
-0.454
-0.386
-0.53
-0.406
-0.362
-0.248
-0.46
-0.478
-0.48
-0.442
-0.431
-0.433
-0.554
-0.524
-0.477
-0.344
-0.463
-0.306
-0.383
-0.584
-0.551
-0.494
-0.567
-0.501
-0.536
-0.599
-0.688
-0.499
-0.532
-0.495
-0.539
-0.397
-0.487
-0.449
-0.669
-0.507
-0.553
-0.372
-0.426
-0.521
-0.51
