-814.17
-805.388
-797.535
-785.955
-821.504
-805.207
-797.222
-776.341
-832.715
-777.309
-708.37
-767.731
-794.759
-783.388
-750.366
-787.05
-805.203
-809.415
-813.77
-775.464
-785.461
-784.344
-786.36
-797.992
-848.77
-718.412
-802.438
-798.078
-758.865
-783.571
-796.8
-794.965
-762.568
-772.668
-751.186
-788.333
-762.911
-742.941
-773.079
-746.957
-839.64
-789.656
-797.853
-811.265
-802.963
-817.996
-831.113
-803.548
-822.933
-798.602
-759.955
-735.172
-703.025
-796.372
-745.066
-673.656
-773.271
-721.397
-741.537
-765.475
-782.999
-755.928
-708.38
-774.476
-727.696
-687.316
-760.056
-760.034
-692.829
-762.779
-741.628
-757.572
-805.12
-708.872
-737.419
-745.758
-709.054
-695.933
-719.149
-723.873
-763.736
-734.17
-773.062
-699.292
-738.209
-730.346
-758.713
-729.138
-697.644
-720.41
-687.131
-805.152
-745.662
-750.586
-763.158
-828.163
-802.079
-814.449
-738.813
-772.375
-761.762
-771.383
-817.733
-779.659
-805.24
-766.174
-774.456
-801.776
-759.092
-713.271
-800.623
-763.391
-780.146
-715.577
-723.577
-704.366
-699.417
-696.916
-759.968
-676.789
-694.66
-709.582
-733.241
-643.899
-695.555
-654.633
-680.361
-686.6
-734.921
-702.457
-728.213
-737.977
-693.643
-731.369
-701.781
-718.597
-715.72
-724.128
-741.391
-666.598
-711.513
-725.422
-702.141
-723.695
-683.173
-704.639
-700.204
-710.317
-740.035
-691.968
-682.553
-743.497
-771.543
-697.041
-726.832
-725.822
-739.385
-703.606
-715.543
-639.029
-676.218
-697.49
-662.222
-690.427
-684.97
-685.741
-677.54
-712.356
-611.765
-693.753
-626.222
-694.735
-694.95
-670.951
-674.109
-719.651
-685.449
-701.071
-693.439
-668.266
-704.264
-645.598
-684.484
-703.057
-684.965
-698.429
-669.125
-720.236
-706.104
-730.074
-726.762
-750.678
-753.815
-672.501
-675.868
-701.883
-714.474
-720.626
-712.225
-729.979
-668.337
-661.587
-662.472
-657.319
-720.885
-692.143
-720.905
-699.573
-667.2
-715.115
-753.082
-693.344
-718.342
-785.236
-735.808
-793.982
-738.663
-692.494
-703.863
-684.018
-712.224
-687.87
-691.357
-629.512
-740.59
-737.49
-679.79
-722.94
-680.649
-665.654
-704.093
-647.441
-649.222
-595.396
-603.845
-643.213
-640.4
-660.592
-609.891
-671.018
-721.527
-630.396
-644.979
-697.292
-742.6
-708.085
-690.764
-659.816
-666.299
-659.193
-661.757
-695.054
-686.262
-631.756
-696.53
-691.946
-709.396
-677.062
-686.656
-712.922
-654.956
-730.4
-675.73
-684.747
-683.506
-672.06
-684.184
-676.59
-704.869
-725.006
-633.433
-743.832
-708.718
-709.271
-725.825
-729.891
-725.742
-696.6
-735.545
-701.134
-717.613
-668.713
-703.327
-739.905
-672.292
-727.282
-687.486
-678.036
-697.827
-751.05
-752.167
-727.782
-774.758
-714.195
-741.151
-695.981
-707.267
-717.37
-757.852
-716.353
-768.887
-688.574
-765.788
-709.013
-703.049
-668.447
-708.281
-747.404
-709.054
-670.011
-711.948
-649.166
-663.909
-668.328
-727.306
-685.553
-718.092
-689.938
-713.055
-740.333
-649.987
-659.794
-676.498
-685.732
-722.603
-736.276
-725.613
-729.248
-661.856
-710.595
-661.844
-676.945
-660.68
-627.676
-661.685
-704.445
-639.374
-691.853
-693.083
-691.47
-674.64
-678.612
-671.513
-658.41
-649.806
-605.487
-640.05
-675.699
-670.023
-650.308
-651.946
-605.966
-650.103
-632.571
-692.773
-688.952
-703.014
-626.461
-656.839
-720.08
-666.591
-718.476
-674.355
-721.775
-715.226
-698.724
-639.277
-721.753
-612.611
-625.778
-625.363
-655.912
-681.224
-692.585
-665.718
-675.996
-676.614
-672.503
-688.331
-687.889
-713.448
-715.497
-692.228
-686.259
-671.893
-695.146
-718.698
-702.485
-746.298
-749.917
-646.614
-723.525
-725.086
-678.044
-712.094
-723.342
-713.637
-702.549
-694.826
-683.239
-763.254
-752.674
-706.578
-756.433
-791.168
-782.668
-769.291
-824.039
-760.662
-714.798
-763.05
-705.289
-710.588
-747.197
-745.723
-756.776
-722.821
-747.87
-669.08
-717.12
-701.804
-725.019
-696.241
-647.436
-685.971
-653.556
-744.086
-709.113
-682.691
-680.932
-717.215
-692.785
-714.796
-705.55
-664.74
-659.672
-653.89
-697.031
-717.933
-710.482
-647.726
-675.958
-662.677
-680.568
-674.111
-664.639
-690.304
-669.125
-722.987
-722.233
-732.249
