-0.937
-0.985
-0.863
-0.836
-0.694
-0.819
-0.867
-0.96
-0.735
-0.793
-0.936
-1.011
-0.891
-0.95
-0.893
-0.822
-0.795
-0.915
-0.658
-0.586
-0.963
-0.64
-0.91
-0.882
-0.602
-0.588
-0.652
-0.779
-0.584
-0.815
-0.733
-0.824
-0.783
-0.635
-0.844
-0.761
-0.815
-0.761
-0.699
-0.906
-0.745
-0.766
-0.714
-0.749
-0.762
-0.855
-0.601
-0.82
-0.901
-0.782
-0.742
-0.962
-0.91
-0.794
-0.735
-0.879
-0.671
-0.679
-0.832
-0.782
-0.828
-0.765
-0.741
-0.761
-0.827
-0.934
-0.638
-0.578
-0.76
-0.786
-0.939
-0.682
-0.675
-0.745
-0.804
-0.803
-0.632
-0.681
-0.817
-0.635
-0.734
-0.741
-0.668
-0.75
-0.691
-0.755
-0.726
-0.692
-0.715
-0.899
-0.686
-0.965
-0.734
-0.769
-0.868
-0.598
-0.637
-0.798
-0.675
-0.796
-0.644
-0.563
-0.828
-0.645
-0.832
-0.848
-0.879
-0.963
-0.713
-0.795
-0.739
-0.751
-0.71
-0.852
-0.718
-0.643
-0.859
-0.874
-0.94
-0.785
-0.757
-0.741
-0.857
-0.807
-0.735
-0.576
-0.635
-0.628
-0.808
-0.731
-0.673
-0.701
-0.615
-0.665
-0.784
-0.478
-0.829
-0.674
-0.829
-0.569
-0.999
-0.796
-0.689
-0.652
-0.75
-0.761
-0.821
-0.751
-0.713
-0.724
-0.687
-0.818
-0.761
-0.643
-0.879
-0.654
-0.741
-0.649
-0.825
-0.81
-0.86
-0.615
-0.733
-0.881
-0.551
-0.829
-0.637
-0.863
-0.803
-0.635
-0.865
-0.757
-0.677
-0.538
-0.634
-0.732
-0.695
-0.704
-0.799
-0.947
-0.902
-0.898
-0.8
-0.821
-0.918
-0.922
-0.745
-0.871
-0.914
-0.803
-0.753
-0.678
-0.766
-0.751
-0.843
-0.781
-0.848
-0.918
-0.817
-0.682
-0.786
-0.629
-0.592
-0.818
-0.716
-0.974
-0.723
-0.753
-0.771
-0.753
-0.843
-0.746
-0.824
-0.725
-0.775
-0.816
-0.744
-0.875
-0.69
-0.626
-0.951
-0.715
-0.792
-0.556
-0.798
-0.692
-0.917
-0.612
-0.742
-0.811
-0.789
-0.779
-0.734
-0.74
-0.693
-0.897
-0.908
-0.643
-0.752
-0.818
-0.934
-0.902
-0.884
-0.906
-0.624
-0.716
-0.821
-0.662
-0.812
-0.691
-0.621
-0.864
-0.563
-0.659
-0.613
-0.638
-0.684
-0.735
-0.612
-0.837
-0.814
-0.775
-0.781
-0.609
-0.52
-0.598
-0.532
-0.445
-0.652
-0.765
-0.563
-0.84
-1.074
-0.911
-0.707
-0.837
-0.792
-0.777
-0.596
-0.742
-0.622
-0.816
-0.727
-0.596
-0.649
-0.723
-0.863
-0.576
-0.704
-0.729
-0.556
-0.695
-0.78
-0.477
-0.591
-0.753
-0.804
-0.553
-0.644
-0.51
-0.655
-0.681
-0.835
-0.813
-0.555
-0.771
-0.659
-0.513
-0.535
-0.443
-0.466
-0.845
-0.72
-0.425
-0.842
-0.504
-0.552
-0.71
-0.65
-0.654
-0.86
-0.799
-0.773
-0.704
-0.661
-0.701
-0.702
-0.672
-0.524
-0.782
-0.602
-0.556
-0.729
-0.678
-0.45
-0.552
-0.712
-0.699
-0.603
-0.712
-0.495
-0.713
-0.636
-0.577
-0.634
-0.678
-0.566
-0.626
-0.686
-0.594
-0.66
-0.506
-0.65
-0.727
-0.651
-0.654
-0.783
-0.815
-0.602
-0.765
-0.656
-0.77
-0.805
-0.872
-0.727
-1.063
-0.941
-0.762
-0.597
-0.5
-0.561
-0.732
-0.642
-0.591
-0.818
-0.546
-0.658
-0.672
-0.804
-0.508
-0.513
-0.454
-0.703
-0.737
-0.494
-0.537
-0.544
-0.453
-0.654
-0.526
-0.557
-0.776
-0.727
-0.711
-0.622
-0.509
-0.514
-0.761
-0.894
-0.768
-0.779
-0.803
-0.78
-0.622
-0.767
-0.799
-0.735
-0.873
-0.718
-0.803
-0.876
-0.78
-0.879
-0.948
-0.898
-0.668
-0.811
-0.923
-0.71
-0.883
-0.682
-0.734
-0.754
-0.784
-0.656
-0.67
-0.67
-0.926
-0.621
-0.895
-0.71
-0.768
-0.785
-0.676
-0.782
-0.842
-0.947
-0.868
-0.735
-0.812
-0.808
-0.557
-0.712
-0.795
-0.66
-0.648
-0.676
-0.796
-0.71
-0.597
-0.751
