-885.248
-849.107
-837.985
-882.255
-825.279
-777.281
-813.572
-833.351
-806.734
-817.657
-813.786
-828.586
-853.262
-857.366
-809.446
-764.459
-837.578
-836.598
-756.09
-778.709
-790.456
-776.025
-820.363
-753.39
-799.485
-752.607
-757.841
-807.349
-731.341
-766.236
-799.665
-800.201
-779.653
-756.814
-776.852
-759.831
-776.054
-789.768
-779.086
-798.581
-795.049
-807.008
-757.284
-782.114
-832.113
-850.542
-789.084
-824.56
-799.812
-804.458
-828.403
-802.682
-797.659
-791.856
-822.724
-815.189
-835.64
-809.137
-851.104
-845.425
-808.017
-804.637
-809.868
-815.753
-860.606
-823.292
-826.376
-815.013
-832.56
-827.846
-825.9
-800.06
-847.439
-830.136
-862.277
-825.501
-813.841
-843.559
-816.418
-751.865
-766.104
-779.444
-759.975
-757.102
-745.153
-790.581
-767.464
-687.793
-747.762
-758.972
-767.988
-769.986
-742.069
-714.076
-757.526
-767.955
-716.82
-719.786
-772.861
-797.249
-795.615
-772.238
-782.965
-743.253
-715.454
-795.488
-798.838
-798.834
-780.347
-814.016
-776.231
-694.984
-732.741
-779.937
-794.824
-754.953
-778.433
-779.288
-810.3
-737.425
-764.658
-742.664
-813.367
-825.179
-827.505
-781.482
-740.019
-794.06
-718.727
-749.58
-794.757
-759.15
-714.638
-797.735
-786.871
-775.42
-810.344
-808.295
-784.424
-798.959
-816.444
-810.5
-810.095
-812.331
-757.902
-791.307
-805.677
-828.19
-777.024
-779.392
-744.694
-822.324
-816.395
-831.942
-798.819
-802.808
-742.815
-791.621
-760.017
-742.856
-792.916
-797.172
-767.558
-729.723
-772.462
-809.722
-812.132
-724.681
-843.461
-760.467
-803.437
-801.137
-756.7
-778.157
-788.085
-803.778
-764.272
-813.601
-798.886
-807.859
-780.67
-785.259
-807.459
-815.438
-816.448
-800.769
-798.502
-811.027
-811.542
-792.422
-770.758
-737.087
-760.286
-783.387
-795.411
-721.679
-721.001
-795.583
-757.939
-754.994
-716.288
-736.275
-740.221
-743.325
-729.449
-739.84
-823.479
-731.11
-786.46
-774.352
-735.926
-741.306
-759.762
-714.783
-761.186
-775.397
-707.484
-774.533
-777.887
-774.942
-808.071
-792.36
-799.826
-712.529
-738.591
-733.137
-751.748
-683.96
-745.659
-779.724
-770.384
-805.053
-740.811
-768.477
-766.22
-775.579
-766.432
-754.338
-815.121
-792.487
-806.152
-743.946
-849.511
-771.081
-805.891
-822.74
-796.253
-759.821
-783.765
-747.867
-816.016
-830.631
-796.901
-758.562
-766.925
-758.946
-761.736
-755.297
-751.988
-813.082
-792.475
-792.078
-756.336
-775.731
-737.748
-722.614
-730.243
-689.584
-723.234
-775.999
-749.851
-785.763
-797.094
-808.628
-799.731
-784.865
-770.277
-792.893
-800.531
-768.817
-777.048
-774.787
-797.566
-727.619
-777.892
-772.148
-786.817
-783.611
-826.89
-766.28
-749.701
-781.358
-797.532
-800.165
-789.641
-753.814
-803.465
-808.774
-790.356
-702.387
-720.235
-761.554
-778.33
-764.194
-789.498
-720.091
-772.859
-777.227
-756.3
-716.825
-775.458
-818.316
-775.719
-819.906
-786.795
-823.841
-829.669
-804.798
-830.16
-793.959
-795.883
-823.866
-813.041
-796.902
-832.263
-815.992
-796.031
-735.307
-777.719
-756.758
-767.011
-757.749
-722.146
-762.933
-757.027
-698.238
-737.784
-755.634
-746.413
-809.737
-767.124
-775.767
-727.861
-781.29
-742.056
-751.692
-775.927
-726.138
-774.637
-797.345
-789.573
-783.056
-765.961
-752.311
-753.898
-778.889
-809.363
-806.797
-758.475
-854.57
-771.042
-717.258
-781.7
-770.747
-760.936
-756.738
-757.823
-736.31
-753.246
-728.65
-703.398
-752.405
-739.867
-701.038
-702.996
-702.775
-706.095
-740.171
-741.369
-753.995
-725.16
-772.494
-758.595
-730.621
-737.663
-735.869
-717.556
-702.986
-750.074
-694.952
-725.194
-758.212
-710.791
-677.535
-724.003
-702.297
-711.535
-772.747
-770.165
-766.216
-825.449
-771.35
-810.959
-754.8
-799.984
-775.159
-794.091
-839.67
-804.685
-785.954
-790.441
-808.271
-787.833
-832.735
-820.742
-839.797
-854.12
-889.255
-783.593
-773.514
-788.947
-798.273
-796.426
-788.428
-773.285
-814.083
-804.165
-793.296
-764.731
-821.096
-792.817
-808.939
-817.396
-767.863
-770.747
-854.719
-827.696
-846.643
-870.262
-808.51
-863.201
-889.309
-806.955
-805.741
-804.87
-815.591
-766.283
-808.338
-817.426
-790.665
-787.77
