-133.47
-126.69
-124.03
-118.87
-129.14
-123.71
-137.9
-136.6
-129.1
-117.7
-126.36
-127.25
-124.42
-126.34
-144.51
-127.53
-130.05
-116.07
-124.65
-121.8
-125.74
-130.43
-128.5
-124.06
-129.62
-122.51
-121.84
-124.11
-117.97
-110.06
-101.92
-108.49
-117.35
-102.97
-113.07
-123.4
-125.58
-101.77
-115.69
-105.09
-120.76
-126.13
-113.82
-114.81
-120.04
-123.72
-113.32
-115.59
-121.37
-123.34
-127.65
-126.31
-113.42
-109.55
-108.27
-122.9
-117.85
-134.92
-134.36
-125.72
-116.33
-100.79
-119.07
-109.87
-127.76
-111.09
-101.44
-118.13
-122.31
-114.69
-119.38
-124.63
-124.22
-117.66
-129.48
-114.66
-110.05
-103.23
-125.04
-115.45
-121.89
-114.56
-114.26
-120.49
-121.31
-118.25
-129.58
-123.28
-125.76
-122.15
-123.96
-134.84
-109.3
-109.8
-115.28
-120.74
-135.43
-130.48
-106.67
-119.5
-105.72
-113.33
-118.91
-133.1
-116.01
-117.6
-115.52
-120.52
-120.83
-119.91
-110.82
-117.52
-110.48
-102.82
-112.3
-118.15
-115.92
-100.09
-131.22
-113.53
-121.02
-117.19
-99.88
-116.82
-103.57
-118.36
-113.41
-122.81
-108.09
-120.98
-127.25
-117.56
-122.53
-130.34
-124.52
-118.62
-123.2
-116.13
-114.04
-118.03
-113.93
-106.57
-123.11
-107.82
-113.53
-112.67
-114.67
-125.47
-102.01
-100.09
