-114.99
-120.5
-126.77
-107.62
-126.08
-125.15
-118.13
-116.47
-119.79
-119.46
-121.18
-122.21
-119.83
-125.51
-116.15
-121.24
-111.61
-118.09
-119.54
-121.09
-116.36
-124.85
-115.68
-108.29
-114.56
-118.77
-119.77
-108.83
-114.08
-111.51
-113.91
-109.56
-115.57
-107.2
-110.61
-114.05
-119.92
-116.12
-112.32
-117.57
-118.34
-119.01
-112.16
-115.66
-114.68
-115.19
-122.12
-125.06
-117.73
-119.21
-121.99
-121.83
-116.02
-110.91
-108.53
-129.1
-116.8
-100.64
-105.91
-106.92
-103.41
-104.74
-111.94
-107.39
-102.7
-121.04
-110.28
-111.44
-116.0
-101.74
-107.38
-115.78
-106.97
-110.2
-114.36
-118.24
-108.65
-111.54
-106.03
-102.55
-103.74
-106.34
-100.46
-96.0
-101.9
-102.19
-102.91
-90.58
-103.92
-107.02
-111.88
-113.26
-97.66
-100.43
-108.03
-111.79
-103.36
-109.47
-96.48
-104.56
-116.18
-110.31
-107.82
-102.72
-104.85
-105.91
-113.91
-113.26
-111.97
-109.59
-96.18
-98.6
-101.31
-101.3
-116.34
-107.58
-103.88
-108.02
-111.45
-97.99
-93.17
-105.66
-109.0
-106.31
-113.72
-110.91
-110.59
-112.61
-100.94
-90.74
-108.01
-113.74
-109.78
-105.13
-104.64
-100.56
-104.76
-113.94
-111.61
-109.49
-112.59
-121.25
-112.88
-97.32
-107.32
-102.55
-112.75
-111.6
-103.55
-108.1
-100.01
-105.81
-106.22
-108.64
-109.99
-115.9
-114.25
-111.37
-116.84
-115.68
-113.3
-97.88
-108.79
-108.85
-111.04
-105.35
-102.72
-97.58
-109.4
-98.66
-101.42
-91.71
-107.66
-88.33
-97.39
-99.02
-94.88
-105.57
-107.29
-111.24
-98.48
-93.97
-103.41
-101.24
-105.29
-110.42
-110.0
-110.99
-110.83
-101.39
-105.86
-101.91
-98.86
-94.95
-95.93
-100.49
-109.1
-103.56
-105.79
-101.31
-100.08
-93.65
-102.23
-108.56
-90.13
-107.89
-99.3
-95.37
-99.4
-101.51
-104.31
-101.62
-102.43
-98.91
-102.74
-106.59
-96.81
-96.78
-94.39
-108.81
-103.46
-104.05
-114.09
-103.68
-99.39
-101.93
-93.73
-97.36
-111.0
-96.24
-100.48
-101.82
-103.42
-93.3
-102.9
-115.59
-98.8
-104.35
-114.5
-119.02
-108.23
-111.8
-111.03
-118.16
-108.17
-112.32
-120.34
-122.03
-115.14
-111.77
-102.36
-111.52
-101.7
-98.65
-96.1
-104.11
-102.21
-116.41
-110.87
-112.11
-107.11
-121.71
-108.72
-116.59
-100.84
-104.21
-102.16
-82.58
-94.64
-98.98
-111.28
-105.38
-117.63
-107.27
-112.98
-105.62
-103.38
-104.24
-107.54
-104.8
-108.92
-96.69
-112.13
-106.39
-116.28
-99.6
-101.4
-114.69
-109.69
-103.46
-114.17
-101.72
-104.25
-99.86
-107.99
-117.49
-107.94
-105.96
-96.95
-107.27
-106.15
-104.33
-105.38
-109.77
-102.54
-111.8
-117.53
-106.81
-106.93
-102.78
-112.0
-117.33
-101.76
-106.63
-113.69
-108.4
-116.43
-107.92
-118.09
-122.49
-109.99
-106.19
-115.22
-106.53
-111.46
-116.38
-107.34
-100.22
-112.89
-104.68
-103.55
-95.18
-111.68
-114.15
-102.2
-99.15
-100.85
-98.24
-105.28
-110.66
-113.19
-102.47
-105.72
-111.36
-111.71
-105.25
-106.94
-105.96
-116.93
-108.9
-106.84
-97.95
-108.61
-108.3
-104.81
-105.38
-106.03
-119.88
-102.68
-98.63
-105.09
-98.25
-107.55
-95.76
-108.78
-109.94
-105.25
-110.35
-114.47
-104.7
-104.97
-104.1
-107.4
-102.12
-95.69
-100.24
-101.67
-105.1
-109.51
-93.08
-100.99
-93.08
-111.57
-107.29
-101.03
-85.93
-97.31
-108.98
-113.45
-108.0
-102.32
-109.59
-95.5
-104.53
-111.28
-100.03
-105.88
-113.88
-103.01
-112.55
-115.3
-117.85
-100.02
-108.42
-125.28
-110.76
-122.14
-121.53
-104.19
-120.42
-121.17
-119.52
-109.39
-120.4
-115.25
-118.01
-125.32
-115.38
-114.23
-108.32
-110.04
-112.9
-108.64
-111.32
-116.93
-103.03
-109.53
-122.02
-117.72
-116.74
-121.14
-116.34
-112.87
-109.1
-104.02
-119.68
-113.49
-103.13
-123.02
-118.17
-120.44
-130.0
-108.49
-111.39
-104.13
-109.32
-105.11
-119.93
-105.41
-118.04
-122.88
