-67.83
-68.05
-62.66
-63.39
-65.38
-58.05
-54.47
-42.0
-40.96
-42.7
-39.18
-40.34
-37.3
-42.86
-47.66
-53.04
-48.65
-47.71
-45.22
-48.57
-42.81
-41.74
-39.94
-48.07
-43.24
-35.26
-43.86
-40.19
-47.65
-54.37
-54.11
-54.08
-52.05
-47.92
-33.84
-46.18
-41.11
-50.21
-50.63
-62.12
-48.77
-45.29
-50.69
-56.31
-58.42
-53.14
-57.1
-51.18
-51.58
-38.97
-40.22
-44.76
-44.12
-50.35
-37.21
-54.37
-47.56
-41.01
-53.15
-53.26
-46.79
-47.58
-54.74
-52.97
-52.78
-53.87
-43.67
-48.1
-43.73
-52.3
-54.43
-58.13
-53.3
-57.98
-45.94
-42.81
-52.24
-57.13
-51.05
-57.45
-59.63
-58.34
-53.8
-54.46
-46.78
-55.76
-46.15
-42.04
-40.57
-42.9
-37.83
-38.24
-46.2
-52.92
-57.07
-44.72
-49.26
-53.51
-55.67
-47.32
-45.44
-72.01
-55.44
-62.16
-61.19
-67.57
-62.45
-68.48
-59.62
-64.62
-62.36
-52.39
-46.22
-59.87
-46.54
-63.52
-65.61
-77.06
-65.8
-65.65
-53.04
-74.82
-61.73
-68.3
-58.88
-58.56
-65.72
-81.77
-62.54
-66.72
-65.56
-60.98
-54.37
-61.3
-73.56
-55.77
-53.53
-65.06
-64.85
-58.15
-67.5
-58.1
-64.77
-55.18
-76.92
-59.22
-71.17
-62.15
-65.73
-67.1
