-446.966
-429.063
-414.984
-441.074
-443.716
-481.111
-458.51
-469.12
-476.097
-480.598
-453.84
-490.076
-463.576
-449.512
-460.388
-482.175
-450.166
-511.816
-437.975
-473.286
-427.74
-432.875
-443.021
-491.613
-442.06
-412.127
-439.749
-434.039
-406.747
-424.644
-469.395
-450.71
-461.357
-428.639
-437.024
-486.14
-424.794
-431.979
-435.674
-446.22
-459.308
-458.853
-414.813
-357.518
-403.983
-390.551
-434.642
-449.926
-459.568
-460.806
-464.087
-457.017
-485.417
-447.106
-475.494
-422.101
-378.705
-359.86
-399.651
-364.63
-348.64
-342.885
-348.173
-348.325
-422.719
-415.013
-389.447
-408.947
-391.139
-369.365
-381.85
-367.898
-411.149
-365.613
-380.305
-365.369
-350.801
-325.051
-376.374
-416.828
-396.157
-385.419
-427.176
-386.557
-340.065
-357.539
-350.466
-400.772
-427.497
-412.756
-404.76
-410.82
-433.097
-421.713
-389.972
-400.628
-442.781
-390.448
-396.976
-388.325
-348.058
-379.067
-347.083
-395.561
-322.897
-392.285
-368.969
-403.413
-383.669
-404.112
-404.185
-399.087
-447.047
-418.896
-446.5
-405.526
-373.941
-419.012
-387.122
-409.836
-416.939
-426.617
-415.887
-442.578
-427.378
-412.289
-442.991
-425.456
-446.996
-493.416
-460.192
-448.114
-448.452
-423.483
-445.544
-481.439
-419.119
-425.386
-407.434
-427.656
-337.165
-428.932
-420.9
-510.803
-500.395
-444.795
-460.573
-433.7
-475.189
-444.633
-431.142
-493.923
-436.74
-459.352
-496.415
-537.047
-500.204
-518.736
-440.716
-514.239
-496.423
-437.949
-425.645
-441.261
-438.874
-488.127
-499.59
-537.31
-545.712
-537.748
-516.57
-516.257
-492.442
-453.404
-481.676
-487.463
-541.256
-558.8
-474.993
-522.883
-485.248
-503.954
-484.833
-462.356
-502.739
-455.294
-456.466
-489.63
-493.574
-489.021
-519.915
-493.997
-483.709
-492.86
-515.82
-450.004
-503.052
-482.021
-487.959
-506.39
-490.962
-404.899
-455.966
-486.304
-424.248
-412.289
-439.998
-452.742
-443.386
-483.024
-462.504
-448.117
-473.066
-455.03
-452.311
-437.944
-502.256
-482.517
-456.201
-493.418
-436.401
-447.967
-435.226
-467.598
-476.342
-495.483
-488.959
-466.503
-500.443
-451.517
-507.372
-484.922
-470.214
-482.312
-435.931
-507.203
-491.318
-533.894
-459.725
-496.412
-468.094
-481.633
-456.147
-444.182
-474.66
-485.918
-475.088
-464.408
-449.785
-457.876
-411.981
-400.957
-438.827
-466.249
-429.657
-427.194
-421.915
-443.376
-449.485
-458.314
-429.39
-455.459
-445.592
-461.111
-491.618
-458.283
-452.803
-413.632
-397.757
-451.014
-421.24
-450.271
-507.617
-443.613
-473.528
-493.368
-460.441
-479.816
-484.646
-509.247
-439.711
-475.845
-458.027
-488.01
-500.474
-492.966
-463.188
-507.192
-465.577
-461.988
-521.994
-483.206
-427.945
-476.577
-482.616
-439.915
-447.779
-454.85
-457.684
-454.477
-470.515
-483.768
-445.183
-473.559
-454.389
-424.421
-458.452
-509.138
-444.156
-487.97
-498.251
-512.988
-465.289
-474.946
-498.779
-443.154
-428.411
-475.399
-490.064
-472.159
-481.745
-489.52
-480.378
-448.132
-442.943
-490.69
-440.182
-492.904
-455.022
-473.056
-477.674
-448.125
-494.943
-475.684
-478.682
-500.601
-479.042
-461.008
-496.407
-501.954
-477.071
-459.755
-490.559
-470.224
-448.561
-444.589
-454.258
-415.703
-446.427
-400.797
-396.366
-439.206
-444.69
-394.629
-374.84
-454.763
-405.97
-451.068
-456.444
-440.473
-424.533
-433.219
-441.577
-449.098
-394.395
-405.654
-432.893
-409.93
-428.916
-444.748
-433.911
-454.326
-435.032
-471.113
-450.136
-447.484
-473.625
-457.493
-445.869
-435.568
-449.4
-406.133
-441.332
-405.376
-475.591
-450.449
-455.299
-439.266
-416.168
-428.108
-407.711
-420.575
-446.361
-430.36
-463.308
-400.961
-438.822
-445.369
-440.384
-429.257
-460.804
-440.736
-413.854
-421.208
-398.469
-436.209
-415.097
-424.171
-435.894
-414.601
-435.445
-413.365
-424.708
-452.069
-436.782
-410.744
-413.957
-429.648
-472.735
-411.664
-420.393
-417.777
-412.403
-438.509
-392.31
-422.608
-440.961
-444.228
-413.382
-423.988
-393.547
-426.914
-411.071
-407.977
-398.296
-422.631
-426.399
-414.723
-429.586
-411.19
-427.226
-418.848
-427.475
-395.608
-451.767
-423.578
-452.798
-422.791
-447.723
-420.925
-471.901
-432.012
-470.013
-475.86
-470.8
-456.744
-448.915
-460.437
-483.636
-496.808
-470.114
-496.43
-441.222
-458.117
-465.502
-416.371
-471.147
-423.677
-443.448
-446.641
-435.789
-423.96
-472.32
-465.228
-427.672
-472.125
-453.386
-462.878
-485.901
-441.096
-455.457
-442.3
-441.295
-399.954
-427.649
-477.36
-450.376
-431.861
-471.124
-477.209
-458.968
-478.758
-492.122
-485.161
-485.76
-492.998
-462.091
-469.352
-453.448
-437.845
-437.239
-441.515
-437.078
-405.421
-433.39
-437.452
-451.194
-411.737
-463.476
-461.344
-461.688
-441.147
-457.103
-430.95
-424.774
-414.276
-420.007
-420.385
-466.434
-416.284
-454.842
-442.683
-459.171
-477.48
-456.148
-467.452
-451.585
-477.157
-451.869
-428.549
-414.33
-427.678
-441.899
-473.021
-461.734
-457.244
-459.051
-436.404
-417.103
-450.534
-411.906
-438.676
-449.597
-451.718
-421.097
-439.914
-452.479
-461.749
-439.321
-444.336
-413.652
-410.761
-443.25
-462.989
-461.21
-444.747
-425.158
-421.015
-430.479
-419.415
-421.159
-429.429
-405.423
-449.226
-421.344
-464.266
-463.297
-430.481
-433.464
-410.542
-438.132
-441.35
-392.79
-381.604
-404.06
-460.92
-409.65
-437.939
-402.393
-413.508
-406.394
-423.237
-447.05
-413.748
-406.136
-411.159
-419.731
-396.621
-408.207
-377.631
-415.2
-396.513
-402.954
-417.62
-421.677
-441.025
-401.778
-446.547
-412.459
-429.624
-420.59
-441.335
-424.147
-432.669
-442.184
-421.838
-408.98
-430.224
-405.294
-412.432
-423.651
-444.617
-438.964
-436.152
-404.946
-452.053
-430.85
-432.924
-421.975
-426.837
-437.862
-453.132
-446.483
-448.441
-439.436
-425.168
-419.398
-442.605
-425.628
-445.388
-437.019
-450.355
-427.554
-436.605
-405.946
-437.429
-433.107
-422.322
-421.98
-431.985
-425.291
-421.96
-438.076
-429.128
-423.115
-423.97
-431.551
-417.199
-419.42
-416.082
-439.821
-398.942
-459.738
-412.101
-452.958
-450.745
-425.909
-415.46
-467.586
-446.279
-401.976
-438.601
-450.431
-397.834
-420.927
-413.574
-442.971
-446.796
-457.88
-446.777
-423.129
-432.228
-439.662
-455.166
-449.86
-452.619
-461.026
-428.6
-371.054
-430.896
-432.613
-386.728
-469.583
-384.748
-411.64
-433.156
-413.614
-465.065
-427.632
-469.394
-435.763
-425.07
-416.042
-467.654
-450.608
-453.19
-429.37
-419.241
-416.674
-422.786
-444.871
-449.442
-457.609
-419.025
-417.068
-408.152
-420.456
-395.518
-411.686
-398.897
-412.109
-404.039
-407.309
-421.56
-426.593
-420.71
-412.429
-436.339
-449.836
-422.505
-418.298
-404.199
-436.508
-450.85
-431.625
-452.066
-418.992
-454.948
-443.105
-422.561
-418.883
-431.464
-426.137
-427.286
-432.788
-406.842
-427.478
-438.155
-402.502
-420.045
-449.971
-424.774
-439.465
-439.946
-437.38
-415.261
-424.218
-392.964
-430.649
-418.241
-421.375
-434.876
-441.909
-409.044
-418.907
-416.31
-428.84
-432.085
-448.155
-442.647
-453.849
-461.887
-428.507
-464.568
-469.536
-437.398
-464.002
-442.359
-462.274
-452.697
-454.722
-451.101
-436.634
-410.429
-464.104
-450.587
-440.524
-456.087
-422.519
-451.059
-433.168
-419.567
-407.153
-452.121
-410.397
-434.745
-420.974
-421.601
-425.896
-391.134
-405.799
-435.676
-442.349
-465.392
-466.385
-429.633
-437.154
-424.909
-452.602
-433.766
-442.736
-431.169
-391.367
-424.068
-441.321
-422.798
-399.363
-433.487
-408.7
-433.765
-436.935
-411.567
-461.551
-428.995
-420.072
-444.946
-420.507
-458.433
-458.039
-456.43
-464.016
-440.346
-414.538
-457.895
-450.413
-449.728
-404.436
-446.253
-408.746
-401.206
-418.435
-400.274
-453.26
-408.553
-462.004
-420.331
-410.185
-430.841
-389.278
-404.007
-414.039
-435.403
-429.638
-428.692
-437.283
-426.759
-440.631
-447.485
-443.488
-436.944
-434.107
-419.926
-438.399
-429.225
-384.964
-419.035
-421.569
-478.331
-448.08
-442.955
