-0.23
-0.177
-0.245
-0.206
-0.191
-0.287
-0.188
-0.332
-0.31
-0.274
-0.261
-0.413
-0.33
-0.286
-0.255
-0.2
-0.381
-0.257
-0.231
-0.288
-0.331
-0.284
-0.288
-0.395
-0.378
-0.323
-0.33
-0.43
-0.323
-0.301
-0.248
-0.274
-0.306
-0.184
-0.251
-0.281
-0.269
-0.316
-0.247
-0.213
-0.217
-0.285
-0.242
-0.154
-0.264
-0.318
-0.271
-0.22
-0.432
-0.184
-0.266
-0.257
-0.246
-0.388
-0.259
-0.194
-0.226
-0.144
-0.258
-0.215
-0.278
-0.3
-0.193
-0.133
-0.267
-0.246
-0.325
-0.47
-0.295
-0.236
-0.236
-0.133
-0.161
-0.391
-0.377
-0.192
-0.22
-0.199
-0.287
-0.267
-0.272
-0.207
-0.312
-0.249
-0.323
-0.349
-0.258
-0.305
-0.356
-0.324
-0.205
-0.247
-0.296
-0.327
-0.222
-0.257
-0.279
-0.291
-0.224
-0.239
-0.13
-0.277
-0.329
-0.194
-0.338
-0.28
-0.389
-0.358
-0.4
-0.333
-0.185
-0.218
-0.309
-0.287
-0.23
-0.191
-0.387
-0.3
-0.211
-0.189
-0.248
-0.235
-0.314
-0.273
-0.204
-0.342
-0.186
-0.207
-0.199
-0.317
-0.17
-0.209
-0.192
-0.241
-0.262
-0.372
-0.291
-0.264
-0.342
-0.309
-0.262
-0.268
-0.297
-0.389
-0.304
-0.26
-0.27
-0.154
-0.152
-0.205
-0.232
-0.326
-0.206
-0.161
-0.336
-0.329
-0.217
-0.274
-0.407
-0.35
-0.28
-0.272
-0.31
-0.28
-0.354
-0.332
-0.363
-0.272
-0.286
-0.32
-0.344
-0.344
-0.229
-0.311
-0.297
-0.244
-0.287
-0.168
-0.256
-0.305
-0.299
-0.295
-0.234
-0.102
-0.24
-0.151
-0.261
-0.049
-0.174
-0.101
-0.284
-0.23
-0.255
-0.159
-0.151
-0.239
-0.31
-0.255
-0.203
-0.231
-0.267
-0.244
-0.3
-0.185
-0.158
-0.152
-0.163
-0.247
-0.236
-0.319
-0.284
-0.263
-0.242
-0.208
-0.196
-0.104
-0.079
-0.264
-0.261
-0.213
-0.287
-0.187
-0.234
-0.181
-0.205
-0.183
-0.261
-0.164
-0.341
-0.196
-0.334
-0.183
-0.193
-0.235
-0.166
-0.242
-0.234
-0.36
-0.248
-0.266
-0.254
-0.271
-0.327
-0.299
-0.084
-0.327
-0.344
-0.187
-0.22
-0.16
-0.278
-0.262
-0.303
-0.302
-0.172
-0.204
-0.206
-0.336
-0.216
-0.237
-0.193
-0.186
-0.318
-0.271
-0.26
-0.144
-0.247
-0.396
-0.219
-0.217
-0.193
-0.233
-0.177
-0.257
-0.38
-0.284
-0.229
-0.244
-0.164
-0.257
-0.283
-0.202
-0.292
-0.295
-0.26
-0.219
-0.339
-0.255
-0.17
-0.236
-0.33
-0.331
-0.159
-0.172
-0.264
-0.112
-0.266
-0.205
-0.332
-0.364
-0.312
-0.31
-0.223
-0.249
-0.328
-0.164
-0.34
-0.269
-0.375
-0.267
-0.204
-0.343
-0.328
-0.203
-0.195
-0.262
-0.198
-0.225
-0.234
-0.246
-0.246
-0.247
-0.31
-0.325
-0.32
-0.222
-0.253
-0.176
-0.28
-0.276
-0.298
-0.269
-0.23
-0.332
-0.278
-0.266
-0.126
-0.328
-0.241
-0.299
-0.174
-0.26
-0.297
-0.226
-0.221
-0.16
-0.276
-0.207
-0.312
-0.013
-0.214
-0.182
-0.193
-0.241
-0.227
-0.289
-0.232
-0.313
-0.269
-0.229
-0.248
-0.211
-0.255
-0.15
-0.322
-0.207
-0.194
-0.215
-0.24
-0.346
-0.274
-0.188
-0.382
-0.216
-0.232
-0.242
-0.234
-0.28
-0.296
-0.255
-0.218
-0.272
-0.111
-0.208
-0.293
-0.244
-0.206
-0.261
-0.16
-0.231
-0.247
-0.218
-0.177
-0.089
-0.157
-0.208
-0.255
-0.175
-0.21
-0.167
-0.259
-0.168
-0.155
-0.233
-0.237
-0.182
-0.147
-0.268
-0.169
-0.144
-0.3
-0.218
-0.039
-0.255
-0.169
-0.147
-0.212
-0.255
-0.309
-0.245
-0.155
-0.296
-0.186
-0.187
-0.2
-0.229
-0.17
-0.13
-0.186
-0.253
-0.231
-0.179
-0.167
-0.1
-0.174
-0.23
-0.198
-0.207
-0.152
-0.075
-0.197
-0.228
-0.25
-0.179
-0.374
-0.249
-0.233
-0.253
-0.259
-0.182
-0.305
-0.281
-0.253
-0.307
-0.207
-0.26
-0.242
-0.285
-0.228
-0.162
-0.297
-0.288
-0.261
-0.41
-0.231
-0.313
-0.319
-0.284
-0.29
-0.206
-0.213
-0.181
-0.26
-0.225
-0.246
-0.299
-0.199
-0.314
-0.331
-0.223
-0.227
-0.205
-0.245
-0.177
-0.146
-0.329
-0.234
-0.305
-0.319
-0.311
-0.251
-0.304
-0.288
-0.201
-0.308
-0.214
-0.232
-0.177
-0.212
-0.143
-0.156
-0.178
-0.213
-0.124
-0.089
-0.31
-0.259
-0.243
-0.302
-0.308
-0.326
-0.324
-0.212
-0.419
-0.416
-0.167
-0.295
-0.228
-0.342
-0.315
-0.342
-0.345
-0.32
-0.286
-0.201
-0.261
-0.361
-0.242
-0.313
-0.291
-0.202
-0.205
-0.229
-0.252
-0.134
-0.291
-0.22
-0.268
-0.293
-0.235
-0.167
-0.12
-0.222
-0.381
-0.283
-0.322
-0.356
-0.322
-0.371
-0.324
-0.23
-0.312
-0.292
-0.31
-0.213
-0.327
-0.369
-0.344
-0.216
-0.299
-0.262
-0.248
-0.226
-0.382
-0.283
-0.176
-0.171
-0.285
-0.352
-0.375
-0.358
-0.304
-0.287
-0.269
-0.292
-0.264
-0.321
-0.377
-0.181
-0.253
-0.269
-0.184
-0.272
-0.208
-0.203
-0.341
-0.25
-0.317
-0.198
-0.263
-0.244
-0.248
-0.274
-0.262
-0.308
-0.33
-0.283
-0.24
-0.262
-0.374
-0.37
-0.324
-0.356
-0.318
-0.308
-0.268
-0.289
-0.278
-0.313
-0.369
-0.418
-0.29
-0.283
-0.34
-0.281
-0.339
-0.223
-0.15
-0.166
-0.191
-0.248
-0.206
-0.304
-0.285
-0.191
-0.251
-0.312
-0.329
-0.185
-0.239
-0.254
-0.282
-0.36
-0.35
-0.26
-0.398
-0.304
-0.279
-0.323
-0.363
-0.282
-0.302
-0.259
-0.317
-0.41
-0.339
-0.435
-0.35
-0.32
-0.27
-0.217
-0.278
-0.272
-0.327
-0.209
-0.259
-0.272
-0.273
-0.332
-0.39
-0.294
-0.311
-0.315
-0.385
-0.309
-0.327
-0.403
-0.344
-0.235
-0.405
-0.248
-0.358
-0.275
-0.251
-0.277
-0.332
-0.387
-0.343
-0.262
-0.339
-0.255
-0.204
-0.348
-0.359
-0.289
-0.304
-0.293
-0.37
-0.413
-0.406
-0.322
-0.365
-0.275
-0.263
-0.319
-0.284
-0.434
-0.307
-0.341
-0.333
-0.297
-0.304
-0.242
-0.292
-0.373
-0.327
-0.237
-0.301
-0.328
-0.269
-0.292
-0.32
-0.293
-0.343
-0.318
-0.337
-0.327
-0.195
-0.253
-0.296
-0.339
-0.208
-0.322
-0.256
-0.359
-0.351
-0.358
-0.295
-0.333
-0.277
-0.342
-0.329
-0.382
-0.355
-0.312
-0.364
-0.38
-0.299
-0.248
-0.326
-0.192
-0.332
-0.321
-0.194
-0.247
-0.297
-0.333
-0.315
-0.236
-0.208
-0.221
-0.327
-0.258
-0.144
-0.31
-0.345
-0.308
-0.252
-0.286
-0.286
-0.307
-0.347
-0.339
-0.261
-0.271
-0.19
-0.314
-0.183
-0.388
-0.303
-0.243
-0.203
-0.246
-0.178
-0.307
-0.402
-0.218
-0.235
-0.329
-0.232
-0.362
-0.309
-0.168
-0.28
-0.296
-0.305
-0.387
-0.311
-0.248
-0.22
-0.339
-0.365
-0.392
-0.308
-0.336
-0.381
-0.369
-0.294
-0.247
-0.303
-0.282
-0.317
-0.319
-0.385
-0.315
-0.25
-0.271
-0.403
-0.346
-0.349
-0.29
-0.328
-0.283
-0.271
-0.203
-0.28
-0.255
-0.401
-0.268
-0.315
-0.408
-0.404
-0.303
-0.279
-0.417
-0.345
-0.37
-0.25
-0.191
-0.329
-0.241
-0.331
-0.341
-0.346
-0.265
-0.267
-0.347
-0.254
-0.11
-0.227
-0.337
-0.308
-0.181
-0.292
-0.346
-0.267
-0.332
-0.321
-0.287
-0.204
-0.305
-0.344
-0.28
-0.299
-0.194
-0.247
-0.199
-0.271
-0.269
-0.193
