-60.54
-61.87
-60.74
-57.3
-63.05
-68.39
-61.5
-66.21
-64.84
-63.07
-63.35
-65.82
-68.83
-64.46
-67.17
-68.12
-59.75
-65.81
-57.27
-68.41
-66.49
-62.5
-69.22
-66.43
-63.17
-56.69
-63.44
-65.71
-62.01
-59.02
-66.85
-56.82
-60.04
-61.49
-61.5
-68.88
-64.07
-60.79
-64.64
-66.04
-68.35
-67.06
-62.59
-57.04
-60.43
-63.67
-65.06
-66.55
-67.75
-56.26
-69.01
-62.76
-64.76
-62.45
-66.41
-60.43
-58.89
-48.58
-52.95
-45.32
-47.51
-44.81
-55.96
-53.32
-57.54
-60.69
-58.49
-53.46
-50.56
-57.73
-51.79
-50.5
-51.92
-56.8
-52.76
-53.59
-48.38
-51.61
-51.27
-56.84
-57.24
-50.51
-61.47
-54.82
-50.98
-54.09
-53.0
-47.84
-55.7
-60.83
-53.66
-58.81
-57.44
-61.92
-62.22
-58.19
-61.1
-59.93
-60.53
-53.89
-54.45
-57.42
-54.82
-52.43
-50.29
-60.51
-55.26
-56.07
-58.34
-62.58
-57.93
-56.33
-60.68
-60.95
-56.7
-59.15
-57.28
-55.52
-55.59
-61.48
-58.82
-58.03
-58.15
-62.5
-58.73
-50.69
-58.28
-59.75
-54.58
-58.15
-59.21
-60.19
-54.02
-58.37
-54.45
-56.64
-55.66
-55.01
-52.87
-54.55
-49.35
-54.9
-52.3
-52.39
-58.54
-54.99
-57.0
-54.15
-61.54
-56.76
-57.0
-60.24
-62.6
-64.29
-70.75
-64.46
-67.3
-64.15
-65.55
-66.81
-63.15
-49.14
-56.98
-59.47
-58.71
-63.49
-69.35
-73.86
-64.3
-65.71
-63.54
-73.37
-62.39
-63.44
-63.23
-64.72
-66.23
-75.58
-66.17
-68.23
-63.58
-62.24
-59.48
-67.24
-70.36
-64.34
-67.66
-65.01
-70.99
-58.41
-66.69
-63.16
-59.13
-62.09
-73.02
-60.73
-69.18
-71.82
-67.3
-67.99
-68.68
-62.85
-57.03
-66.61
-62.19
-63.33
-63.68
-69.01
-66.12
-67.7
-63.47
-66.49
-65.38
-60.77
-65.47
-60.85
-66.76
-61.87
-66.45
-65.61
-70.69
-68.89
-56.94
-63.54
-65.92
-63.16
-63.64
-63.27
-69.56
-61.46
-67.0
-59.46
-65.77
-65.66
-57.99
-65.05
-66.93
-71.06
-57.76
-68.0
-66.63
-65.08
-67.39
-64.85
-65.91
-73.42
-55.23
-65.79
-62.28
-66.13
-66.59
-62.35
-62.51
-68.78
-67.86
-62.2
-61.34
-59.52
-67.17
-64.65
-63.34
-63.26
-60.09
-63.72
-60.7
-62.26
-61.72
-65.03
-62.51
-67.15
-69.09
-68.5
-71.75
-64.69
-68.86
-65.94
-66.83
-67.5
-70.24
-64.62
-71.2
-71.13
-68.89
-69.99
-62.31
-65.79
-65.75
-73.33
-65.71
-66.29
-62.94
-61.71
-63.27
-62.69
-61.09
-64.26
-59.53
-64.65
-63.97
-66.76
-60.32
-59.56
-58.89
-61.36
-64.18
-62.02
-61.14
-59.45
-61.95
-64.64
-63.07
-65.09
-64.34
-60.69
-57.98
-62.87
-64.24
-61.25
-59.4
-57.33
-67.49
-69.42
-63.92
-59.23
-63.93
-63.14
-65.48
-61.62
-56.34
-63.21
-58.7
-66.3
-62.59
-58.89
-63.95
-69.24
-66.56
-63.71
-57.08
-63.6
-61.49
-65.4
-63.34
-64.02
-64.48
-61.92
-65.31
-55.85
-62.81
-51.49
-58.42
-60.58
-59.8
-55.67
-62.04
-64.66
-63.67
-60.3
-60.55
-64.02
-65.5
-62.54
-57.04
-64.0
-61.83
-58.29
-61.35
-67.8
-62.43
-65.77
-66.6
-60.3
-59.46
-64.38
-62.53
-58.82
-62.79
-52.7
-57.73
-57.37
-59.21
-57.63
-61.24
-54.29
-55.35
-62.44
-60.98
-58.17
-53.8
-58.5
-53.9
-60.09
-54.62
-63.1
-64.46
-60.37
-61.13
-52.62
-64.4
-63.31
-62.65
-61.93
-63.74
-56.93
-54.83
-53.43
-65.93
-58.43
-58.32
-60.55
-57.54
-60.79
-54.49
-58.17
-46.45
-57.63
-61.32
-56.82
-55.0
-60.98
-59.08
-56.18
-59.72
-59.33
-54.04
-59.89
-60.51
-57.32
-60.27
-57.1
-62.0
-57.64
-58.72
-54.65
-59.36
-60.75
-63.98
-61.6
-55.18
-57.42
-60.93
-58.92
-59.36
-60.26
-55.56
-64.53
-58.11
-60.92
-57.41
-53.05
-60.56
-53.98
-49.56
-57.34
-56.14
-58.58
-57.54
-60.01
-58.71
-57.24
-56.75
-59.89
-60.46
-64.02
-66.44
-59.48
-57.45
-54.57
-62.94
-61.17
-62.54
-57.76
-68.34
-55.51
-63.06
-67.82
-56.9
-62.23
-61.42
-65.45
-64.46
-61.06
-66.45
-62.35
-62.66
-62.66
-59.98
-68.55
-58.99
-59.49
-69.98
-60.2
-64.32
-63.68
-62.06
-67.98
-62.54
-62.31
-61.71
-64.05
-52.88
-67.13
-62.14
-59.7
-66.61
-62.78
-63.69
-59.0
-65.37
-58.39
-58.95
-65.69
-60.89
-59.21
-64.16
-60.9
-63.51
-55.43
-61.58
-60.7
-62.65
-61.8
-59.56
-56.72
-62.42
-65.12
-62.89
-62.43
-63.85
-59.11
-61.8
-61.41
-62.56
-57.44
-66.33
-65.14
-61.9
-58.66
-62.06
-57.72
-61.26
-54.85
-61.72
-59.11
-57.53
-64.37
-64.27
-58.8
-69.91
-60.65
-56.9
-59.26
-60.84
-65.06
-63.56
-56.38
-63.02
-59.47
-61.64
-58.18
-64.01
-63.05
-60.66
-61.4
-55.73
-50.19
-51.02
-61.9
-59.7
-63.41
-57.56
-59.02
-62.52
-59.68
-60.62
-64.16
-62.28
-61.99
-60.2
-61.58
-56.4
-54.83
-53.14
-60.91
-61.91
-57.73
-61.79
-63.33
-61.17
-54.98
-57.6
-53.67
-62.08
-59.04
-59.92
-62.78
-58.67
-64.82
-55.08
-61.5
-59.94
-56.54
-64.08
-61.43
-59.53
-54.94
-54.4
-59.19
-64.09
-63.27
-64.32
-63.4
-58.55
-62.67
-60.22
-60.26
-58.39
-62.5
-56.29
-60.11
-58.49
-60.38
-60.76
-58.09
-59.09
-63.81
-52.45
-61.19
-59.08
-63.58
-59.51
-56.45
-64.52
-56.76
-56.92
-59.83
-59.87
-56.26
-53.07
-53.94
-59.23
-51.03
-63.66
-56.65
-63.14
-68.23
-59.92
-59.69
-59.99
-62.08
-57.47
-64.85
-61.04
-59.82
-62.94
-62.34
-59.73
-55.39
-62.88
-67.98
-62.47
-57.82
-57.01
-62.15
-60.48
-62.29
-63.09
-62.72
-60.36
-63.54
-67.03
-61.28
-63.17
-65.16
-67.61
-60.41
-65.26
-59.38
-54.61
-61.41
-63.71
-55.62
-66.83
-59.8
-57.66
-63.87
-62.27
-59.6
-62.26
-60.16
-61.63
-56.05
-59.15
-57.54
-65.34
-66.48
-63.0
-61.29
-61.85
-63.32
-62.21
-63.91
-59.14
-60.71
-65.84
-64.26
-56.48
-63.69
-63.6
-60.8
-60.47
-65.81
-55.7
-59.44
-56.96
-60.9
-60.48
-63.7
-59.03
-59.49
-57.54
-63.94
-55.2
-53.27
-54.42
-59.08
-60.92
-63.27
-60.61
-63.22
-60.23
-64.09
-67.92
-57.28
-64.54
-54.43
-66.35
-58.59
-60.61
-64.43
-64.13
-63.66
-56.87
-59.55
-63.16
-56.58
-61.17
-57.35
-60.44
-60.25
-63.22
-61.65
-62.47
-56.97
-54.26
-64.26
-62.91
-61.61
-64.12
-60.68
-67.38
-62.77
-64.5
-63.78
-52.98
-61.3
-59.17
-62.7
-61.1
-61.45
-61.71
-67.02
-62.57
-70.18
-57.23
-58.59
-59.07
-57.88
-62.08
-65.73
-65.19
-60.71
-63.24
-61.6
-59.79
-58.97
-51.83
-61.77
-62.22
-59.6
-64.57
-62.02
-63.08
-55.31
-67.01
-59.48
-62.8
-61.15
-64.1
-64.19
-60.21
-61.44
-60.12
-57.88
-57.98
-62.82
-62.09
-64.24
-57.67
-61.0
-58.1
-59.02
-64.89
-66.48
-67.76
-61.19
-67.02
-62.79
-65.29
-69.62
-56.12
-67.22
-61.06
-62.72
-67.16
-61.31
-56.5
-60.87
-58.31
-64.49
-58.21
-64.39
-55.93
-60.34
-65.24
-59.86
-59.33
-61.77
-59.7
-54.39
-62.49
-59.19
-59.59
-63.04
-64.58
-66.7
-61.93
-60.79
-65.27
-62.59
-68.51
-59.09
-64.23
-59.89
-52.49
-69.93
-60.81
-66.79
-58.96
-65.94
