-681.318
-721.659
-658.609
-703.855
-681.066
-710.564
-637.63
-601.534
-643.385
-654.01
-647.761
-642.518
-660.794
-623.041
-643.572
-675.7
-647.23
-630.76
-610.459
-585.964
-630.833
-612.901
-659.745
-608.923
-641.303
-628.726
-591.359
-621.606
-617.315
-667.035
-635.414
-608.5
-645.29
-644.699
-667.453
-615.619
-627.155
-598.736
-641.362
-589.282
-616.88
-577.201
-626.851
-628.052
-654.511
-664.78
-630.353
-640.782
-583.575
-642.521
-681.247
-685.546
-671.372
-603.774
-664.992
-651.79
-617.96
-621.202
-586.067
-637.971
-650.861
-664.344
-593.024
-611.398
-623.778
-645.105
-639.341
-645.464
-628.092
-656.142
-651.565
-625.966
-634.373
-664.778
-667.768
-662.878
-647.741
-703.914
-650.364
-659.19
-684.713
-639.205
-656.698
-657.416
-668.007
-634.763
-656.02
-645.79
-678.36
-694.842
-687.988
-656.859
-646.375
-665.94
-662.472
-620.426
-676.645
-696.519
-642.061
-676.95
-632.842
-720.782
-669.66
-666.779
-681.225
-636.689
-689.189
-669.837
-638.534
-635.118
-632.447
-679.461
-691.295
-679.783
-624.686
-710.042
-674.25
-662.641
-696.674
-685.592
-623.105
-692.623
-661.499
-627.941
-666.6
-641.272
-677.588
-628.505
-640.29
-661.283
-665.71
-661.412
-665.211
-660.164
-663.528
-686.927
-728.222
-670.035
-634.829
-633.188
-631.921
-577.022
-613.711
-564.994
-560.094
-565.638
-590.465
-619.359
-601.11
-618.401
-623.89
-614.29
-589.103
-565.145
-590.388
-568.329
-614.871
-569.432
-617.165
-628.118
-663.103
-629.808
-622.56
-619.195
-693.925
-680.732
-674.506
-610.608
-596.718
-615.342
-602.385
-547.839
-622.138
-599.485
-625.747
-592.464
-572.08
-613.445
-588.028
-577.418
-592.713
-577.177
-646.675
-589.934
-647.422
-622.643
-690.767
-678.257
-702.215
-679.88
-671.672
-608.849
-633.068
-624.723
-580.971
-585.347
-604.132
-637.867
-588.568
-589.944
-578.425
-558.291
-611.753
-576.81
-657.588
-615.114
-597.046
-602.857
-533.347
-589.821
-573.053
-628.614
-651.928
-642.246
-600.658
-713.148
-682.852
-725.3
-662.099
-665.88
-704.609
-669.307
-664.112
-652.001
-677.364
-701.358
-679.722
-717.897
-687.439
-682.407
-711.956
-692.473
-720.873
-690.506
-669.257
-620.81
-666.087
-645.327
-605.093
-585.189
-529.866
-627.143
-642.33
-671.53
-633.423
-632.363
-628.144
-693.313
-698.389
-641.629
-674.565
-637.802
-650.846
-645.465
-640.823
-659.81
-660.869
-654.168
-664.227
-587.537
-625.08
-638.72
-660.07
-656.581
-655.906
-687.361
-738.83
-660.426
-670.268
-660.291
-658.555
-666.019
-665.428
-699.885
-664.743
-690.207
-680.209
-703.32
-661.797
-697.428
-704.648
-710.999
-714.14
-709.92
-665.784
-698.254
-622.871
-572.016
-628.018
-611.169
-641.175
-635.692
-681.31
-668.307
-676.554
-650.004
-653.848
-679.119
-667.248
-646.105
-690.194
-691.497
-592.256
-627.923
-539.21
-664.009
-658.271
-671.018
-673.585
-656.257
-609.38
-645.88
-560.569
-597.092
-656.398
-627.649
-610.705
-629.885
-629.47
-667.298
-692.571
-665.757
-581.805
-615.563
-604.065
-639.105
-613.863
-691.051
-618.955
-595.191
-576.14
-634.309
-600.05
-602.191
-676.938
-627.891
-667.203
-671.913
-631.304
-616.501
-590.777
-613.857
-633.5
-635.1
-667.803
-664.636
-676.848
-634.299
-621.433
-644.772
-612.02
-651.194
-646.224
-637.819
-651.983
-657.873
-589.853
-619.929
-638.837
-686.582
-651.408
-661.99
-636.044
-679.233
-652.566
-671.389
-663.785
-669.549
-664.11
-681.392
-632.354
-646.54
-648.18
-652.18
-665.372
-618.643
-631.164
-617.801
-594.927
-554.075
-603.537
-586.158
-555.96
-617.69
-591.901
-597.399
-631.675
-599.683
-643.251
-621.201
-663.905
-682.117
-635.018
-665.494
-672.996
-637.627
-682.187
-723.958
-666.276
-609.066
-632.076
-664.323
-650.055
-681.325
-684.473
-700.016
-644.807
-596.898
-670.258
-674.493
-663.892
-694.533
-663.356
-679.668
-629.466
-693.209
-654.688
-667.215
-666.251
-639.49
-666.477
-659.483
-685.822
-667.425
-633.279
-632.053
-622.862
-623.758
-660.414
-656.517
-686.576
-668.103
-677.025
-659.332
-685.705
-659.577
-631.08
-654.181
-651.637
-666.162
-657.095
-649.012
-646.981
-646.114
-608.733
-623.858
-667.538
-637.689
-631.035
-635.17
-619.498
