-112.33
-117.74
-103.18
-105.73
-114.74
-97.73
-104.58
-109.71
-94.25
-119.54
-109.8
-110.23
-98.89
-95.86
-107.27
-114.49
-112.68
-116.9
-95.45
-121.68
-123.56
-110.37
-121.63
-118.0
-121.36
-115.53
-123.6
-131.08
-128.45
-113.97
-127.84
-119.65
-121.46
-123.57
-131.2
-122.02
-121.26
-119.52
-135.62
-125.71
-129.58
-132.29
-127.01
-133.14
-122.43
-113.43
-123.66
-123.83
-127.41
-124.99
-116.92
-122.03
-127.37
-119.49
-134.31
-116.7
-136.05
-120.85
-113.42
-128.31
-120.64
-129.02
-126.53
-125.89
-116.98
-119.34
-127.31
-131.36
-125.48
-125.06
-123.09
-134.59
-125.64
-108.8
-124.17
-127.3
-126.35
-111.8
-127.59
-116.85
-113.58
-116.34
-121.18
-119.98
-117.89
-125.01
-123.9
-125.0
-116.87
-122.31
-113.53
-111.07
-111.81
-112.56
-102.43
-107.48
-113.55
-113.99
-104.68
-98.47
-116.84
-113.8
-96.02
-110.88
-121.52
-108.54
-116.64
-109.16
-115.27
-112.61
-118.88
-118.06
-113.81
-106.74
-110.26
-113.26
-103.69
-113.28
-108.97
-121.35
-122.49
-105.45
-127.91
-104.37
-115.97
-116.8
-107.14
-117.72
-121.98
-105.54
-109.7
-116.76
-118.5
-115.33
-125.32
-119.69
-125.57
-131.92
-133.76
-139.54
-113.29
-109.97
-116.4
-116.06
-108.87
-106.63
-114.92
-125.69
-105.92
-97.23
