-113.46
-124.96
-116.01
-120.83
-114.77
-117.47
-104.52
-109.07
-108.98
-117.93
-107.44
-107.91
-110.43
-108.57
-104.83
-106.39
-110.24
-111.48
-96.4
-102.98
-95.43
-99.21
-108.97
-105.65
-110.34
-103.52
-104.31
-99.65
-100.97
-101.74
-104.7
-98.99
-106.92
-113.46
-109.69
-108.88
-108.93
-106.12
-107.17
-112.04
-103.42
-97.49
-102.65
-109.01
-98.16
-103.87
-96.56
-100.48
-93.93
-99.77
-108.45
-105.16
-99.29
-102.72
-106.78
-95.65
-93.24
-106.27
-96.48
-103.53
-101.22
-102.63
-98.27
-91.94
-100.0
-107.18
-101.15
-106.7
-99.48
-118.14
-116.07
-108.12
-119.47
-102.26
-114.1
-108.4
-116.58
-116.14
-118.41
-113.76
-111.48
-115.59
-111.13
-113.65
-115.84
-116.4
-113.86
-112.96
-125.46
-115.42
-126.13
-119.45
-116.09
-115.34
-116.98
-118.76
-121.23
-111.17
-118.78
-107.3
-107.69
-112.36
-115.46
-116.4
-111.43
-109.76
-112.72
-107.35
-106.53
-109.49
-113.25
-115.32
-102.54
-115.22
-104.9
-114.0
-123.95
-121.6
-110.17
-112.24
-109.36
-124.56
-117.81
-110.54
-111.14
-108.41
-116.97
-108.35
-111.13
-108.41
-107.5
-108.0
-117.34
-111.88
-112.94
-113.02
-106.93
-108.7
-109.11
-107.4
-103.89
-99.8
-102.3
-107.65
-96.8
-97.53
-111.8
-101.54
-106.63
-98.48
-112.76
-108.39
-99.16
-96.55
-121.07
-106.27
-108.06
-103.69
-105.94
-98.03
-105.01
-98.41
-110.26
-113.19
-107.58
-102.62
-103.04
-114.27
-103.67
-108.47
-101.94
-110.58
-107.28
-97.89
-109.09
-105.1
-98.22
-100.72
-114.95
-102.12
-104.32
-105.66
-99.8
-105.36
-110.51
-101.59
-110.18
-107.76
-124.03
-121.38
-100.39
-105.03
-106.59
-103.07
-95.06
-101.8
-107.36
-105.46
-94.64
-91.62
-104.11
-102.64
-111.83
-110.55
-112.5
-99.37
-96.01
-91.92
-93.19
-94.79
-92.99
-109.77
-98.27
-110.34
-98.79
-118.08
-114.53
-111.1
-105.72
-106.4
-104.71
-109.72
-102.6
-111.63
-109.04
-104.88
-118.38
-112.05
-119.78
-105.82
-116.67
-108.38
-117.65
-114.83
-108.94
-109.29
-106.95
-107.41
-108.12
-101.45
-94.93
-104.02
-104.25
-101.73
-108.03
-100.38
-105.64
-113.14
-110.05
-114.93
-112.1
-111.19
-110.74
-108.81
-102.93
-115.72
-114.93
-118.72
-119.39
-103.06
-108.06
-115.23
-115.4
-108.5
-112.53
-116.18
-121.49
-114.46
-108.75
-111.04
-117.8
-107.88
-108.64
-109.15
-112.34
-116.17
-106.15
-112.42
-110.74
-112.21
-114.48
-116.96
-112.43
-122.61
-98.31
-112.62
-113.94
-101.89
-105.88
-104.82
-107.43
-105.64
-111.24
-108.91
-105.6
-107.16
-102.38
-109.7
-110.36
-106.58
-100.86
-101.19
-94.15
-93.67
-97.59
-107.4
-116.79
-109.01
-111.26
-97.88
-96.65
-96.77
-89.06
-101.33
-97.09
-101.22
-102.09
-105.73
-100.92
-101.59
-106.5
-110.32
-97.12
-89.49
-92.1
-105.81
-109.55
-107.65
-106.03
-93.92
-95.95
-103.06
-98.38
-104.73
-109.59
-101.2
-100.17
-109.6
-104.82
-101.88
-96.89
-102.43
-108.08
-95.99
-101.03
-105.87
-110.24
-110.32
-120.42
-105.73
-101.62
-116.42
-105.13
-114.71
-119.82
-107.35
-95.85
-109.33
-118.93
-117.03
-109.84
-120.42
-114.28
-114.01
-108.02
-110.59
-106.88
-106.59
-108.58
-116.18
-112.02
-118.72
-122.39
-119.6
-110.93
-113.68
-104.46
-114.27
-110.48
-95.88
-103.91
-102.4
-100.82
-96.49
-104.62
-103.97
-104.54
-97.31
-111.15
-105.38
-113.32
-100.69
-108.96
-107.94
-114.14
-103.98
-114.45
-113.61
-102.93
-105.99
-103.32
-111.39
-113.35
-110.1
-114.29
-112.36
-107.96
-107.76
-100.99
-103.12
-116.66
-113.69
-114.28
-112.88
-110.45
-106.6
-106.72
-117.65
-111.89
-116.69
-116.02
-123.01
-110.49
-111.45
-103.11
-107.01
-106.51
-113.36
-111.35
-99.87
-108.69
-110.95
-104.33
-104.23
-103.5
-108.82
-93.2
-104.71
-112.88
-109.5
-107.49
-98.07
-113.19
-106.75
-110.95
-105.97
-109.46
-106.44
-110.83
-109.18
-115.16
