-0.631
-0.528
-0.534
-0.583
-0.46
-0.615
-0.325
-0.533
-0.479
-0.583
-0.506
-0.333
-0.559
-0.416
-0.525
-0.466
-0.49
-0.378
-0.512
-0.541
-0.359
-0.336
-0.462
-0.556
-0.559
-0.353
-0.604
-0.45
-0.579
-0.482
-0.247
-0.274
-0.34
-0.301
-0.507
-0.433
-0.364
-0.453
-0.437
-0.405
-0.476
-0.276
-0.503
-0.541
-0.432
-0.533
-0.378
-0.38
-0.468
-0.524
-0.501
-0.552
-0.479
-0.428
-0.382
-0.431
-0.416
-0.258
-0.463
-0.441
-0.415
-0.475
-0.557
-0.395
-0.494
-0.366
-0.376
-0.414
-0.374
-0.327
-0.404
-0.423
-0.265
-0.385
-0.552
-0.381
-0.595
-0.369
-0.529
-0.355
-0.397
-0.313
-0.473
-0.384
-0.233
-0.504
-0.358
-0.475
-0.448
-0.38
-0.391
-0.475
-0.267
-0.215
-0.309
-0.502
-0.461
-0.62
-0.597
-0.455
-0.382
-0.507
-0.563
-0.463
-0.32
-0.626
-0.442
-0.481
-0.383
-0.318
-0.511
-0.566
-0.429
-0.647
-0.564
-0.489
-0.53
-0.595
-0.449
-0.336
-0.319
-0.614
-0.284
-0.299
-0.518
-0.566
-0.378
-0.431
-0.535
-0.529
-0.618
-0.536
-0.445
-0.573
-0.514
-0.821
-0.458
-0.671
-0.419
-0.525
-0.484
-0.415
-0.578
-0.399
-0.429
-0.508
-0.453
-0.546
-0.468
-0.394
-0.505
-0.459
-0.465
-0.385
-0.692
-0.496
-0.773
-0.524
-0.551
-0.611
-0.708
-0.533
-0.467
-0.433
-0.356
-0.494
-0.444
-0.456
-0.578
-0.353
-0.471
-0.543
-0.502
-0.51
-0.662
-0.478
-0.502
-0.683
-0.635
-0.607
-0.5
-0.656
-0.687
-0.734
-0.586
-0.72
-0.595
-0.743
-0.686
-0.796
-0.581
-0.547
-0.563
-0.535
-0.55
-0.627
-0.588
-0.769
-0.669
-0.518
-0.566
-0.693
-0.521
-0.435
-0.555
-0.516
-0.512
-0.36
-0.58
-0.603
-0.445
-0.458
-0.511
-0.561
-0.604
-0.714
-0.541
-0.612
-0.656
-0.796
-0.533
-0.871
-0.708
-0.519
-0.607
-0.719
-0.759
-0.534
-0.649
-0.57
-0.628
-0.595
-0.699
-0.43
-0.504
-0.422
-0.503
-0.562
-0.49
-0.589
-0.276
-0.464
-0.664
-0.35
-0.524
-0.49
-0.745
-0.676
-0.619
-0.653
-0.655
-0.706
-0.631
-0.732
-0.511
-0.464
-0.61
-0.657
-0.508
-0.394
-0.386
-0.607
-0.685
-0.543
-0.465
-0.661
-0.698
-0.753
-0.611
-0.605
-0.567
-0.624
-0.764
-0.636
-0.59
-0.673
-0.707
-0.484
-0.53
-0.688
-0.596
-0.625
-0.686
-0.553
-0.568
-0.642
-0.456
-0.496
-0.491
-0.425
-0.426
-0.435
-0.441
-0.525
-0.566
-0.481
-0.548
-0.531
-0.465
-0.504
-0.424
-0.458
-0.431
-0.378
-0.564
-0.446
-0.585
-0.531
-0.487
-0.392
-0.396
-0.479
-0.445
-0.487
-0.475
-0.433
-0.552
-0.496
-0.464
-0.582
-0.334
-0.515
-0.412
-0.317
-0.367
-0.557
-0.464
-0.615
-0.416
-0.447
-0.431
-0.385
-0.399
-0.412
-0.494
-0.388
-0.369
-0.348
-0.491
-0.357
-0.408
-0.375
-0.367
-0.432
-0.483
-0.46
-0.431
-0.443
-0.332
-0.519
-0.381
-0.328
-0.373
-0.434
-0.326
-0.281
-0.381
-0.407
-0.399
-0.36
-0.381
-0.545
-0.514
-0.406
-0.421
-0.386
-0.263
-0.318
-0.437
-0.276
-0.331
-0.389
-0.486
-0.383
-0.519
-0.257
-0.485
-0.614
-0.472
-0.349
-0.315
-0.43
-0.462
-0.331
-0.445
-0.347
-0.534
-0.48
-0.411
-0.384
-0.406
-0.394
-0.28
-0.548
-0.365
-0.576
-0.654
-0.565
-0.48
-0.361
-0.482
-0.362
-0.28
-0.392
-0.303
-0.304
-0.343
-0.165
-0.406
-0.37
-0.38
-0.473
-0.601
-0.509
-0.437
-0.535
-0.548
-0.362
-0.474
-0.492
-0.557
-0.69
-0.441
-0.485
-0.47
-0.436
-0.521
-0.268
-0.605
-0.319
-0.381
-0.365
-0.437
-0.522
-0.346
-0.435
-0.483
-0.66
-0.333
-0.204
-0.366
-0.288
-0.483
-0.502
-0.462
-0.473
-0.512
-0.518
-0.553
-0.478
-0.381
