-142.6
-123.47
-124.76
-131.06
-113.22
-111.83
-134.77
-141.86
-140.5
-135.26
-118.53
-132.38
-117.66
-123.45
-124.36
-136.3
-125.62
-136.63
-137.13
-143.67
-120.68
-123.64
-134.65
-132.52
-119.52
-142.77
-143.24
-140.51
-132.37
-132.02
-132.14
-130.17
-138.75
-127.16
-124.0
-115.92
-120.77
-138.38
-138.35
-142.2
-139.65
-136.24
-134.16
-135.09
-144.68
-133.98
-138.84
-133.01
-127.15
-125.84
-121.8
-143.42
-132.26
-138.76
-139.26
-131.56
-134.7
-123.5
-149.73
-124.0
-120.65
-126.4
-134.33
-128.6
-138.01
-132.3
-97.03
-118.38
-113.83
-125.38
-124.57
-141.31
-127.86
-137.73
-115.8
-112.08
-129.01
-133.13
-132.46
-132.64
-125.03
-118.7
-129.16
-117.24
-115.13
-130.5
-130.76
-139.93
-130.71
-129.86
-120.91
-132.6
-124.56
-141.44
-115.72
-127.85
-123.12
-118.58
-140.54
-115.29
-131.67
-128.49
-119.14
-129.7
-134.94
-117.04
-145.42
-117.39
-111.04
-114.12
-101.49
-99.0
-100.74
-82.26
-110.65
-110.95
-105.94
-108.55
-120.41
-94.18
-106.36
-122.21
-121.95
-131.87
-132.04
-132.04
-117.82
-134.65
-119.05
-134.1
-119.03
-136.14
-122.19
-126.68
-116.93
-133.26
-131.71
-126.57
-135.84
-138.91
-146.76
-148.95
-131.19
-137.22
-128.83
-159.05
-125.22
-133.84
-134.94
-131.4
