-688.711
-697.669
-693.587
-696.953
-649.549
-658.406
-707.775
-640.31
-623.768
-619.156
-652.641
-691.203
-665.813
-679.125
-634.519
-645.909
-658.487
-642.935
-635.492
-607.661
-640.816
-656.57
-643.818
-647.661
-620.17
-703.215
-711.757
-636.74
-634.708
-624.854
-643.433
-644.313
-658.919
-666.577
-686.827
-662.731
-732.274
-673.425
-651.867
-720.069
-676.362
-673.01
-624.151
-647.733
-615.623
-685.223
-622.74
-667.104
-678.453
-688.874
-714.701
-636.975
-682.895
-716.26
-663.455
-635.384
-655.272
-680.866
-723.233
-690.357
-677.54
-675.218
-611.909
-645.825
-688.36
-768.624
-704.674
-684.731
-711.403
-766.881
-684.75
-657.018
-737.627
-712.743
-687.874
-707.463
-709.048
-746.42
-722.925
-676.049
-747.054
-696.435
-697.366
-659.744
-655.994
-698.774
-692.952
-719.155
-722.308
-757.134
-679.257
-734.545
-713.669
-754.13
-664.997
-662.703
-693.717
-692.692
-698.738
-658.409
-638.869
-778.611
-801.435
-749.249
-759.695
-757.323
-728.06
-689.417
-709.493
-708.037
-667.92
-708.007
-720.37
-687.508
-733.303
-731.688
-581.545
-711.027
-677.422
-708.908
-734.335
-691.436
-705.961
-742.817
-691.59
-660.081
-706.716
-724.194
-726.132
-703.988
-748.415
-679.917
-691.788
-673.83
-645.397
-682.008
-721.019
-703.831
-734.502
-749.041
-688.416
-712.779
-671.925
-693.341
-689.95
-706.991
-698.245
-698.417
-721.895
-654.885
-646.858
-707.055
-695.457
-753.865
-733.021
-720.721
-709.419
-686.488
-664.987
-712.769
-625.613
-621.555
-623.596
-629.761
-606.596
-635.821
-638.08
-668.13
-646.651
-603.515
-694.408
-658.297
-743.959
-732.835
-711.953
-725.708
-702.65
-704.314
-654.104
-658.432
-689.046
-724.499
-706.12
-711.077
-686.959
-753.768
-677.048
-768.845
-748.61
-772.835
-748.381
-756.337
-719.972
-730.937
-744.781
-773.933
-676.724
-733.254
-753.776
-683.357
-630.798
-639.978
-640.781
-683.984
-642.148
-626.47
-658.163
-687.058
-634.893
-736.071
-684.393
-650.761
-679.443
-661.359
-696.002
-703.426
-765.713
-729.75
-732.531
-687.51
-752.563
-762.01
-698.531
-686.366
-721.641
-739.017
-761.94
-735.286
-687.239
-738.034
-671.249
-687.211
-665.917
-721.051
-707.437
-676.253
-688.817
-750.58
-690.135
-710.572
-651.995
-694.162
-677.697
-652.143
-682.149
-669.245
-676.895
-681.303
-648.739
-686.058
-662.093
-689.399
-665.428
-693.311
-609.921
-613.013
-718.186
-693.536
-686.297
-723.063
-694.81
-672.555
-744.651
-715.92
-730.017
-698.412
-703.105
-698.812
-706.573
-693.901
-736.817
-727.903
-749.612
-740.878
-680.309
-676.291
-714.582
-698.871
-692.929
-659.646
-678.8
-727.423
-696.39
-657.517
-698.107
-698.652
-690.092
-761.848
-705.07
-745.377
-741.456
-755.613
-737.065
-729.851
-725.197
-734.399
-785.448
-706.451
-702.244
-728.599
-746.0
-721.145
-714.965
-738.147
-706.102
-735.963
-727.991
-706.784
-677.272
-700.465
-665.213
-739.521
-675.537
-647.244
-681.585
-636.876
-722.84
-699.715
-747.278
-760.744
-712.561
-793.332
-732.991
-683.861
-718.792
-710.185
-728.44
-716.823
-690.316
-686.21
-733.313
-704.334
-695.617
-762.332
-710.268
-681.968
-650.524
-707.243
-664.641
-705.989
-745.709
-688.786
-718.572
-726.783
-723.669
-761.333
-709.548
-723.993
-786.205
-771.91
-812.134
-813.1
-835.287
-778.765
-780.442
-756.788
-768.027
-729.583
-720.376
-751.586
-651.092
-724.767
-776.901
-761.127
-739.684
-693.433
-743.825
-764.286
-763.913
-762.493
-767.404
-702.711
-701.045
-680.504
-670.787
-674.904
-711.835
-743.431
-729.332
-711.866
-704.166
-689.854
-683.019
-706.173
-690.582
-695.687
-658.733
-691.481
-642.406
-661.227
-759.536
-651.925
-731.562
-741.774
-719.532
-708.424
-728.737
-703.77
-688.675
-707.013
-716.774
-781.371
-720.085
-763.459
-765.178
-792.545
-763.657
-746.707
-744.834
-722.304
-704.318
-763.532
-734.575
-715.321
-741.005
-729.699
-717.514
-725.177
-679.997
-737.951
-718.305
-718.736
-668.696
-731.222
-700.164
-770.696
-719.507
-746.383
-732.176
-730.516
-760.916
-760.898
-767.572
-730.027
-687.382
-720.374
-723.747
-723.521
-695.463
-693.87
-760.854
-701.355
-744.097
-729.455
-691.221
-791.822
-715.676
-806.048
-772.877
-780.987
-746.488
