-119.59
-120.57
-111.19
-114.19
-122.41
-115.3
-122.43
-119.1
-113.17
-103.89
-112.07
-111.15
-103.01
-102.28
-109.87
-106.82
-106.74
-104.18
-109.56
-104.46
-105.79
-100.61
-102.68
-108.85
-104.29
-115.02
-119.34
-109.62
-108.93
-113.08
-110.21
-118.22
-113.53
-106.68
-113.67
-119.08
-112.34
-111.58
-106.66
-121.77
-114.19
-104.14
-109.02
-112.07
-115.72
-110.81
-109.33
-116.14
-117.82
-117.72
-116.38
-107.9
-115.87
-119.73
-101.18
-106.66
-110.36
-122.1
-121.37
-119.32
-99.92
-119.5
-111.01
-110.1
-121.09
-121.26
-114.48
-125.96
-115.98
-131.24
-121.79
-114.41
-121.08
-115.83
-111.04
-122.06
-120.4
-108.99
-118.5
-120.47
-111.55
-120.89
-130.02
-115.86
-115.4
-114.95
-109.91
-116.84
-118.78
-126.46
-123.33
-123.5
-117.36
-116.73
-126.11
-119.37
-111.88
-119.27
-119.19
-120.79
-109.9
-130.36
-127.79
-120.9
-127.03
-128.51
-128.84
-116.84
-119.12
-123.89
-113.32
-118.07
-128.06
-123.77
-118.23
-121.04
-98.54
-119.98
-107.33
-118.59
-110.7
-110.46
-116.24
-118.02
-113.59
-115.98
-124.43
-119.78
-118.53
-120.05
-114.04
-113.24
-120.56
-111.68
-118.05
-124.2
-113.97
-121.63
-122.08
-122.04
-123.99
-127.31
-108.97
-120.98
-108.68
-115.08
-121.27
-119.04
-115.89
-119.59
-113.68
-116.46
-114.31
-112.14
-120.02
-120.22
-120.86
-109.34
-105.74
-109.14
-99.08
-94.41
-101.89
-92.57
-101.51
-103.68
-94.45
-107.01
-103.46
-101.07
-106.77
-109.54
-106.48
-117.33
-112.81
-116.59
-112.99
-125.69
-111.67
-115.53
-120.48
-127.31
-122.63
-121.59
-115.62
-117.74
-122.21
-125.28
-114.88
-119.67
-120.72
-119.24
-121.66
-114.91
-115.83
-137.55
-116.95
-128.4
-119.68
-126.6
-119.98
-128.65
-117.52
-115.91
-114.91
-111.21
-107.94
-111.34
-116.44
-114.7
-117.22
-104.92
-115.07
-116.87
-107.87
-121.53
-121.43
-118.85
-118.28
-120.42
-115.08
-125.67
-124.86
-122.19
-120.9
-116.73
-119.52
-128.36
-111.71
-128.95
-116.46
-109.86
-116.97
-120.02
-119.66
-116.64
-109.01
-114.76
-114.3
-118.49
-99.97
-117.09
-109.14
-99.37
-112.98
-113.31
-116.51
-116.35
-103.94
-117.55
-111.67
-118.23
-112.67
-113.81
-103.18
-102.92
-115.23
-105.87
-118.15
-114.68
-102.47
-110.46
-118.46
-118.78
-118.22
-117.51
-113.93
-120.81
-119.86
-118.44
-127.8
-119.36
-131.82
-119.32
-110.78
-112.75
-111.12
-112.9
-116.59
-115.58
-113.78
-116.62
-117.7
-110.48
-118.5
-103.5
-113.37
-124.93
-114.28
-120.47
-125.59
-121.88
-122.06
-128.07
-131.31
-126.27
-122.99
-118.46
-122.79
-124.07
-129.7
-122.19
-124.07
-129.13
-122.92
-123.36
-120.65
-119.86
-113.58
-125.69
-121.42
-117.24
-115.1
-113.68
-112.07
-118.36
-122.48
-120.46
-123.71
-126.28
-120.42
-123.25
-129.86
-123.99
-120.87
-119.22
-121.07
-129.21
-110.3
-124.65
-128.0
-120.22
-124.23
-127.6
-116.53
-125.77
-118.0
-123.23
-116.55
-119.41
-117.31
-115.9
-123.42
-115.93
-126.84
-134.89
-119.57
-119.79
-124.66
-132.27
-128.59
-129.24
-134.54
-141.13
-120.03
-125.65
-125.83
-118.68
-128.94
-117.91
-113.41
-123.67
-129.21
-127.63
-117.69
-125.0
-120.02
-124.07
-128.42
-120.97
-124.63
-125.83
-121.87
-107.36
-113.58
-126.27
-113.38
-119.28
-126.08
-116.65
-114.32
-105.62
-117.2
-119.19
-116.72
-113.45
-114.6
-117.83
-103.92
-114.59
-122.45
-114.28
-111.02
-118.31
-119.14
-123.0
-123.57
-121.3
-121.39
-127.1
-124.59
-127.98
-122.95
-127.89
-123.38
-130.86
-122.4
-115.92
-122.62
-115.43
-110.68
-109.97
-120.65
-111.04
-119.05
-118.83
-121.93
-118.75
-113.05
-111.23
-124.39
-112.2
-116.32
-118.78
-113.83
-128.08
-113.16
-119.62
-123.26
-120.86
-122.9
-118.33
-124.05
-112.42
-117.51
-122.21
-120.55
-120.46
-105.76
-112.98
-116.64
-117.35
-124.69
-118.93
-116.62
-118.53
-129.1
-135.71
-131.56
-125.94
-125.43
