-0.392
-0.418
-0.392
-0.31
-0.262
-0.425
-0.409
-0.411
-0.395
-0.372
-0.427
-0.599
-0.534
-0.517
-0.441
-0.309
-0.496
-0.346
-0.366
-0.251
-0.416
-0.452
-0.563
-0.534
-0.514
-0.548
-0.539
-0.507
-0.283
-0.469
-0.367
-0.489
-0.471
-0.455
-0.374
-0.493
-0.456
-0.424
-0.364
-0.429
-0.364
-0.253
-0.56
-0.347
-0.358
-0.432
-0.504
-0.479
-0.477
-0.482
-0.711
-0.467
-0.533
-0.571
-0.443
-0.363
-0.456
-0.421
-0.503
-0.227
-0.287
-0.485
-0.362
-0.46
-0.451
-0.521
-0.596
-0.538
-0.633
-0.462
-0.417
-0.502
-0.489
-0.506
-0.335
-0.506
-0.446
-0.49
-0.426
-0.527
-0.538
-0.472
-0.554
-0.368
-0.516
-0.452
-0.254
-0.417
-0.424
-0.431
-0.499
-0.407
-0.578
-0.382
-0.39
-0.508
-0.561
-0.438
-0.529
-0.492
-0.421
-0.554
-0.594
-0.649
-0.524
-0.637
-0.448
-0.514
-0.424
-0.474
-0.457
-0.381
-0.564
-0.588
-0.457
-0.505
-0.299
-0.567
-0.158
-0.293
-0.374
-0.332
-0.425
-0.386
-0.51
-0.5
-0.332
-0.474
-0.518
-0.486
-0.422
-0.39
-0.408
-0.361
-0.607
-0.552
-0.461
-0.551
-0.451
-0.506
-0.318
-0.292
-0.325
-0.266
-0.477
-0.317
-0.469
-0.429
-0.54
-0.493
-0.291
-0.498
-0.482
-0.505
-0.572
-0.591
-0.586
-0.357
-0.447
-0.336
-0.225
-0.368
-0.339
-0.178
-0.307
-0.319
-0.258
-0.313
-0.29
-0.276
-0.339
-0.418
-0.428
-0.604
-0.372
-0.399
-0.352
-0.408
-0.482
-0.587
-0.568
-0.434
-0.417
-0.421
-0.577
-0.52
-0.59
-0.6
-0.44
-0.4
-0.525
-0.524
-0.586
-0.409
-0.56
-0.619
-0.564
-0.474
-0.551
-0.408
-0.594
-0.42
-0.291
-0.383
-0.381
-0.41
-0.321
-0.377
-0.215
-0.456
-0.513
-0.502
-0.323
-0.393
-0.625
-0.411
-0.338
-0.528
-0.44
-0.506
-0.256
-0.475
-0.536
-0.666
-0.436
-0.333
-0.432
-0.406
-0.364
-0.393
-0.369
-0.406
-0.384
-0.446
-0.423
-0.488
-0.336
-0.5
-0.552
-0.384
-0.281
-0.545
-0.462
-0.51
-0.4
-0.252
-0.496
-0.435
-0.442
-0.502
-0.405
-0.579
-0.37
-0.4
-0.22
-0.352
-0.388
-0.343
-0.358
-0.544
-0.357
-0.356
-0.395
-0.488
-0.537
-0.506
-0.361
-0.471
-0.547
-0.529
-0.607
-0.627
-0.541
-0.57
-0.431
-0.491
-0.519
-0.45
-0.36
-0.341
-0.424
-0.434
-0.365
-0.318
-0.381
-0.366
-0.421
-0.374
-0.302
-0.474
-0.556
-0.616
-0.586
-0.537
-0.647
-0.458
-0.467
-0.441
-0.521
-0.433
-0.47
-0.332
-0.501
-0.366
-0.499
-0.428
-0.263
-0.365
-0.243
-0.436
-0.463
-0.569
-0.402
-0.409
-0.506
-0.523
-0.601
-0.532
-0.491
-0.489
-0.496
-0.469
-0.437
-0.521
-0.29
-0.501
-0.319
-0.534
-0.491
-0.538
-0.51
-0.578
-0.529
-0.373
-0.446
-0.458
-0.352
-0.256
-0.403
-0.418
-0.266
-0.219
-0.209
-0.486
-0.405
-0.422
-0.4
-0.382
-0.494
-0.554
-0.293
-0.327
-0.333
-0.365
-0.381
-0.47
-0.371
-0.323
-0.41
-0.374
-0.244
-0.401
-0.376
-0.536
-0.357
-0.325
-0.366
-0.574
-0.418
-0.352
-0.415
-0.382
-0.387
-0.447
-0.557
-0.528
-0.474
-0.468
-0.417
-0.448
-0.462
-0.383
-0.408
-0.241
-0.441
-0.4
-0.444
-0.347
-0.462
-0.448
-0.452
-0.564
-0.429
-0.407
-0.508
-0.341
-0.574
-0.545
-0.442
-0.497
-0.445
-0.6
-0.545
-0.565
-0.713
-0.645
-0.388
-0.456
-0.422
-0.536
-0.406
-0.468
-0.466
-0.48
-0.438
-0.536
-0.539
-0.386
-0.453
-0.529
-0.495
-0.347
-0.504
-0.502
-0.583
-0.577
-0.458
-0.487
-0.415
-0.545
-0.636
-0.384
-0.468
-0.478
-0.359
-0.391
-0.48
-0.427
-0.436
-0.405
-0.526
-0.343
-0.582
-0.44
-0.475
-0.486
-0.527
-0.529
-0.585
-0.409
-0.575
