-754.205
-735.78
-819.463
-749.344
-713.629
-694.64
-708.073
-713.168
-755.002
-712.761
-781.201
-706.377
-702.556
-718.555
-726.785
-722.986
-737.269
-749.876
-670.247
-740.185
-712.567
-746.465
-765.617
-756.018
-700.147
-688.533
-783.872
-708.43
-743.504
-723.272
-758.37
-701.144
-751.645
-768.543
-743.769
-722.039
-726.601
-749.136
-711.993
-708.199
-692.07
-727.404
-663.12
-628.227
-624.681
-627.093
-650.968
-670.544
-685.993
-652.574
-714.174
-763.202
-752.826
-676.687
-716.279
-711.841
-734.171
-703.433
-701.118
-721.567
-686.672
-692.802
-653.533
-644.349
-734.37
-737.293
-690.275
-691.308
-736.339
-713.438
-714.939
-751.272
-738.348
-685.082
-694.531
-744.828
-652.624
-668.497
-743.333
-676.318
-712.046
-687.922
-699.203
-663.994
-685.58
-620.241
-679.345
-670.879
-693.019
-702.927
-742.349
-748.007
-714.375
-695.619
-707.131
-712.498
-761.641
-756.969
-719.485
-809.928
-740.882
-732.532
-755.478
-751.438
-735.404
-728.926
-732.15
-724.878
-751.319
-783.668
-789.574
-732.535
-784.814
-800.147
-799.945
-783.136
-714.245
-715.439
-751.01
-768.128
-841.918
-796.761
-783.13
-805.878
-736.519
-690.568
-766.589
-727.771
-746.728
-705.331
-780.82
-735.136
-690.284
-669.026
-700.751
-703.49
-711.479
-733.753
-689.302
-716.969
-639.804
-669.733
-677.708
-765.114
-747.713
-738.438
-773.698
-774.283
-778.464
-721.3
-724.673
-744.209
-795.016
-736.132
-709.375
-715.329
-639.27
-757.608
-721.873
-713.144
-708.32
-775.132
-671.556
-678.72
-746.391
-694.538
-680.027
-738.947
-706.299
-770.142
-757.755
-676.986
-745.189
-720.314
-736.938
-750.935
-747.434
-768.539
-760.601
-749.946
-728.342
-749.328
-753.919
-752.74
-737.648
-649.626
-738.762
-749.92
-711.788
-738.6
-722.316
-677.066
-668.215
-685.405
-648.914
-651.611
-661.997
-650.315
-665.721
-660.48
-644.192
-667.739
-639.746
-716.698
-700.333
-691.315
-743.956
-703.416
-705.319
-697.53
-697.621
-713.94
-752.181
-717.902
-678.866
-660.668
-663.24
-646.741
-644.629
-675.071
-667.022
-691.686
-698.519
-706.071
-701.197
-731.845
-662.617
-654.432
-681.722
-717.348
-684.797
-745.006
-719.559
-727.606
-727.031
-733.948
-701.153
-776.111
-734.541
-734.534
-751.22
-739.974
-729.037
-702.743
-707.964
-705.441
-711.556
-709.878
-722.923
-727.716
-711.406
-755.919
-664.404
-638.091
-649.408
-661.094
-675.411
-671.351
-637.266
-640.836
-697.345
-753.948
-702.47
-691.741
-666.394
-708.522
-687.088
-771.185
-740.169
-682.127
-742.45
-727.046
-691.971
-710.246
-753.359
-703.583
-717.117
-735.661
-697.187
-785.663
-697.173
-706.873
-704.554
-716.383
-715.765
-768.336
-712.133
-745.993
-720.105
-755.116
-743.49
-746.111
-729.045
-705.967
-678.824
-715.588
-718.383
-715.764
-771.15
-722.459
-742.839
-741.335
-728.17
-723.036
-635.589
-667.968
-696.854
-721.993
-709.691
-708.842
-667.762
-670.325
-737.444
-704.114
-711.121
-676.252
-727.911
-697.329
-692.399
-716.377
-638.613
-700.248
-722.834
-688.1
-671.352
-672.951
-694.665
-668.09
-751.97
-673.186
-672.986
-679.079
-643.57
-671.968
-679.299
-649.693
-700.117
-647.553
-686.834
-724.804
-642.131
-662.718
-666.299
-579.781
-610.382
-675.096
-660.775
-690.131
-674.722
-671.243
-649.762
-664.923
-650.11
-606.634
-621.804
-646.3
-662.137
-683.344
-656.385
-628.765
-636.27
-612.252
-629.487
-610.235
-598.445
-632.177
-634.363
-596.826
-568.531
-597.165
-658.004
-681.846
-649.887
-623.637
-639.316
-683.145
-694.927
-670.899
-637.462
-696.716
-644.477
-635.102
-612.377
-635.669
-674.646
-612.86
-589.675
-649.463
-629.378
-673.802
-641.127
-610.511
-671.801
-580.771
-666.365
-692.359
-661.271
-677.761
-691.241
-685.965
-670.642
-696.756
-654.647
-605.522
-626.533
-637.37
-672.837
-651.927
-676.091
-662.954
-646.649
-624.429
-614.163
-635.678
-666.541
-629.984
-654.034
-690.937
-635.161
-602.79
-604.117
-631.441
-648.03
-628.228
-639.15
-629.661
-681.906
-683.122
-680.476
-599.477
-651.222
-630.28
-641.283
-633.829
-637.229
-657.908
-682.586
-602.066
-641.236
-639.183
-657.287
-593.656
-622.065
-612.602
-626.705
-660.166
-597.838
-588.142
-606.755
-610.147
-623.179
