-0.506
-0.6
-0.566
-0.597
-0.605
-0.49
-0.575
-0.546
-0.64
-0.587
-0.709
-0.713
-0.568
-0.676
-0.521
-0.554
-0.423
-0.507
-0.463
-0.57
-0.692
-0.566
-0.569
-0.606
-0.533
-0.397
-0.551
-0.477
-0.396
-0.334
-0.612
-0.599
-0.362
-0.498
-0.695
-0.623
-0.36
-0.555
-0.489
-0.583
-0.544
-0.62
-0.617
-0.527
-0.456
-0.467
-0.48
-0.507
-0.441
-0.331
-0.428
-0.443
-0.535
-0.353
-0.319
-0.446
-0.477
-0.39
-0.433
-0.512
-0.359
-0.386
-0.378
-0.392
-0.429
-0.48
-0.388
-0.455
-0.482
-0.327
-0.287
-0.227
-0.491
-0.558
-0.452
-0.271
-0.33
-0.334
-0.242
-0.354
-0.454
-0.35
-0.352
-0.48
-0.384
-0.38
-0.306
-0.514
-0.418
-0.442
-0.513
-0.444
-0.247
-0.314
-0.297
-0.428
-0.498
-0.599
-0.483
-0.478
-0.481
-0.331
-0.392
-0.482
-0.489
-0.443
-0.503
-0.52
-0.387
-0.511
-0.503
-0.545
-0.514
-0.626
-0.511
-0.505
-0.441
-0.717
-0.659
-0.732
-0.655
-0.668
-0.627
-0.507
-0.521
-0.65
-0.607
-0.651
-0.419
-0.364
-0.575
-0.731
-0.367
-0.534
-0.316
-0.345
-0.5
-0.43
-0.404
-0.489
-0.34
-0.474
-0.523
-0.71
-0.588
-0.673
-0.488
-0.549
-0.679
-0.318
-0.527
-0.519
-0.351
-0.394
-0.3
-0.421
-0.476
-0.385
-0.537
-0.602
-0.545
-0.47
-0.532
-0.721
-0.544
-0.664
-0.485
-0.393
-0.466
-0.555
-0.566
-0.629
-0.622
-0.772
-0.596
-0.609
-0.521
-0.594
-0.602
-0.528
-0.51
-0.432
-0.454
-0.533
-0.5
-0.4
-0.521
-0.595
-0.638
-0.461
-0.491
-0.422
-0.477
-0.597
-0.415
-0.408
-0.508
-0.305
-0.44
-0.516
-0.575
-0.325
-0.415
-0.372
-0.23
-0.315
-0.399
-0.392
-0.301
-0.461
-0.442
-0.316
-0.286
-0.331
-0.259
-0.348
-0.453
-0.323
-0.409
-0.42
-0.47
-0.317
-0.394
-0.307
-0.314
-0.606
-0.365
-0.382
-0.435
-0.582
-0.405
-0.385
-0.464
-0.509
-0.539
-0.472
-0.539
-0.496
-0.555
-0.471
-0.334
-0.567
-0.518
-0.373
-0.298
-0.349
-0.453
-0.52
-0.519
-0.629
-0.533
-0.41
-0.418
-0.308
-0.537
-0.443
-0.526
-0.508
-0.323
-0.489
-0.418
-0.564
-0.504
-0.697
-0.729
-0.383
-0.518
-0.449
-0.524
-0.611
-0.356
-0.389
-0.42
-0.525
-0.551
-0.472
-0.479
-0.567
-0.554
-0.419
-0.55
-0.469
-0.516
-0.537
-0.442
-0.438
-0.406
-0.597
-0.39
-0.431
-0.541
-0.471
-0.632
-0.524
-0.28
-0.499
-0.364
-0.457
-0.446
-0.381
-0.508
-0.654
-0.455
-0.562
-0.326
-0.606
-0.504
-0.386
-0.523
-0.46
-0.306
-0.426
-0.523
-0.559
-0.508
-0.452
-0.32
-0.445
-0.562
-0.353
-0.477
-0.681
-0.424
-0.541
-0.501
-0.647
-0.631
-0.611
-0.6
-0.411
-0.488
-0.437
-0.412
-0.639
-0.389
-0.359
-0.34
-0.33
-0.46
-0.545
-0.45
-0.476
-0.467
-0.374
-0.268
-0.494
-0.426
-0.413
-0.503
-0.489
-0.482
-0.409
-0.44
-0.365
-0.497
-0.355
-0.432
-0.419
-0.428
-0.471
-0.395
-0.517
-0.435
-0.47
-0.272
-0.448
-0.411
-0.434
-0.33
-0.506
-0.488
-0.439
-0.532
-0.427
-0.392
-0.374
-0.334
-0.472
-0.427
-0.467
-0.379
-0.535
-0.39
-0.532
-0.553
-0.542
-0.499
-0.506
-0.478
-0.509
-0.498
-0.442
-0.435
-0.534
-0.435
-0.609
-0.402
-0.557
-0.571
-0.53
-0.375
-0.541
-0.446
-0.326
-0.409
-0.338
-0.392
-0.381
-0.264
-0.524
-0.401
-0.438
-0.404
-0.449
-0.295
-0.478
-0.272
-0.317
-0.43
-0.376
-0.426
-0.438
-0.35
-0.484
-0.534
-0.429
-0.435
-0.346
-0.436
-0.409
-0.437
-0.384
-0.333
-0.345
-0.558
-0.353
-0.361
-0.466
-0.323
-0.406
-0.352
-0.317
-0.469
-0.312
-0.338
-0.487
-0.418
-0.357
-0.306
-0.357
-0.458
