-118.01
-129.32
-138.52
-130.91
-127.73
-130.63
-126.76
-129.91
-126.66
-129.61
-123.04
-122.83
-118.0
-123.75
-123.81
-124.79
-129.04
-129.15
-128.33
-128.16
-125.19
-139.6
-121.66
-114.94
-127.03
-119.04
-127.79
-125.2
-128.2
-106.86
-116.6
-117.78
-110.17
-126.9
-129.41
-104.31
-116.12
-112.3
-123.62
-115.29
-115.7
-127.28
-126.48
-123.21
-111.38
-130.08
-136.71
-124.69
-117.96
-147.04
-143.04
-139.06
-137.86
-127.78
-123.7
-139.73
-133.72
-141.98
-130.18
-146.49
-145.65
-135.82
-142.01
-149.15
-145.55
-153.04
-125.5
-128.19
-127.95
-124.61
-159.05
-150.18
-144.73
-143.56
-136.81
-122.7
-137.66
-131.26
-135.47
-129.14
-138.0
-136.9
-131.43
-128.86
-118.83
-140.14
-135.65
-147.68
-120.3
-138.28
-116.92
-133.14
-128.71
-142.3
-136.32
-124.76
-143.75
-137.1
-129.5
-128.87
-136.41
-126.75
-128.41
-135.96
-131.13
-120.73
-130.84
-138.6
-131.73
-127.73
-128.44
-141.89
-122.63
-110.81
-132.68
-119.43
-127.44
-126.99
-129.25
-143.61
-136.9
-115.45
-139.63
-137.23
-129.45
-117.96
-125.25
-141.03
-137.45
-142.71
-129.03
-130.19
-134.62
-141.7
-133.79
-113.08
-128.37
-125.75
-124.2
-130.78
-115.96
-118.25
-110.85
-119.5
-114.5
-107.21
-112.61
-102.86
-112.1
-110.32
