-118.75
-121.07
-109.36
-120.61
-108.16
-110.28
-119.47
-114.21
-111.46
-121.13
-114.57
-118.53
-107.24
-114.92
-110.37
-100.05
-114.08
-122.36
-106.38
-123.3
-122.41
-120.77
-117.84
-120.98
-123.58
-121.66
-127.71
-116.6
-114.44
-115.72
-125.76
-122.46
-116.69
-120.74
-120.38
-114.57
-119.45
-113.73
-110.38
-111.58
-114.94
-118.35
-106.02
-99.57
-103.36
-106.35
-102.22
-104.29
-111.18
-110.01
-109.12
-122.45
-115.42
-114.84
-106.91
-107.99
-112.99
-115.11
-109.79
-120.07
-118.44
-120.06
-115.95
-118.45
-121.69
-119.82
-120.63
-122.57
-112.82
-110.98
-122.86
-131.67
-115.69
-116.35
-116.09
-111.74
-116.53
-116.73
-120.19
-106.5
-107.44
-109.64
-104.41
-118.09
-116.5
-106.43
-109.25
-104.85
-109.66
-110.49
-112.48
-108.95
-116.13
-116.63
-113.12
-120.09
-122.63
-123.6
-119.35
-129.63
-131.56
-123.27
-118.72
-119.68
-112.65
-123.29
-123.76
-124.85
-131.03
-128.92
-130.22
-128.36
-127.37
-130.89
-129.47
-122.79
-120.9
-121.2
-121.57
-116.25
-137.18
-131.0
-134.49
-122.9
-123.03
-118.24
-118.97
-123.17
-125.17
-122.09
-121.83
-128.04
-123.42
-117.04
-112.33
-121.14
-113.97
-115.3
-114.59
-122.4
-111.16
-120.25
-113.74
-122.72
-119.47
-117.58
-120.33
-126.68
-118.67
-122.37
-124.63
-120.09
-122.57
-116.86
-124.54
-119.18
-112.55
-121.82
-117.51
-107.67
-114.96
-119.32
-112.15
-107.04
-110.9
-108.53
-103.26
-111.44
-103.63
-112.23
-114.43
-114.64
-112.18
-113.79
-120.38
-105.26
-124.44
-114.58
-116.95
-123.8
-102.15
-116.47
-120.74
-117.46
-111.56
-110.41
-116.11
-112.61
-120.14
-114.3
-106.28
-119.16
-102.58
-115.62
-101.09
-101.33
-106.2
-101.73
-109.13
-108.24
-111.57
-112.52
-99.19
-117.65
-109.31
-112.89
-120.61
-120.2
-117.46
-115.83
-119.09
-125.51
-106.98
-114.8
-103.52
-106.55
-106.27
-106.66
-111.91
-114.6
-115.39
-105.82
-107.42
-109.02
-118.52
-117.12
-111.4
-108.25
-113.47
-118.01
-113.16
-112.13
-119.9
-115.71
-121.89
-124.11
-117.35
-123.32
-125.3
-118.44
-128.29
-126.47
-123.51
-120.91
-116.51
-112.69
-123.7
-110.84
-113.66
-116.68
-111.64
-120.99
-111.08
-108.77
-110.02
-107.52
-117.82
-106.99
-107.63
-102.94
-115.32
-116.37
-120.24
-106.48
-120.19
-109.65
-109.23
-115.74
-118.47
-111.42
-118.21
-122.85
-117.37
-109.83
-105.16
-109.89
-114.6
-109.54
-109.91
-113.21
-113.28
-106.11
-105.6
-117.82
-99.18
-112.35
-122.83
-122.71
-120.92
-121.0
-126.59
-130.93
-124.54
-115.37
-122.1
-111.24
-114.77
-119.7
-122.38
-122.66
-124.09
-115.02
-123.38
-121.87
-127.11
-123.21
-122.89
-116.74
-111.12
-114.32
-109.46
-109.43
-116.31
-114.41
-113.74
-117.41
-119.21
-111.16
-107.43
-105.45
-111.91
-122.12
-121.42
-120.37
-113.61
-119.18
-121.97
-115.99
-117.88
-114.18
-113.95
-119.01
-118.81
-117.03
-111.96
-116.54
-94.34
-111.92
-117.16
-117.5
-108.89
-114.98
-104.12
-112.49
-105.34
-109.79
-112.77
-108.49
-97.81
-109.19
-97.08
-105.38
-115.61
-105.08
-108.45
-107.35
-105.28
-106.89
-108.96
-98.67
-95.57
-104.65
-106.21
-98.85
-99.82
-110.52
-96.46
-98.3
-101.4
-101.83
-105.46
-107.49
-112.2
-112.65
-108.05
-115.9
-104.69
-113.41
-110.93
-110.87
-107.49
-102.86
-109.77
-110.42
-114.9
-109.48
-102.99
-107.95
-105.12
-101.24
-109.65
-109.26
-117.39
-109.9
-111.0
-118.73
-101.69
-115.0
-113.63
-116.6
-112.73
-122.96
-112.77
-107.28
-111.89
-113.76
-119.54
-112.9
-112.45
-116.12
-113.58
-110.3
-116.47
-106.42
-111.91
-112.42
-106.77
-103.57
-107.18
-118.61
-109.15
-113.72
-118.25
-111.05
-109.55
-109.2
-113.54
-112.52
-117.35
-115.19
-111.71
-113.5
-105.47
-110.81
-114.25
-111.2
-109.94
-110.79
-117.42
-101.18
-100.31
-93.96
-105.76
-107.75
-98.97
-106.26
-113.45
-106.87
-99.77
-103.89
-106.94
