-0.35
-0.504
-0.654
-0.468
-0.493
-0.473
-0.497
-0.434
-0.593
-0.594
-0.463
-0.516
-0.486
-0.554
-0.502
-0.485
-0.452
-0.487
-0.254
-0.361
-0.471
-0.379
-0.612
-0.412
-0.448
-0.473
-0.458
-0.383
-0.54
-0.255
-0.422
-0.652
-0.592
-0.423
-0.421
-0.471
-0.429
-0.762
-0.542
-0.487
-0.516
-0.731
-0.428
-0.656
-0.449
-0.504
-0.423
-0.506
-0.608
-0.562
-0.524
-0.53
-0.648
-0.48
-0.478
-0.455
-0.609
-0.526
-0.588
-0.425
-0.548
-0.568
-0.371
-0.487
-0.539
-0.473
-0.491
-0.443
-0.544
-0.363
-0.387
-0.543
-0.573
-0.575
-0.385
-0.536
-0.455
-0.543
-0.657
-0.588
-0.539
-0.491
-0.53
-0.579
-0.419
-0.528
-0.456
-0.452
-0.333
-0.452
-0.564
-0.423
-0.377
-0.509
-0.397
-0.366
-0.561
-0.722
-0.535
-0.428
-0.568
-0.733
-0.499
-0.423
-0.374
-0.406
-0.349
-0.449
-0.516
-0.487
-0.576
-0.609
-0.5
-0.453
-0.572
-0.402
-0.436
-0.508
-0.381
-0.663
-0.477
-0.484
-0.279
-0.481
-0.482
-0.47
-0.625
-0.716
-0.627
-0.61
-0.528
-0.517
-0.643
-0.494
-0.623
-0.353
-0.315
-0.386
-0.557
-0.407
-0.558
-0.561
-0.604
-0.498
-0.513
-0.607
-0.466
-0.51
-0.58
-0.428
-0.457
-0.4
-0.517
-0.309
-0.47
-0.359
-0.452
-0.43
-0.448
-0.388
-0.269
-0.356
-0.517
-0.447
-0.479
-0.493
-0.426
-0.532
-0.467
-0.496
-0.594
-0.571
-0.577
-0.291
-0.522
-0.654
-0.343
-0.502
-0.476
-0.594
-0.549
-0.565
-0.562
-0.458
-0.554
-0.694
-0.586
-0.671
-0.517
-0.511
-0.544
-0.495
-0.653
-0.572
-0.581
-0.501
-0.538
-0.434
-0.538
-0.462
-0.617
-0.54
-0.608
-0.606
-0.486
-0.425
-0.449
-0.595
-0.325
-0.573
-0.403
-0.492
-0.616
-0.499
-0.452
-0.393
-0.302
-0.541
-0.526
-0.468
-0.509
-0.567
-0.396
-0.437
-0.542
-0.396
-0.529
-0.465
-0.331
-0.429
-0.462
-0.539
-0.304
-0.473
-0.434
-0.456
-0.667
-0.538
-0.446
-0.384
-0.495
-0.504
-0.423
-0.611
-0.438
-0.636
-0.444
-0.496
-0.442
-0.621
-0.558
-0.428
-0.515
-0.501
-0.4
-0.471
-0.572
-0.463
-0.451
-0.468
-0.442
-0.399
-0.582
-0.395
-0.576
-0.588
-0.461
-0.455
-0.577
-0.593
-0.546
-0.659
-0.578
-0.503
-0.45
-0.324
-0.601
-0.606
-0.385
-0.405
-0.163
-0.52
-0.524
-0.487
-0.299
-0.469
-0.392
-0.401
-0.566
-0.588
-0.431
-0.526
-0.512
-0.467
-0.525
-0.269
-0.467
-0.473
-0.513
-0.482
-0.374
-0.592
-0.4
-0.545
-0.388
-0.527
-0.509
-0.435
-0.474
-0.613
-0.459
-0.364
-0.471
-0.463
-0.33
-0.385
-0.409
-0.469
-0.435
-0.344
-0.647
-0.435
-0.431
-0.506
-0.452
-0.466
-0.52
-0.613
-0.515
-0.507
-0.528
-0.669
-0.451
-0.517
-0.56
-0.548
-0.513
-0.425
-0.288
-0.456
-0.572
-0.455
-0.618
-0.623
-0.489
-0.412
-0.56
-0.456
-0.502
-0.439
-0.51
-0.543
-0.436
-0.419
-0.596
-0.635
-0.559
-0.599
-0.618
-0.586
-0.626
-0.514
-0.489
-0.314
-0.655
-0.501
-0.528
-0.455
-0.544
-0.5
-0.379
-0.475
-0.485
-0.305
-0.422
-0.582
-0.368
-0.523
-0.285
-0.488
-0.586
-0.59
-0.465
-0.389
-0.592
-0.528
-0.457
-0.477
-0.508
-0.391
-0.389
-0.613
-0.484
-0.275
-0.364
-0.467
-0.486
-0.239
-0.536
-0.435
-0.533
-0.501
-0.479
-0.416
-0.488
-0.426
-0.348
-0.689
-0.392
-0.453
-0.334
-0.562
-0.339
-0.424
-0.531
-0.559
-0.396
-0.358
-0.527
-0.531
-0.498
-0.455
-0.669
-0.475
-0.518
-0.488
-0.561
-0.416
-0.618
-0.498
-0.45
-0.49
-0.603
-0.529
-0.421
-0.611
-0.371
-0.404
-0.436
-0.483
-0.485
-0.399
-0.51
-0.637
-0.498
-0.437
-0.439
-0.513
-0.626
-0.315
-0.512
