-127.77
-131.92
-133.41
-141.0
-124.8
-117.32
-135.77
-143.96
-136.36
-124.03
-136.62
-133.73
-144.48
-127.16
-132.66
-136.01
-137.47
-130.01
-123.69
-131.59
-126.08
-139.63
-135.19
-115.82
-135.54
-147.03
-135.99
-129.82
-128.79
-130.2
-123.18
-121.91
-135.96
-129.39
-128.58
-116.17
-111.95
-116.28
-119.86
-118.37
-124.2
-116.86
-112.12
-126.07
-117.11
-122.25
-130.37
-125.71
-114.35
-129.39
-120.81
-122.88
-133.34
-129.21
-112.35
-131.53
-125.69
-107.83
-134.24
-122.79
-124.33
-125.13
-108.63
-126.73
-123.77
-114.77
-109.58
-121.7
-111.32
-123.21
-122.16
-119.69
-122.09
-120.17
-123.55
-125.64
-127.22
-126.13
-119.26
-128.26
-123.05
-126.77
-127.1
-117.44
-118.36
-121.93
-120.71
-114.43
-117.72
-124.93
-123.86
-127.05
-133.17
-126.23
-117.39
-133.07
-124.13
-112.49
-123.11
-122.05
-126.79
-126.27
-125.79
-124.68
-119.16
-128.14
-118.52
-125.57
-120.04
-132.96
-123.16
-121.54
-123.04
-121.94
-119.89
-131.27
-129.49
-128.74
-125.47
-129.28
-125.97
-129.94
-139.61
-123.08
-123.83
-121.69
-121.38
-121.27
-126.67
-132.4
-125.94
-127.6
-127.68
-135.68
-127.04
-121.84
-114.17
-129.99
-124.44
-131.8
-123.48
-124.36
-120.43
-106.95
-129.83
-133.26
-118.87
-119.53
-116.57
-123.96
