-780.589
-790.52
-729.0
-735.938
-723.577
-779.52
-781.955
-767.531
-744.544
-752.241
-763.637
-781.983
-797.045
-788.407
-773.266
-772.789
-746.671
-722.824
-782.288
-749.362
-742.436
-794.15
-824.541
-798.496
-808.368
-777.425
-842.883
-793.63
-772.548
-766.254
-740.226
-790.503
-800.962
-805.758
-836.471
-791.306
-807.937
-763.349
-856.347
-829.315
-829.236
-799.144
-765.069
-822.041
-789.485
-796.2
-788.38
-851.138
-812.386
-794.327
-761.921
-816.983
-776.165
-810.078
-786.479
-742.712
-814.847
-827.412
-823.812
-780.231
-786.857
-809.783
-807.166
-739.946
-787.609
-775.715
-847.688
-811.423
-758.271
-771.347
-804.206
-778.526
-819.947
-744.942
-752.427
-809.921
-805.551
-798.549
-770.966
-738.913
-757.199
-780.062
-789.584
-781.798
-738.09
-737.383
-718.321
-732.406
-713.028
-767.771
-766.866
-721.591
-754.79
-755.008
-705.818
-770.308
-787.593
-725.446
-734.363
-780.811
-713.732
-770.749
-810.272
-738.717
-686.935
-790.031
-762.136
-767.196
-819.074
-732.572
-780.078
-782.74
-727.718
-747.632
-733.752
-762.933
-750.204
-763.73
-724.17
-820.403
-816.369
-779.997
-777.883
-787.791
-792.932
-787.42
-832.046
-821.265
-782.265
-819.475
-794.238
-807.599
-788.381
-754.255
-779.135
-774.72
-738.996
-788.604
-808.818
-796.275
-849.295
-802.838
-811.375
-827.678
-793.377
-810.558
-766.193
-834.171
-841.114
-835.048
-790.878
-840.866
-775.348
-777.02
-773.379
-770.671
-793.545
-800.987
-729.014
-811.729
-835.339
-767.383
-785.586
-843.0
-833.884
-800.55
-777.286
-781.653
-825.762
-791.442
-828.627
-835.708
-821.868
-802.016
-795.575
-829.972
-792.878
-804.59
-826.542
-797.228
-762.971
-829.665
-777.622
-834.648
-834.221
-790.896
-792.083
-812.274
-841.828
-821.954
-799.255
-807.74
-812.637
-768.606
-803.014
-813.736
-756.059
-806.922
-797.895
-786.649
-798.476
-715.895
-751.172
-800.147
-910.258
-855.894
-856.463
-825.987
-755.562
-799.5
-755.437
-821.42
-740.866
-890.251
-875.872
-787.322
-813.267
-847.608
-836.987
-820.43
-799.208
-814.586
-769.107
-800.068
-765.405
-762.546
-780.839
-848.648
-801.27
-812.101
-818.785
-788.929
-772.968
-764.134
-731.735
-753.499
-757.99
-799.227
-750.074
-739.292
-769.202
-813.557
-713.396
-772.026
-757.781
-788.656
-769.722
-758.865
-763.007
-780.745
-797.659
-795.931
-815.987
-822.047
-771.639
-797.899
-779.438
-810.12
-752.065
-727.469
-779.178
-770.193
-747.035
-798.3
-799.586
-765.673
-705.717
-775.876
-773.084
-758.713
-816.741
-895.218
-789.681
-816.091
-836.269
-754.287
-807.618
-829.311
-844.967
-753.653
-821.505
-831.889
-806.22
-845.105
-816.006
-739.867
-773.437
-822.369
-841.624
-812.601
-858.32
-783.784
-707.592
-799.852
-810.471
-757.084
-760.248
-795.313
-791.787
-824.151
-783.14
-807.054
-802.743
-744.528
-720.249
-875.398
-799.301
-792.978
-753.439
-788.012
-757.966
-829.846
-783.484
-805.55
-789.713
-781.172
-823.24
-829.743
-810.991
-774.696
-831.518
-807.339
-755.201
-789.873
-785.899
-768.208
-793.596
-799.83
-806.33
-758.863
-749.502
-747.627
-780.996
-764.655
-737.152
-784.153
-811.752
-745.063
-851.595
-795.89
-823.162
-781.691
-842.824
-816.794
-788.737
-828.969
-760.077
-798.651
-795.703
-844.939
-824.185
-805.742
-822.156
-811.824
-795.048
-836.252
-822.641
-841.377
-891.228
-862.199
-795.194
-806.572
-847.807
-818.517
-858.67
-784.226
-764.027
-759.706
-746.96
-794.264
-751.613
-818.636
-769.752
-802.053
-773.184
-768.308
-760.227
-793.106
-792.667
-866.354
-823.148
-804.691
-815.64
-827.684
-792.22
-800.747
-843.692
-779.995
-780.378
-818.913
-797.925
-800.651
-808.778
-789.551
-802.421
-815.244
-807.786
-786.494
-796.673
-790.807
-780.801
-842.654
-772.398
-805.395
-814.08
-819.924
-811.35
-793.719
-757.128
-779.366
-693.466
-722.31
-718.489
-744.58
-791.368
-752.019
-753.408
-728.743
-753.427
-771.343
-766.284
-737.147
-744.404
-756.837
-753.234
-773.307
-765.427
-734.497
-750.479
-729.086
-798.425
-770.644
-769.131
-747.888
-747.076
-747.339
-734.823
-740.862
-724.038
-703.661
-777.459
-750.04
-735.902
-794.51
-798.938
-800.563
-776.367
-777.077
-787.001
-727.435
-791.045
