-103.53
-111.83
-94.56
-104.67
-104.25
-103.04
-108.43
-99.22
-94.09
-111.14
-111.05
-107.99
-108.1
-110.29
-101.79
-112.69
-113.27
-98.54
-103.6
-103.1
-102.81
-112.39
-101.79
-105.47
-117.32
-115.55
-114.64
-112.06
-108.65
-105.17
-109.85
-107.37
-104.24
-109.47
-112.03
-111.79
-108.18
-111.21
-118.69
-113.0
-107.38
-108.28
-112.65
-123.08
-118.13
-106.61
-117.64
-106.35
-116.15
-117.19
-114.71
-112.5
-116.05
-108.43
-113.76
-110.15
-122.85
-113.9
-114.81
-113.04
-111.23
-111.35
-120.58
-119.25
-111.28
-118.28
-111.53
-110.3
-102.79
-106.41
-104.0
-112.87
-106.7
-112.83
-117.82
-108.39
-86.98
-100.07
-101.95
-105.87
-116.92
-101.91
-101.64
-105.72
-104.9
-101.99
-97.78
-103.1
-99.68
-101.0
-98.53
-108.1
-97.16
-101.37
-95.99
-104.63
-105.16
-111.88
-94.17
-100.14
-99.84
-112.99
-109.88
-101.25
-104.11
-110.43
-109.43
-103.24
-112.37
-106.99
-103.34
-96.79
-103.9
-106.48
-108.35
-101.48
-104.58
-108.04
-104.77
-96.28
-110.22
-100.96
-102.31
-104.03
-108.5
-104.62
-98.57
-102.34
-102.46
-113.8
-101.76
-114.12
-105.7
-104.11
-100.52
-99.56
-99.29
-95.12
-109.99
-111.45
-105.46
-111.76
-115.69
-109.63
-107.73
-116.54
-105.43
-108.4
-107.44
-103.14
-107.87
-116.4
-112.69
-110.58
-104.19
-104.55
-103.76
-100.7
-99.54
-98.78
-111.26
-101.35
-113.66
-105.84
-114.47
-108.41
-118.78
-100.18
-105.23
-93.06
-112.1
-103.7
-110.4
-109.0
-97.89
-104.14
-111.81
-104.89
-109.72
-110.3
-110.22
-106.78
-111.49
-113.36
-107.47
-105.61
-115.75
-110.67
-107.48
-109.16
-104.58
-102.83
-107.52
-105.82
-114.24
-107.4
-107.16
-106.11
-112.25
-109.6
-107.27
-103.0
-100.58
-111.38
-114.8
-110.69
-109.08
-110.41
-111.99
-113.1
-101.52
-109.87
-111.32
-119.52
-105.13
-111.61
-118.95
-105.39
-109.74
-117.02
-110.58
-115.3
-107.21
-95.97
-107.19
-112.11
-103.76
-112.22
-98.31
-103.95
-103.34
-108.22
-109.19
-112.57
-99.0
-88.33
-109.58
-104.98
-109.0
-107.23
-105.5
-114.27
-101.34
-103.33
-101.75
-100.46
-105.31
-110.17
-105.85
-102.02
-115.99
-112.3
-107.87
-106.72
-111.0
-97.22
-106.42
-111.07
-105.76
-107.32
-103.74
-107.7
-104.4
-112.61
-106.02
-107.64
-102.02
-106.84
-104.3
-108.35
-122.07
-113.25
-105.19
-105.32
-101.4
-106.6
-109.53
-109.05
-118.48
-107.96
-111.82
-105.11
-123.74
-120.58
-121.59
-105.24
-122.09
-113.76
-117.73
-106.69
-114.8
-120.54
-114.14
-114.67
-121.49
-120.7
-108.67
-108.38
-116.7
-108.04
-111.63
-107.75
-100.59
-110.53
-103.09
-112.45
-114.23
-112.39
-109.06
-111.36
-106.94
-117.97
-103.82
-118.34
-112.98
-103.88
-110.07
-101.28
-119.22
-108.72
-106.62
-105.37
-109.1
-102.93
-104.33
-106.07
-116.47
-117.23
-119.01
-108.12
-115.69
-115.16
-105.49
-103.85
-110.29
-101.92
-101.45
-108.4
-116.04
-99.53
-105.13
-107.4
-122.33
-114.45
-119.95
-109.59
-112.35
-116.37
-113.96
-116.26
-111.77
-113.93
-99.83
-109.78
-108.37
-123.82
-113.2
-101.47
-115.56
-114.87
-111.54
-109.8
-105.8
-120.09
-111.28
-116.37
-119.67
-114.61
-99.02
-108.13
-102.75
-106.78
-113.16
-113.59
-105.81
-112.08
-108.81
-110.95
-112.97
-112.36
-112.82
-105.54
-115.88
-108.61
-105.89
-124.73
-121.53
-115.12
-128.48
-117.47
-110.21
-120.53
-119.73
-107.47
-110.8
-111.97
-112.35
-115.8
-108.28
-111.77
-114.84
-112.62
-113.64
-118.05
-117.38
-105.52
-112.11
-107.22
-104.81
-110.28
-92.37
-99.85
-118.57
-104.34
-109.33
-107.43
-107.17
-99.38
-106.07
-106.73
-101.59
-111.89
-105.31
-106.31
-103.42
-105.29
-95.27
-107.03
-106.39
-103.98
-114.47
-118.76
-103.46
-108.17
-84.89
-104.85
-102.65
-111.29
-100.95
-99.26
-103.99
-102.6
-108.47
-104.65
-106.21
-112.25
-115.12
-110.3
-110.08
-111.32
-108.77
