-119.93
-107.95
-118.17
-115.59
-120.11
-105.03
-110.82
-112.81
-119.23
-120.31
-122.75
-116.62
-112.02
-120.94
-110.86
-105.57
-123.44
-115.22
-111.77
-110.14
-112.35
-109.99
-108.44
-107.72
-106.04
-101.43
-99.77
-113.23
-106.86
-102.48
-110.99
-101.68
-118.58
-104.78
-112.08
-116.18
-111.53
-109.31
-113.75
-116.96
-114.5
-114.38
-116.24
-111.96
-117.91
-115.36
-103.41
-111.11
-103.93
-108.59
-112.76
-117.99
-109.83
-108.77
-118.6
-105.22
-107.52
-102.13
-109.98
-101.94
-110.93
-100.52
-102.78
-97.01
-108.76
-105.86
-99.89
-113.33
-103.17
-109.19
-104.01
-102.84
-104.07
-112.14
-114.79
-114.1
-108.15
-98.78
-103.91
-114.18
-105.59
-104.88
-117.35
-104.37
-99.52
-121.15
-105.4
-105.12
-109.63
-108.56
-100.12
-100.79
-107.45
-107.61
-100.14
-98.23
-110.22
-99.9
-101.49
-107.28
-99.86
-102.56
-116.2
-114.06
-113.02
-99.3
-98.92
-95.97
-103.22
-102.03
-95.89
-95.6
-101.71
-109.97
-83.66
-98.68
-95.79
-109.33
-109.94
-115.36
-117.11
-109.47
-109.72
-101.83
-105.99
-117.79
-104.47
-110.06
-105.22
-104.56
-111.9
-97.86
-106.47
-110.72
-117.21
-115.19
-107.64
-103.68
-114.13
-106.9
-113.08
-113.59
-118.07
-108.62
-116.67
-119.2
-126.17
-115.85
-124.84
-127.32
-121.2
-113.94
-120.56
-109.11
-120.81
-123.72
-123.46
-122.62
-119.85
-113.36
-110.71
-121.83
-111.9
-115.72
-114.78
-117.8
-104.87
-117.38
-107.82
-115.8
-115.04
-120.58
-117.71
-116.48
-107.44
-116.16
-106.76
-107.3
-115.61
-117.92
-110.14
-108.6
-111.85
-115.73
-106.35
-108.02
-102.63
-112.23
-97.13
-112.26
-110.19
-113.64
-121.96
-122.65
-108.16
-120.09
-111.46
-119.96
-124.75
-125.43
-127.71
-116.76
-104.58
-111.52
-107.57
-111.77
-109.56
-115.94
-100.86
-110.84
-109.79
-114.98
-110.0
-112.85
-111.56
-114.42
-111.68
-114.64
-117.67
-116.76
-106.5
-106.73
-122.3
-114.01
-113.71
-106.7
-97.83
-113.05
-117.04
-114.12
-109.49
-119.62
-123.56
-114.61
-105.46
-115.11
-117.25
-112.98
-106.39
-110.56
-117.48
-112.08
-114.97
-114.05
-97.6
-107.35
-108.55
-96.58
-98.22
-102.99
-119.36
-117.84
-113.72
-114.44
-119.19
-113.22
-117.04
-122.19
-116.99
-115.13
-115.51
-118.57
-109.59
-109.28
-104.69
-112.37
-113.78
-115.2
-117.26
-117.55
-122.94
-131.15
-133.78
-118.25
-116.17
-121.41
-125.11
-134.13
-123.16
-130.12
-116.61
-120.81
-115.43
-128.41
-129.75
-125.33
-117.73
-102.09
-131.05
-124.68
-126.19
-122.62
-115.27
-114.05
-110.84
-119.98
-116.45
-127.41
-117.8
-125.87
-124.66
-122.25
-115.99
-109.86
-119.63
-117.73
-124.52
-125.16
-111.62
-123.95
-126.05
-125.1
-110.12
-117.55
-130.01
-119.53
-131.06
-117.19
-124.18
-115.32
-120.98
-121.55
-118.04
-120.18
-122.7
-119.26
-125.32
-105.72
-114.26
-116.99
-115.22
-122.26
-125.34
-117.66
-128.81
-119.92
-120.75
-127.87
-127.86
-118.63
-122.39
-118.25
-119.95
-114.49
-122.89
-125.72
-110.43
-108.46
-109.46
-117.86
-110.7
-116.6
-112.33
-119.46
-114.09
-120.58
-115.93
-114.15
-122.94
-105.88
-116.63
-119.98
-133.94
-121.09
-106.8
-108.35
-118.87
-111.67
-114.23
-123.0
-109.02
-113.06
-118.21
-118.31
-106.55
-110.65
-117.19
-107.11
-103.34
-108.84
-123.56
-118.16
-112.01
-113.67
-120.76
-111.0
-114.77
-117.37
-112.88
-104.53
-111.89
-122.98
-119.24
-104.33
-111.0
-101.53
-118.78
-116.18
-114.24
-115.32
-103.7
-110.84
-120.67
-113.68
-114.81
-107.76
-107.09
-110.47
-120.63
-118.11
-117.04
-120.32
-114.98
-128.56
-122.37
-110.33
-122.89
-109.76
-107.07
-111.72
-121.97
-125.38
-112.65
-118.93
-113.26
-111.99
-117.02
-117.08
-121.55
-112.48
-111.53
-119.22
-115.3
-124.07
-128.86
-123.02
-104.28
-109.7
-120.62
-124.54
-119.33
-117.08
-114.32
-123.9
-103.64
-120.22
-122.23
-114.43
-114.86
-125.97
-119.77
