-695.593
-719.188
-748.242
-745.556
-732.273
-712.6
-737.867
-742.877
-707.693
-745.855
-757.929
-770.965
-737.722
-674.262
-753.382
-710.27
-727.454
-687.31
-752.296
-716.741
-704.85
-668.478
-698.92
-745.685
-737.974
-694.045
-691.259
-705.779
-717.177
-711.377
-759.929
-734.589
-735.406
-710.577
-759.102
-784.887
-755.129
-741.787
-761.715
-761.044
-769.972
-742.934
-750.31
-734.696
-725.974
-717.586
-734.161
-711.045
-692.41
-686.064
-750.075
-705.705
-743.528
-713.686
-731.296
-674.162
-665.341
-647.735
-686.289
-667.043
-682.181
-680.214
-631.792
-641.368
-715.247
-748.599
-700.341
-692.543
-636.731
-702.385
-624.105
-705.777
-642.686
-686.574
-715.227
-691.573
-689.683
-701.156
-668.805
-656.297
-655.186
-644.877
-686.147
-592.726
-652.452
-721.483
-646.505
-692.513
-694.704
-675.927
-668.127
-650.018
-684.358
-646.594
-671.804
-707.53
-688.812
-637.44
-682.818
-702.061
-684.809
-705.68
-687.48
-665.503
-712.397
-675.927
-735.107
-703.968
-703.245
-724.149
-672.908
-695.955
-685.723
-664.631
-639.902
-665.098
-691.633
-722.579
-673.348
-733.963
-785.967
-672.361
-687.505
-670.84
-686.859
-667.199
-722.357
-686.574
-642.08
-709.688
-720.867
-695.351
-715.983
-773.927
-716.416
-746.659
-716.514
-694.434
-755.474
-693.567
-723.885
-736.919
-689.638
-720.26
-680.751
-706.837
-797.234
-776.304
-783.294
-795.266
-757.067
-754.252
-784.468
-754.288
-734.564
-743.869
-770.049
-762.405
-766.667
-718.048
-665.866
-722.975
-717.843
-757.429
-763.246
-711.134
-717.088
-705.213
-678.513
-741.559
-735.526
-757.399
-736.782
-733.557
-714.516
-783.108
-680.5
-683.353
-695.446
-742.036
-746.55
-765.954
-721.746
-747.745
-713.138
-709.903
-716.431
-752.772
-723.099
-728.584
-701.708
-700.195
-749.599
-766.805
-738.772
-705.542
-737.799
-739.606
-791.677
-725.974
-740.286
-735.907
-752.746
-790.215
-734.546
-742.816
-731.544
-699.593
-698.607
-705.127
-673.182
-737.738
-786.788
-753.374
-731.928
-783.345
-753.293
-771.041
-738.655
-738.192
-735.262
-776.346
-808.088
-773.29
-709.66
-714.084
-682.732
-745.778
-716.848
-763.934
-781.895
-735.195
-715.111
-686.815
-725.033
-737.93
-689.153
-701.502
-748.768
-788.162
-757.019
-783.538
-742.395
-747.257
-737.656
-713.838
-733.173
-683.558
-671.029
-739.193
-740.071
-777.857
-755.485
-729.873
-754.352
-724.321
-793.908
-806.36
-775.815
-750.332
-731.532
-742.681
-773.731
-735.186
-707.539
-721.31
-753.986
-752.339
-782.769
-811.318
-772.921
-807.418
-813.116
-793.335
-767.623
-792.602
-783.604
-826.943
-770.174
-835.042
-792.123
-720.818
-775.153
-769.604
-786.842
-814.995
-823.775
-834.244
-782.131
-796.13
-784.0
-853.627
-732.73
-878.865
-775.055
-740.246
-741.185
-769.175
-736.698
-849.726
-807.096
-811.208
-794.407
-764.424
-788.246
-805.557
-772.746
-793.23
-771.904
-749.462
-781.252
-731.791
-754.065
-734.886
-777.12
-756.158
-805.193
-751.949
-744.481
-755.834
-753.769
-760.904
-772.141
-766.905
-813.995
-768.523
-773.523
-837.543
-785.597
-844.991
-770.034
-776.896
-788.479
-808.368
-800.002
-811.937
-762.275
-807.959
-831.555
-797.903
-787.193
-792.968
-746.613
-742.315
-745.694
-755.531
-749.548
-759.074
-793.32
-764.547
-796.46
-760.11
-743.128
-787.624
-781.667
-807.015
-740.154
-738.253
-735.185
-750.68
-775.854
-783.223
-800.551
-717.201
-749.654
-776.743
-808.74
-766.059
-795.547
-769.351
-743.569
-751.516
-724.953
-714.164
-771.674
-784.849
-712.61
-768.64
-697.584
-749.735
-708.36
-681.148
-725.845
-761.068
-711.524
-658.372
-691.018
-753.164
-690.003
-698.692
-743.542
-741.66
-744.496
-693.979
-707.361
-647.295
-701.64
-709.607
-682.066
-644.152
-636.291
-666.099
-691.376
-690.437
-690.734
-679.922
-641.161
-630.031
-717.772
-717.518
-730.448
-701.264
-689.988
-758.151
-778.891
-751.336
-741.204
-734.461
-772.986
-766.831
-780.176
-738.117
-764.382
-720.228
-679.43
-721.903
-726.506
-748.746
-708.741
-751.571
-729.18
-687.405
-763.028
-788.835
-785.939
-831.355
-730.116
-688.622
-754.091
-728.891
-731.108
-737.523
-717.905
-813.657
-709.015
-704.513
-721.544
-658.982
-683.02
-794.99
-713.184
