-0.673
-0.473
-0.51
-0.455
-0.492
-0.459
-0.411
-0.46
-0.384
-0.507
-0.398
-0.52
-0.497
-0.361
-0.545
-0.397
-0.422
-0.462
-0.474
-0.412
-0.493
-0.321
-0.4
-0.392
-0.329
-0.46
-0.502
-0.496
-0.362
-0.397
-0.356
-0.648
-0.488
-0.513
-0.548
-0.449
-0.445
-0.549
-0.408
-0.493
-0.519
-0.361
-0.4
-0.301
-0.363
-0.493
-0.41
-0.327
-0.217
-0.446
-0.492
-0.526
-0.539
-0.402
-0.405
-0.379
-0.25
-0.602
-0.47
-0.527
-0.562
-0.509
-0.538
-0.507
-0.661
-0.748
-0.525
-0.657
-0.457
-0.464
-0.547
-0.417
-0.315
-0.529
-0.498
-0.485
-0.353
-0.392
-0.422
-0.382
-0.223
-0.423
-0.579
-0.45
-0.496
-0.63
-0.464
-0.6
-0.536
-0.494
-0.57
-0.57
-0.486
-0.358
-0.558
-0.343
-0.393
-0.368
-0.442
-0.365
-0.518
-0.486
-0.383
-0.611
-0.57
-0.238
-0.484
-0.382
-0.358
-0.385
-0.495
-0.308
-0.487
-0.469
-0.367
-0.401
-0.466
-0.493
-0.46
-0.386
-0.445
-0.339
-0.325
-0.304
-0.487
-0.463
-0.334
-0.307
-0.421
-0.398
-0.345
-0.392
-0.555
-0.369
-0.33
-0.334
-0.425
-0.397
-0.239
-0.31
-0.328
-0.368
-0.349
-0.258
-0.362
-0.514
-0.572
-0.576
-0.481
-0.463
-0.468
-0.487
-0.51
-0.418
-0.431
-0.478
-0.383
-0.481
-0.477
-0.355
-0.497
-0.646
-0.693
-0.54
-0.475
-0.529
-0.542
-0.709
-0.632
-0.585
-0.609
-0.572
-0.545
-0.481
-0.433
-0.421
-0.409
-0.661
-0.405
-0.427
-0.377
-0.318
-0.323
-0.467
-0.304
-0.508
-0.552
-0.528
-0.478
-0.573
-0.622
-0.568
-0.648
-0.487
-0.414
-0.584
-0.526
-0.676
-0.642
-0.587
-0.556
-0.613
-0.558
-0.469
-0.492
-0.583
-0.567
-0.773
-0.552
-0.64
-0.614
-0.446
-0.696
-0.345
-0.4
-0.47
-0.577
-0.569
-0.52
-0.583
-0.483
-0.435
-0.512
-0.481
-0.599
-0.451
-0.462
-0.636
-0.46
-0.482
-0.499
-0.641
-0.45
-0.706
-0.492
-0.43
-0.593
-0.437
-0.51
-0.638
-0.542
-0.477
-0.513
-0.583
-0.485
-0.509
-0.394
-0.532
-0.493
-0.465
-0.622
-0.516
-0.47
-0.525
-0.575
-0.63
-0.467
-0.504
-0.68
-0.568
-0.541
-0.584
-0.622
-0.687
-0.69
-0.569
-0.725
-0.59
-0.621
-0.759
-0.386
-0.791
-0.631
-0.529
-0.422
-0.647
-0.491
-0.453
-0.499
-0.527
-0.462
-0.364
-0.536
-0.591
-0.708
-0.541
-0.381
-0.358
-0.427
-0.43
-0.497
-0.546
-0.503
-0.532
-0.352
-0.508
-0.362
-0.658
-0.519
-0.621
-0.651
-0.68
-0.696
-0.578
-0.54
-0.501
-0.573
-0.468
-0.402
-0.56
-0.491
-0.51
-0.437
-0.595
-0.502
-0.541
-0.606
-0.519
-0.654
-0.663
-0.723
-0.552
-0.632
-0.626
-0.669
-0.659
-0.649
-0.493
-0.648
-0.76
-0.655
-0.598
-0.497
-0.647
-0.958
-0.593
-0.743
-0.709
-0.767
-0.652
-0.739
-0.748
-0.533
-0.586
-0.614
-0.568
-0.636
-0.544
-0.647
-0.613
-0.688
-0.618
-0.451
-0.614
-0.35
-0.58
-0.664
-0.447
-0.452
-0.47
-0.547
-0.676
-0.559
-0.704
-0.503
-0.523
-0.592
-0.581
-0.602
-0.625
-0.48
-0.605
-0.513
-0.505
-0.454
-0.746
-0.558
-0.551
-0.464
-0.586
-0.522
-0.572
-0.48
-0.33
-0.517
-0.333
-0.36
-0.475
-0.447
-0.389
-0.401
-0.465
-0.38
-0.515
-0.456
-0.377
-0.585
-0.565
-0.545
-0.246
-0.374
-0.577
-0.457
-0.437
-0.459
-0.346
-0.371
-0.512
-0.445
-0.534
-0.664
-0.467
-0.422
-0.667
-0.511
-0.493
-0.608
-0.494
-0.581
-0.588
-0.449
-0.489
-0.513
-0.532
-0.456
-0.573
-0.682
-0.496
-0.525
-0.527
-0.276
-0.341
-0.429
-0.501
-0.445
-0.326
-0.393
-0.325
-0.354
-0.348
-0.496
-0.582
-0.567
-0.569
-0.305
-0.386
-0.584
-0.324
-0.467
-0.541
-0.437
