-122.36
-126.42
-121.15
-116.79
-123.94
-100.43
-115.08
-108.14
-113.53
-122.55
-122.81
-115.16
-112.03
-104.9
-119.8
-118.23
-114.47
-119.62
-109.9
-127.6
-106.14
-125.75
-119.77
-119.49
-131.75
-125.64
-122.55
-111.39
-113.84
-111.9
-115.66
-115.15
-121.88
-111.05
-115.1
-138.62
-121.5
-118.9
-120.2
-117.35
-120.33
-118.0
-119.52
-112.44
-109.14
-105.58
-117.26
-93.98
-115.32
-119.15
-115.59
-121.55
-111.49
-110.72
-135.46
-101.55
-108.27
-121.49
-122.35
-117.44
-103.3
-108.27
-113.58
-115.24
-97.99
-107.76
-104.5
-122.07
-112.35
-119.77
-125.24
-114.42
-120.15
-104.35
-108.04
-111.46
-111.45
-103.56
-103.07
-114.69
-116.29
-102.78
-111.53
-130.3
-111.23
-121.22
-113.15
-109.28
-117.68
-119.43
-124.71
-126.71
-119.01
-116.51
-106.8
-127.94
-136.63
-123.55
-137.09
-134.5
-136.47
-128.59
-128.91
-119.31
-119.49
-131.82
-133.62
-132.87
-127.44
-124.6
-118.74
-115.37
-114.3
-139.24
-131.57
-135.85
-121.1
-116.34
-114.89
-119.01
-126.23
-121.91
-134.81
-124.56
-120.11
-131.06
-114.53
-116.19
-113.78
-122.78
-117.85
-125.36
-127.73
-129.2
-118.3
-111.3
-108.66
-123.74
-112.61
-127.11
-120.43
-121.48
-128.23
-127.04
-107.18
-127.57
-118.65
-130.7
-136.93
-125.71
