-0.474
-0.501
-0.534
-0.51
-0.604
-0.571
-0.547
-0.498
-0.698
-0.818
-0.675
-0.657
-0.417
-0.555
-0.574
-0.591
-0.589
-0.548
-0.549
-0.594
-0.603
-0.729
-0.573
-0.47
-0.499
-0.495
-0.634
-0.522
-0.623
-0.598
-0.484
-0.544
-0.596
-0.585
-0.709
-0.525
-0.568
-0.63
-0.738
-0.78
-0.748
-0.716
-0.518
-0.612
-0.591
-0.548
-0.634
-0.451
-0.53
-0.544
-0.463
-0.508
-0.437
-0.528
-0.518
-0.448
-0.637
-0.586
-0.526
-0.583
-0.606
-0.551
-0.405
-0.596
-0.473
-0.563
-0.453
-0.543
-0.572
-0.474
-0.451
-0.65
-0.538
-0.417
-0.544
-0.501
-0.641
-0.439
-0.536
-0.54
-0.386
-0.476
-0.453
-0.51
-0.406
-0.591
-0.534
-0.529
-0.487
-0.523
-0.49
-0.802
-0.436
-0.496
-0.578
-0.747
-0.502
-0.547
-0.558
-0.499
-0.418
-0.505
-0.409
-0.288
-0.431
-0.493
-0.463
-0.287
-0.53
-0.577
-0.516
-0.443
-0.505
-0.562
-0.457
-0.634
-0.446
-0.488
-0.487
-0.381
-0.499
-0.552
-0.59
-0.553
-0.445
-0.475
-0.422
-0.555
-0.353
-0.603
-0.586
-0.503
-0.467
-0.573
-0.356
-0.435
-0.366
-0.636
-0.736
-0.619
-0.512
-0.618
-0.57
-0.562
-0.49
-0.533
-0.566
-0.458
-0.552
-0.289
-0.425
-0.498
-0.625
-0.514
-0.364
-0.404
-0.503
-0.46
-0.541
-0.619
-0.553
-0.375
-0.473
-0.584
-0.457
-0.459
-0.381
-0.537
-0.45
-0.448
-0.52
-0.582
-0.441
-0.622
-0.463
-0.591
-0.481
-0.407
-0.68
-0.354
-0.463
-0.518
-0.441
-0.559
-0.531
-0.424
-0.563
-0.426
-0.401
-0.675
-0.449
-0.56
-0.543
-0.561
-0.452
-0.335
-0.477
-0.376
-0.538
-0.175
-0.196
-0.46
-0.28
-0.441
-0.473
-0.422
-0.365
-0.322
-0.379
-0.337
-0.564
-0.561
-0.587
-0.494
-0.46
-0.676
-0.481
-0.59
-0.484
-0.436
-0.35
-0.427
-0.44
-0.422
-0.284
-0.66
-0.601
-0.504
-0.504
-0.524
-0.665
-0.322
-0.55
-0.547
-0.473
-0.54
-0.408
-0.464
-0.425
-0.435
-0.566
-0.54
-0.545
-0.547
-0.429
-0.414
-0.432
-0.308
-0.605
-0.426
-0.593
-0.415
-0.425
-0.44
-0.346
-0.46
-0.408
-0.378
-0.361
-0.573
-0.561
-0.555
-0.555
-0.519
-0.602
-0.696
-0.598
-0.658
-0.677
-0.525
-0.67
-0.515
-0.755
-0.729
-0.543
-0.472
-0.593
-0.467
-0.58
-0.601
-0.469
-0.619
-0.492
-0.712
-0.554
-0.583
-0.675
-0.744
-0.542
-0.451
-0.634
-0.517
-0.601
-0.582
-0.515
-0.674
-0.735
-0.662
-0.541
-0.634
-0.437
-0.559
-0.573
-0.465
-0.629
-0.639
-0.514
-0.492
-0.579
-0.482
-0.835
-0.587
-0.688
-0.781
-0.745
-0.655
-0.546
-0.609
-0.697
-0.757
-0.793
-0.444
-0.582
-0.516
-0.443
-0.446
-0.544
-0.58
-0.666
-0.603
-0.487
-0.541
-0.736
-0.803
-0.618
-0.453
-0.493
-0.662
-0.768
-0.749
-0.79
-0.634
-0.655
-0.88
-0.863
-0.519
-0.708
-0.678
-0.599
-0.769
-0.462
-0.673
-0.692
-0.906
-0.776
-0.794
-0.674
-0.783
-0.587
-0.598
-0.75
-0.646
-0.691
-0.624
-0.589
-0.58
-0.744
-0.728
-0.922
-0.626
-0.613
-0.603
-0.962
-0.762
-0.73
-0.615
-0.579
-0.692
-1.026
-1.002
-0.692
-0.769
-0.674
-0.614
-0.735
-0.815
-0.774
-0.56
-0.465
-0.693
-0.665
-0.47
-0.489
-0.519
-0.576
-0.502
-0.465
-0.649
-0.547
-0.483
-0.45
-0.595
-0.57
-0.523
-0.407
-0.583
-0.49
-0.468
-0.712
-0.612
-0.679
-0.418
-0.632
-0.394
-0.593
-0.579
-0.519
-0.61
-0.752
-0.708
-0.593
-0.733
-0.6
-0.631
-0.722
-0.676
-0.539
-0.602
-0.625
-0.699
-0.61
-0.492
-0.687
-0.781
-0.488
-0.597
-0.46
-0.523
-0.597
-0.606
-0.49
-0.593
-0.636
-0.606
-0.567
-0.536
-0.668
-0.388
-0.606
-0.364
-0.654
