-665.729
-660.623
-724.688
-723.956
-685.456
-663.997
-746.829
-723.781
-641.56
-674.346
-729.729
-694.92
-685.632
-666.313
-710.372
-705.914
-713.573
-690.304
-689.351
-701.491
-655.665
-726.309
-746.539
-747.707
-717.602
-673.794
-662.802
-672.644
-669.986
-627.732
-607.633
-610.071
-673.143
-649.477
-692.986
-686.797
-648.196
-682.002
-653.857
-669.469
-661.23
-648.645
-689.141
-637.834
-655.663
-627.45
-631.999
-599.967
-634.948
-651.718
-603.35
-626.314
-620.944
-616.331
-622.162
-629.313
-582.407
-582.62
-594.823
-660.9
-630.406
-663.958
-638.74
-640.983
-634.789
-636.404
-622.39
-634.451
-620.838
-671.149
-659.012
-644.996
-685.226
-669.197
-631.818
-713.877
-634.936
-643.119
-692.355
-688.176
-690.912
-648.798
-682.241
-681.165
-691.825
-688.945
-678.772
-690.202
-653.337
-673.951
-707.005
-629.645
-676.545
-687.598
-703.03
-635.325
-668.158
-679.904
-682.453
-719.896
-657.618
-661.16
-648.088
-662.512
-659.588
-697.804
-665.524
-638.26
-650.964
-667.593
-651.854
-668.248
-659.334
-641.996
-660.839
-705.432
-614.538
-691.351
-649.446
-667.15
-664.117
-663.862
-668.295
-630.898
-689.593
-699.327
-654.177
-661.018
-648.018
-680.91
-653.405
-614.073
-676.431
-667.575
-604.353
-676.003
-645.272
-634.197
-683.638
-682.728
-688.987
-707.109
-721.659
-690.432
-644.447
-690.401
-675.189
-723.419
-693.399
-660.602
-670.803
-721.826
-754.143
-686.432
-673.374
-659.908
-700.713
-697.161
-673.957
-671.901
-671.739
-664.045
-680.255
-680.084
-691.741
-671.865
-687.611
-649.671
-675.339
-669.215
-670.021
-649.764
-668.579
-673.907
-662.489
-632.355
-738.013
-736.598
-762.63
-690.452
-714.285
-681.037
-695.459
-702.742
-771.049
-751.572
-740.425
-718.91
-713.406
-765.724
-693.49
-729.616
-737.679
-769.504
-719.491
-722.282
-706.63
-720.539
-719.348
-730.303
-731.778
-703.963
-734.362
-700.646
-774.891
-735.148
-753.939
-711.948
-683.392
-675.267
-686.778
-686.564
-663.655
-691.272
-692.889
-702.207
-681.427
-691.82
-656.544
-696.489
-646.197
-702.555
-674.102
-664.912
-699.746
-730.148
-717.425
-703.091
-685.843
-673.217
-680.597
-687.998
-691.71
-678.041
-715.398
-695.571
-711.683
-703.768
-679.844
-630.628
-667.377
-708.39
-745.231
-760.566
-677.64
-702.586
-775.862
-722.766
-748.159
-735.807
-752.552
-726.928
-740.123
-691.488
-714.254
-659.937
-717.436
-710.055
-715.809
-707.729
-747.162
-759.505
-764.923
-695.724
-756.504
-744.508
-715.906
-724.842
-750.053
-750.239
-737.946
-730.347
-750.146
-706.356
-693.523
-751.841
-745.648
-724.287
-722.361
-774.939
-729.014
-743.626
-704.709
-744.724
-711.525
-723.212
-725.592
-768.171
-702.254
-753.978
-751.807
-732.873
-700.624
-722.353
-729.916
-761.294
-683.078
-721.17
-762.005
-712.88
-680.59
-736.813
-760.549
-738.819
-766.463
-774.824
-735.414
-705.35
-726.642
-713.976
-782.701
-804.992
-737.748
-754.29
-760.118
-780.0
-796.422
-771.173
-793.743
-775.036
-769.586
-692.659
-735.786
-767.647
-757.083
-747.41
-732.494
-733.564
-684.22
-705.606
-691.972
-711.984
-731.8
-702.391
-757.898
-664.277
-780.922
-727.926
-747.964
-765.581
-752.983
-861.708
-782.376
-745.442
-795.282
-755.935
-716.672
-737.515
-761.892
-680.38
-710.778
-752.56
-724.798
-798.506
-695.537
-747.425
-732.94
-735.348
-694.822
-692.395
-732.232
-711.57
-738.316
-718.649
-689.702
-716.134
-766.825
-682.375
-754.023
-730.13
-762.459
-731.959
-681.981
-698.736
-741.778
-666.901
-733.036
-710.113
-774.88
-756.781
-747.128
-751.54
-752.405
-772.934
-737.753
-749.712
-771.681
-717.341
-698.937
-758.574
-724.891
-744.526
-731.773
-715.004
-725.163
-697.135
-687.856
-692.834
-695.114
-657.525
-648.631
-723.624
-696.041
-698.711
-578.558
-678.476
-670.505
-716.795
-681.756
-670.054
-715.88
-710.573
-701.116
-724.506
-759.934
-693.124
-730.637
-710.25
-738.207
-695.618
-666.659
-666.307
-627.904
-641.259
-660.442
-566.332
-654.001
-687.304
-692.211
-659.484
-692.499
-637.402
-662.444
-661.928
-648.728
-709.008
-672.17
-676.719
-706.328
-647.611
-647.603
-663.476
-689.912
-693.873
-678.327
-689.941
-719.53
-698.413
-702.451
-710.535
-719.614
