-99.18
-104.21
-110.3
-108.56
-114.71
-102.02
-102.21
-102.49
-106.38
-96.81
-104.88
-105.59
-97.47
-107.09
-114.02
-99.52
-98.33
-107.33
-96.26
-111.54
-96.12
-104.93
-99.9
-100.14
-92.13
-96.32
-95.51
-90.04
-95.92
-81.2
-85.9
-95.17
-102.95
-99.03
-99.11
-100.49
-99.01
-97.57
-101.89
-94.95
-95.88
-110.73
-91.93
-99.5
-88.24
-97.01
-87.99
-89.96
-81.54
-95.61
-85.32
-81.35
-81.33
-89.62
-85.72
-92.84
-83.89
-85.88
-73.93
-95.59
-98.82
-103.12
-82.81
-95.0
-99.06
-92.72
-78.26
-86.0
-95.39
-86.61
-96.91
-91.3
-89.24
-81.79
-100.77
-101.48
-100.84
-103.31
-102.14
-96.13
-94.09
-95.44
-97.68
-88.05
-92.38
-101.8
-86.08
-102.16
-98.06
-99.19
-106.15
-93.8
-100.34
-91.59
-95.5
-90.82
-87.2
-90.33
-95.39
-99.55
-82.44
-101.64
-89.41
-96.59
-86.81
-100.55
-92.05
-98.09
-95.43
-92.41
-100.46
-94.56
-92.19
-96.91
-82.71
-96.16
-99.93
-93.03
-87.19
-100.26
-91.81
-90.9
-99.01
-81.83
-99.96
-99.13
-98.54
-90.96
-83.54
-104.28
-100.28
-87.73
-98.6
-88.6
-94.8
-88.93
-102.1
-99.06
-89.73
-110.76
-106.09
-97.83
-109.63
-98.57
-102.68
-106.52
-109.82
-93.72
-102.23
-108.59
-104.44
-111.16
-105.92
-101.43
-99.72
-98.15
-96.64
-100.46
-98.78
-112.78
-107.77
-110.17
-101.96
-102.3
-94.21
-106.62
-103.84
-104.82
-91.91
-107.15
-92.96
-99.29
-97.74
-93.85
-115.99
-110.19
-98.83
-109.07
-104.3
-107.89
-112.37
-100.19
-108.93
-112.43
-117.51
-114.28
-106.74
-112.56
-119.19
-113.25
-115.73
-118.45
-116.15
-120.8
-109.42
-106.36
-102.67
-114.71
-124.55
-110.64
-114.16
-109.8
-106.41
-109.94
-105.1
-108.92
-113.15
-114.66
-108.68
-108.08
-94.87
-87.87
-91.01
-111.47
-104.59
-99.1
-102.55
-97.14
-104.59
-106.15
-101.24
-112.0
-103.59
-87.36
-90.32
-112.12
-103.83
-95.48
-101.77
-84.93
-100.54
-104.38
-97.66
-94.46
-102.08
-95.54
-104.27
-101.18
-99.19
-96.73
-92.28
-106.45
-107.66
-103.63
-112.55
-116.26
-105.82
-113.66
-107.23
-107.51
-115.78
-107.95
-99.56
-112.05
-105.61
-115.6
-112.36
-110.04
-99.61
-107.61
-110.67
-110.66
-119.43
-111.36
-115.16
-106.28
-111.9
-95.46
-114.82
-109.19
-115.44
-112.29
-99.24
-109.06
-105.29
-109.76
-104.66
-110.48
-100.33
-104.81
-104.0
-105.95
-95.97
-97.75
-100.54
-91.77
-96.61
-92.3
-100.35
-97.72
-101.62
-107.7
-100.96
-108.59
-113.38
-109.47
-90.89
-108.77
-114.7
-107.73
-103.78
-92.59
-113.48
-113.76
-102.79
-107.51
-104.77
-112.41
-111.29
-110.72
-108.71
-114.84
-106.96
-114.47
-118.15
-108.1
-121.7
-119.17
-114.99
-117.51
-114.83
-97.04
-104.4
-109.52
-98.32
-110.91
-108.57
-104.05
-112.69
-103.06
-107.2
-105.87
-101.22
-112.18
-117.89
-112.64
-119.5
-123.62
-108.88
-112.91
-114.0
-128.32
-124.41
-101.77
-124.04
-105.81
-114.29
-112.88
-119.94
-103.06
-102.6
-105.47
-105.94
-115.28
-107.55
-106.24
-112.85
-104.37
-109.59
-102.43
-114.65
-113.24
-111.61
-110.32
-108.56
-110.08
-108.07
-107.99
-117.63
-112.32
-110.94
-104.59
-113.61
-104.98
-105.43
-107.04
-108.75
-94.94
-112.8
-102.84
-104.25
-103.55
-113.26
-100.28
-112.02
-96.78
-109.02
-104.52
-110.31
-111.21
-115.29
-108.61
-93.7
-106.6
-100.45
-104.44
-96.45
-102.41
-97.81
-91.92
-87.53
-99.72
-103.21
-87.33
-96.96
-92.98
-103.77
-99.54
-99.91
-103.88
-101.27
-92.39
-98.64
-111.26
-106.61
-107.88
-106.92
-101.25
-90.89
-87.21
-91.85
-92.14
-89.68
-93.3
-106.07
-93.03
-91.84
-102.53
-100.33
-98.51
-96.44
-97.59
-99.0
-83.93
-103.04
-95.82
-95.4
-96.87
-100.2
-104.78
-100.26
-98.96
-91.18
-99.02
-94.53
-101.72
-94.65
-95.3
-102.29
-101.26
-106.14
