-88.13
-101.85
-95.85
-107.96
-99.25
-107.3
-89.52
-92.12
-90.68
-105.47
-110.29
-115.93
-106.77
-105.48
-113.9
-109.04
-108.22
-103.12
-99.96
-121.0
-102.43
-105.65
-115.69
-99.15
-108.02
-111.82
-100.71
-118.01
-119.03
-110.87
-101.39
-104.03
-115.96
-102.94
-106.28
-110.68
-99.52
-119.9
-105.67
-120.28
-115.05
-108.48
-108.65
-117.8
-120.66
-109.53
-113.11
-103.82
-113.17
-119.36
-103.87
-116.48
-90.51
-110.59
-99.26
-121.0
-111.65
-111.5
-96.93
-105.29
-121.12
-117.49
-107.53
-107.02
-106.13
-120.57
-113.27
-113.14
-110.92
-115.79
-100.56
-105.31
-116.81
-110.36
-110.83
-117.78
-108.19
-104.75
-95.61
-108.82
-115.36
-106.35
-110.84
-104.34
-94.57
-102.46
-107.68
-107.21
-113.15
-112.13
-112.27
-108.14
-135.12
-114.67
-125.46
-119.29
-127.15
-111.77
-119.32
-121.91
-120.09
-132.19
-129.91
-125.67
-107.84
-107.62
-118.33
-118.78
-123.4
-117.31
-121.29
-123.96
-108.12
-122.48
-118.47
-106.97
-114.49
-100.48
-114.05
-122.05
-120.98
-118.3
-112.99
-116.56
-116.69
-116.71
-131.48
-128.41
-135.22
-125.47
-126.13
-126.98
-130.0
-120.09
-135.81
-137.48
-130.72
-132.6
-131.51
-143.07
-123.05
-129.86
-133.16
-139.14
-141.29
-132.7
-129.66
-131.66
-147.42
-135.44
