-28.53
-27.54
-34.87
-23.13
-37.83
-31.99
-29.19
-27.35
-28.97
-27.64
-33.63
-33.09
-39.4
-25.84
-24.24
-27.46
-30.58
-22.14
-27.3
-35.76
-40.4
-39.67
-38.66
-34.71
-39.39
-38.72
-39.59
-33.03
-37.29
-34.53
-38.43
-39.21
-29.53
-24.4
-33.06
-34.57
-31.51
-20.72
-33.24
-36.15
-28.81
-24.25
-36.76
-37.71
-28.5
-30.62
-30.19
-28.75
-31.49
-27.41
-28.95
-31.16
-24.82
-26.17
-20.38
-27.22
-28.26
-27.11
-32.51
-25.99
-32.02
-31.94
-33.22
-38.78
-46.84
-31.68
-40.05
-32.11
-33.53
-31.52
-35.53
-29.44
-23.95
-35.64
-20.03
-18.23
-21.94
-19.52
-29.2
-23.98
-37.76
-32.7
-29.03
-30.67
-35.72
-38.42
-34.2
-24.36
-35.24
-36.55
-32.3
-36.69
-30.88
-21.78
-28.57
-29.49
-29.42
-23.41
-26.97
-25.22
-23.18
-34.44
-28.85
-21.07
-27.23
-29.13
-34.79
-23.7
-33.89
-30.5
-33.99
-31.01
-33.97
-29.71
-30.27
-35.99
-30.75
-32.54
-40.37
-41.43
-47.72
-42.51
-33.5
-34.87
-34.67
-34.65
-38.82
-39.81
-43.7
-37.88
-30.58
-33.29
-30.54
-33.05
-46.07
-45.92
-48.98
-50.96
-36.86
-56.51
-36.65
-39.66
-42.29
-32.2
-36.26
-40.1
-46.42
-38.1
-32.71
-32.69
-27.81
