-47.93
-49.94
-45.46
-44.18
-40.93
-48.88
-44.31
-45.52
-49.9
-43.62
-43.8
-42.88
-41.94
-46.87
-47.89
-47.46
-41.61
-51.98
-48.37
-46.52
-52.78
-50.68
-46.4
-48.75
-52.8
-50.36
-44.91
-46.0
-45.89
-47.4
-40.63
-44.9
-47.44
-47.23
-48.56
-41.15
-41.71
-47.32
-46.98
-42.92
-43.24
-47.43
-45.63
-43.69
-41.91
-47.23
-41.41
-43.09
-35.57
-41.6
-49.68
-46.83
-44.3
-45.21
-42.86
-39.9
-42.29
-47.22
-45.53
-49.37
-44.52
-47.71
-42.81
-42.58
-39.85
-41.69
-34.08
-34.94
-40.72
-47.75
-43.66
-39.23
-47.48
-42.09
-40.96
-46.12
-42.41
-41.6
-39.69
-44.42
-42.28
-40.6
-24.15
-45.73
-43.51
-41.03
-40.61
-37.37
-37.2
-40.35
-40.54
-43.11
-45.19
-38.94
-39.17
-37.44
-37.48
-38.3
-32.25
-46.2
-36.69
-33.07
-37.09
-32.43
-36.04
-38.5
-36.91
-39.27
-37.39
-35.75
-36.23
-43.45
-47.85
-47.94
-45.23
-47.82
-45.25
-45.15
-44.03
-40.92
-40.53
-41.74
-37.27
-39.97
-33.44
-37.75
-32.91
-33.21
-27.3
-37.34
-38.12
-36.66
-35.77
-43.46
-48.35
-49.2
-31.36
-45.8
-45.29
-44.2
-40.69
-37.81
-34.52
-38.47
-39.93
-37.72
-43.32
-40.85
-41.77
-44.62
-43.52
-46.23
-43.29
-39.15
-40.69
-43.18
-32.71
-42.1
-41.87
-37.86
-41.0
-49.68
-38.13
-40.62
-43.3
-45.27
-39.62
-46.24
-46.98
-53.08
-46.23
-40.24
-45.28
-42.0
-50.49
-43.82
-45.32
-44.72
-48.18
-43.54
-47.7
-49.79
-42.78
-56.48
-51.88
-45.34
-59.19
-54.8
-58.7
-51.77
-49.25
-47.9
-46.63
-44.8
-43.18
-52.23
-40.97
-42.25
-43.67
-45.05
-42.73
-45.26
-45.15
-46.19
-46.32
-39.02
-43.21
-51.51
-47.24
-45.58
-41.5
-40.93
-47.59
-47.69
-47.06
-45.77
-49.48
-41.31
-47.45
-49.48
-43.08
-45.33
-50.53
-39.8
-45.32
-41.93
-42.96
-35.16
-47.0
-55.45
-55.12
-53.29
-42.67
-52.25
-55.35
-53.22
-57.43
-51.73
-51.78
-51.2
-52.4
-46.92
-46.4
-50.04
-50.01
-46.84
-48.12
-50.12
-50.3
-48.93
-43.2
-49.44
-47.73
-52.85
-50.63
-48.33
-50.7
-48.34
-47.09
-52.32
-49.22
-46.95
-44.05
-56.58
-48.72
-57.3
-50.79
-55.49
-49.83
-52.47
-51.99
-55.05
-45.13
-58.94
-51.54
-53.4
-47.27
-51.2
-50.64
-50.21
-51.33
-49.46
-50.46
-52.23
-53.47
-49.27
-44.94
-52.9
-48.19
-54.21
-49.96
-47.16
-50.0
-52.75
-52.34
-44.74
-47.35
-41.81
-48.87
-49.94
-50.21
-51.47
-48.82
-44.69
-42.93
-51.61
-44.95
-44.95
-41.55
-41.06
-45.12
-39.8
-45.24
-46.61
-51.15
-49.05
-44.1
-45.5
-50.11
-40.34
-46.19
-48.56
-47.4
-50.85
-47.24
-53.05
-48.4
-50.88
-48.11
-51.12
-45.1
-51.6
-42.94
-43.98
-40.21
-50.65
-49.09
-45.05
-48.79
-45.81
-52.51
-50.37
-53.69
-58.12
-55.78
-55.85
-53.51
-55.72
-54.09
-53.19
-59.84
-55.93
-64.13
-57.82
-60.73
-65.24
-65.28
-56.0
-60.99
-54.9
-60.77
-59.64
-55.15
-51.74
-51.48
-58.25
-62.47
-59.24
-57.8
-56.51
-62.35
-62.79
-62.75
-57.12
-59.8
-57.02
-62.58
-61.44
-57.91
-56.77
-61.06
-48.87
-61.67
-61.77
-59.14
-60.66
-58.72
-61.96
-56.58
-50.28
-56.79
-56.22
-57.91
-56.1
-52.78
-53.6
-59.22
-56.98
-54.66
-50.91
-61.59
-58.34
-62.37
-55.14
-53.48
-62.24
-52.13
-51.24
-50.33
-53.12
-57.46
-60.84
-53.18
-47.02
-43.49
-50.06
-54.42
-50.49
-55.64
-54.42
-55.93
-54.06
-49.71
-55.37
-55.13
-52.91
-56.29
-55.98
-46.49
-44.33
-52.15
-48.02
-58.54
-55.82
-53.88
-56.09
-59.96
-59.84
-52.74
-53.56
-53.55
-61.55
-60.06
-59.85
-54.87
-55.25
-55.17
-57.66
-56.43
-56.74
-58.97
-52.45
-51.69
-47.46
-57.54
-53.68
-52.45
-48.37
-54.13
-55.17
-51.76
-49.9
-59.54
-60.66
-57.5
-58.4
-59.5
-57.3
-57.26
-55.04
-52.85
-55.59
-59.88
-57.1
-48.82
-53.95
-54.65
-57.94
-54.55
-60.9
-52.61
-52.86
-57.21
-59.9
-56.86
-59.31
-59.65
-53.49
-61.43
-52.54
-54.83
-60.5
-56.83
-59.88
-56.77
-58.45
-50.17
-59.09
-61.17
-50.32
-65.97
-53.84
-54.34
-53.57
-61.63
-67.52
-58.26
-58.84
-49.55
-56.61
-59.19
-55.56
-58.15
-58.53
-59.15
-64.92
-58.39
-52.49
-61.96
-60.15
-55.35
-57.19
-56.17
-56.86
-60.43
-63.24
-53.21
-51.41
-59.95
-61.22
-56.18
-54.92
-57.3
-52.42
-54.44
-48.94
-44.09
-62.45
-58.41
-55.93
-51.5
-55.26
-58.49
-52.58
-58.64
-54.1
-52.97
-58.09
-55.38
-57.36
-58.6
-55.24
-48.68
-48.53
-63.19
-49.65
-55.18
-52.12
-59.94
-59.56
-59.94
-59.82
-54.4
-57.56
-56.38
-52.57
-53.96
-49.05
-51.44
-53.27
-54.98
-54.63
-56.7
-45.59
-47.35
-58.31
-55.43
-52.41
-53.55
-52.67
-51.29
-51.5
-52.68
-48.62
-51.85
-50.42
-56.74
-42.66
-53.81
-53.82
-54.23
-57.72
-52.58
-57.84
-54.71
-58.5
-48.61
-58.86
-63.72
-59.03
-58.29
-60.72
-54.49
-55.76
-62.46
-54.37
-54.4
-51.41
-57.7
-51.56
-58.02
-57.55
-50.11
-56.23
-54.2
-57.13
-54.56
-56.74
-53.09
-51.9
-52.42
-58.92
-58.73
-59.21
-60.46
-66.75
-61.89
-63.58
-57.81
-60.84
-52.62
-57.6
-48.3
-63.78
-59.72
-60.4
-54.95
-57.76
-59.09
-53.27
-54.34
-53.76
-55.52
-62.78
-56.53
-59.42
-61.23
-60.92
-55.83
-50.01
-55.26
-51.13
-57.91
-49.62
-52.52
-51.23
-56.56
-57.04
-53.99
-52.37
-53.89
-52.34
-46.2
-55.92
-54.59
-53.58
-58.87
-53.42
-62.57
-60.4
-54.1
-60.27
-53.12
-50.19
-56.31
-50.96
-51.42
-58.32
-52.14
-51.91
-55.56
-52.06
-50.35
-55.48
-48.75
-50.42
-48.82
-45.16
-51.33
-51.45
-58.44
-55.4
-58.54
-56.11
-50.3
-55.97
-50.45
-58.07
-54.22
-57.2
-63.16
-61.03
-56.52
-58.19
-56.83
-57.79
-57.56
-53.98
-61.23
-62.02
-55.06
-61.28
-60.14
-62.52
-58.68
-52.35
-63.76
-60.71
-56.34
-60.11
-65.38
-58.75
-59.76
-55.57
-63.17
-57.96
-58.36
-57.48
-59.2
-55.3
-59.23
-52.13
-61.36
-60.4
-61.61
-62.25
-59.03
-58.72
-57.29
-61.24
-57.29
-66.04
-60.32
-64.1
-53.07
-65.43
-55.87
-61.39
-58.66
-65.31
-61.56
-61.07
-56.18
-54.23
-61.62
-62.09
-60.67
-51.79
-55.88
-59.28
-57.07
-61.81
-56.5
-58.61
-51.0
-57.64
-55.64
-58.31
-62.19
-59.69
-63.05
-56.21
-57.73
-59.9
-58.44
-54.45
-51.48
-61.22
-49.82
-54.53
-59.25
-60.48
-52.31
-59.12
-60.93
-55.39
-58.06
-58.6
-61.08
-58.22
-61.31
-56.95
-54.2
-54.45
-54.36
-55.43
-53.64
-62.6
-56.02
-55.8
-61.66
-58.02
-56.98
-59.77
-53.83
-55.81
-57.91
-53.14
-52.85
-62.54
-47.99
-48.73
-55.3
-54.43
-58.16
-57.77
-54.34
-57.29
-56.22
-61.26
-55.56
-54.52
-58.41
-53.45
-53.95
-62.41
-62.04
-54.34
-57.01
-65.79
-59.81
-57.04
-59.41
-51.43
-52.17
-61.97
-64.11
-60.26
-61.32
-60.38
-63.48
-51.51
-59.68
-61.1
-49.36
-56.65
-61.41
-57.71
-58.93
-58.78
-61.74
-55.39
-64.57
-57.22
-57.12
-58.12
-60.95
-50.99
-53.2
-59.14
-60.56
-55.23
-58.1
-55.63
-58.34
-52.65
-60.28
-53.89
-59.37
-58.56
-54.46
-53.59
-60.36
-58.37
-55.11
-54.99
-54.23
-53.1
-62.43
-54.16
-60.8
-52.76
-54.35
-59.46
-49.29
-61.91
-56.94
-62.81
-59.95
-60.04
-57.5
-61.14
-55.12
-52.1
-50.26
-58.27
-54.87
-43.74
-50.11
-58.27
-54.95
-56.31
-51.17
-57.33
-58.4
-55.8
-44.79
-51.47
-56.03
-51.73
-53.96
-42.81
-53.7
-50.59
-48.58
-53.02
-49.09
-46.35
-45.28
-54.11
-56.53
-50.36
-53.85
-48.29
-58.98
-53.3
-49.76
-46.29
-58.34
-58.14
-62.33
-64.36
-59.57
-51.54
-51.66
-51.66
-56.85
-48.01
-53.55
-51.91
-54.83
-53.4
-53.87
-56.3
-54.48
-51.82
-54.22
-40.96
-45.51
-45.42
-57.57
