-317.258
-381.686
-321.78
-328.2
-331.552
-334.856
-318.738
-340.113
-328.431
-315.914
-297.306
-340.527
-330.569
-298.829
-322.219
-310.402
-315.918
-325.967
-320.38
-290.077
-327.981
-266.218
-313.539
-357.255
-298.515
-321.102
-313.377
-308.248
-310.877
-295.028
-310.797
-330.558
-321.909
-330.054
-337.277
-309.696
-339.139
-305.187
-328.128
-316.545
-340.468
-317.98
-291.868
-295.305
-324.82
-351.122
-300.523
-303.433
-289.067
-330.264
-373.556
-382.546
-324.649
-342.403
-338.109
-336.78
-301.361
-380.307
-343.073
-368.732
-344.675
-368.06
-318.157
-308.891
-324.057
-330.215
-292.518
-319.099
-337.993
-362.964
-366.587
-382.473
-368.025
-378.346
-345.215
-350.512
-396.122
-337.737
-334.061
-345.395
-346.118
-323.479
-299.641
-335.252
-339.369
-334.758
-276.289
-310.673
-340.588
-315.485
-284.243
-355.953
-328.433
-315.016
-298.893
-276.285
-316.624
-326.091
-339.765
-321.759
-315.456
-294.705
-312.824
-295.307
-362.44
-355.349
-346.763
-300.525
-311.186
-339.267
-327.747
-338.5
-375.516
-349.489
-328.862
-366.083
-312.109
-302.482
-352.229
-379.124
-335.586
-309.038
-353.919
-303.995
-296.695
-329.827
-292.745
-336.122
-356.205
-367.208
-363.01
-351.582
-355.682
-335.777
-349.568
-366.122
-345.837
-365.276
-355.607
-316.734
-379.237
-360.549
-340.924
-390.228
-343.845
-331.055
-327.728
-323.516
-326.442
-334.531
-365.29
-311.236
-272.531
-300.638
-302.655
-316.338
-303.464
-320.583
-310.134
-308.161
-323.684
-330.86
-327.848
-293.254
-351.608
-352.412
-339.449
-375.114
-368.509
-377.991
-334.689
-312.622
-342.689
-349.985
-327.994
-352.643
-358.665
-354.123
-353.301
-306.361
-342.462
-323.803
-326.84
-392.918
-412.249
-413.256
-397.202
-351.162
-373.821
-347.539
-338.389
-342.55
-316.876
-305.97
-337.109
-324.798
-331.081
-322.913
-312.929
-338.715
-314.236
-326.773
-341.894
-317.495
-313.405
-287.708
-333.742
-349.356
-322.128
-338.11
-329.538
-333.32
-324.376
-381.701
-356.734
-365.378
-352.942
-340.922
-363.702
-351.231
-348.824
-304.156
-351.019
-319.315
-311.291
-296.963
-325.781
-355.356
-358.989
-358.725
-364.085
-377.318
-394.971
-385.503
-402.747
-397.513
-379.365
-398.183
-367.346
-373.115
-365.745
-368.021
-359.383
-371.513
-393.68
-378.044
-352.311
-378.764
-344.74
-352.346
-386.93
-379.487
-375.852
-401.922
-345.372
-354.556
-359.082
-356.637
-355.295
-422.265
-415.165
-361.707
-353.278
-379.46
-350.799
-426.856
-421.67
-354.116
-414.88
-407.011
-362.115
-387.65
-403.204
-386.543
-397.477
-381.699
-356.332
-357.139
-360.14
-359.953
-365.365
-358.29
-368.301
-396.115
-370.072
-379.813
-363.495
-373.826
-364.724
-382.617
-340.092
-341.866
-350.385
-357.009
-360.188
-328.084
-340.211
-384.336
-316.673
-381.123
-345.514
-342.446
-365.914
-347.306
-331.285
-355.524
-315.712
-308.642
-338.033
-336.409
-300.597
-301.089
-315.306
-322.369
-326.672
-325.723
-335.975
-310.597
-336.846
-316.982
-334.689
-336.27
-345.702
-330.162
-323.036
-333.825
-319.149
-299.235
-317.352
-368.077
-351.213
-332.323
-328.415
-330.697
-343.239
-350.051
-352.538
-368.537
-380.271
-383.697
-375.994
-384.886
-390.515
-372.733
-386.539
-368.475
-393.269
-380.122
-372.646
-389.657
-377.936
-400.176
-389.812
-394.576
-395.715
-408.96
-395.28
-394.083
-376.941
-370.688
-381.7
-373.556
-351.964
-363.183
-334.562
-386.62
-367.301
-376.914
-380.092
-375.77
-363.055
-401.963
-380.897
-382.49
-375.586
-417.877
-401.038
-384.259
-385.998
-406.053
-412.582
-421.094
-419.222
-400.014
-399.003
-364.098
-403.919
-390.334
-401.332
-347.117
-392.219
-368.294
-365.539
-415.035
-384.067
-358.915
-382.263
-369.526
-386.088
-352.515
-381.435
-369.578
-395.619
-371.08
-364.781
-374.72
-383.897
-388.599
-353.119
-390.342
-370.557
-384.924
-377.662
-374.659
-378.158
-361.076
-382.045
-368.517
-379.646
-363.377
-396.663
-382.886
-309.645
-408.448
-393.842
-378.954
-421.162
-381.411
-377.042
-394.107
-390.177
-410.988
-359.26
-393.201
-386.657
-357.372
-394.363
-394.383
-384.686
-391.105
-391.262
-366.394
-376.835
-386.014
-368.521
-355.464
-363.761
-366.329
-365.571
-371.396
-343.671
-348.251
-335.703
-343.951
-342.544
-342.957
-331.847
-359.568
-380.362
-372.852
-390.125
-346.816
-347.216
-355.44
-381.732
-352.067
-420.883
-392.226
-350.139
-362.981
-374.027
-364.412
-404.774
-375.463
-412.532
-345.639
-376.723
-357.803
-399.156
-395.766
-342.658
-384.37
-395.266
-402.03
-380.233
-401.752
-417.071
-413.584
-398.874
-389.177
-394.65
-435.788
-407.262
-404.142
-375.967
-406.999
-412.854
-411.911
-429.181
-411.862
-430.451
-400.384
-441.444
-418.316
-418.391
-395.348
-425.002
-414.303
-403.673
-389.496
-404.579
-418.306
-394.892
-413.418
-407.538
-404.976
-419.506
-412.672
-426.153
-390.933
-419.012
-398.347
-392.26
-401.501
-422.749
-403.896
-412.278
-413.818
-402.957
-349.284
-397.773
-385.597
-418.605
-390.656
-391.903
-400.94
-406.344
-427.427
-385.998
-386.02
-345.997
-333.355
-364.592
-346.472
-398.038
-417.96
-393.037
-413.26
-422.541
-392.489
-418.805
-409.087
-397.025
-407.399
-409.388
-391.563
-370.158
-418.233
-402.255
-402.758
-368.198
-369.591
-374.645
-382.56
-404.408
-365.867
-406.314
-376.809
-358.408
-420.93
-384.927
-381.649
-404.219
-377.388
-370.473
-371.711
-371.951
-358.933
-355.211
-349.973
-364.791
-353.125
-361.305
-352.696
-393.352
-383.641
-386.212
-375.262
-402.538
-395.539
-398.253
-384.519
-374.19
-397.047
-398.1
-406.476
-408.818
-406.591
-407.195
-383.163
-388.125
-390.026
-399.16
-399.79
-416.527
-409.237
-394.395
-394.637
-362.288
-362.334
-380.904
-389.506
-387.473
-389.443
-385.124
-372.361
-432.073
-388.399
-400.982
-402.942
-389.149
-403.365
-395.792
-420.169
-421.877
-438.122
-393.664
-389.529
-397.3
-381.306
-366.067
-388.673
-375.735
-397.116
-408.563
-417.198
-428.311
-394.634
-406.313
-363.339
-378.336
-391.116
-385.454
-393.931
-405.502
-417.314
-417.557
-402.795
-403.161
-381.878
-401.496
-407.83
-404.885
-377.909
-411.208
-355.39
-428.627
-364.427
-411.189
-411.764
-384.696
-374.079
-362.497
-372.393
-371.849
-391.434
-370.894
-421.561
-392.684
-399.708
-392.084
-404.141
-387.704
-360.82
-375.767
-384.462
-380.892
-384.939
-364.969
-349.535
-323.054
-333.566
-320.602
-392.012
-348.886
-325.593
-378.358
-363.502
-354.84
-373.769
-385.12
-370.522
-383.796
-364.419
-419.582
-414.06
-403.786
-415.819
-399.876
-427.629
-454.774
-453.753
-451.197
-421.063
-451.889
-465.424
-420.573
-424.615
-422.469
-444.351
-460.007
-439.118
-483.05
-451.363
-417.992
-430.263
-457.38
-455.722
-414.032
-461.795
-460.136
-449.106
-445.396
-450.198
-462.926
-470.63
-424.884
-418.342
-392.813
-430.533
-439.847
-447.299
-402.518
-473.973
-441.152
-428.044
-456.785
-446.9
-457.817
-464.687
-410.95
-437.676
-425.161
-415.243
-374.684
-437.212
-406.855
-397.991
-365.464
-431.994
-413.226
-416.356
-433.498
-416.389
-435.146
-448.28
-441.12
-412.175
-431.621
-410.668
-401.466
-404.823
-388.66
-404.446
-404.741
-404.89
-423.787
-404.609
-426.662
-407.137
-368.755
-375.536
-371.973
-400.83
-390.726
-434.511
-413.86
-430.964
-405.791
-407.564
-425.782
-422.643
-437.162
-407.894
-422.658
-383.664
-405.766
-401.023
-403.076
-426.79
-430.857
-399.608
-382.348
-371.271
-432.066
-415.409
-449.685
-410.254
-392.499
-426.044
-419.695
-436.675
-417.413
-429.733
-428.726
-418.363
-391.366
-386.139
-419.007
-367.194
-408.523
-395.283
-386.2
-415.68
-418.518
-426.508
-409.975
-406.876
-415.893
-435.724
-397.324
-395.081
-435.037
-401.158
-453.817
-422.312
-414.993
-403.585
-411.577
-415.485
-402.417
-424.225
-413.896
-414.838
-433.963
-388.949
-422.522
-431.794
-442.488
-430.699
-402.805
-394.609
-376.402
-417.526
-408.147
-399.134
-428.997
-403.302
-422.773
-379.395
-411.709
-387.735
-444.175
-398.879
-408.98
-445.357
-436.291
-400.046
-344.716
-372.846
-387.642
-438.153
-427.717
-426.085
-378.546
-381.769
-424.067
-403.832
-407.33
-371.939
-393.66
-459.313
-408.892
-420.489
-450.97
-388.514
-416.886
-484.954
-447.858
-436.16
-412.707
-454.021
-422.626
-445.363
-454.485
-446.544
-432.15
-457.023
-449.062
-447.838
-478.17
-432.274
-466.487
-415.064
-420.843
-405.815
-429.808
-398.917
-404.152
-383.525
-402.789
-368.884
-413.787
-410.624
-385.306
-403.493
-396.099
-386.843
-395.532
-390.092
-406.962
-378.248
-416.076
-353.229
-399.264
-407.778
-385.281
-354.469
-361.698
-383.563
-403.108
-414.536
-426.259
-415.391
-407.974
-411.718
-402.295
-382.254
-411.525
-402.237
-421.557
-433.605
-397.802
-385.936
-407.718
-392.516
-396.485
-430.563
-447.826
-395.25
-401.465
-400.396
-428.437
-420.515
-377.239
-397.397
-435.902
-402.831
-367.685
-412.555
-413.546
