-54.5
-49.4
-57.41
-59.17
-61.79
-61.49
-66.05
-67.19
-54.65
-49.99
-52.9
-64.87
-56.77
-50.37
-50.36
-64.95
-58.14
-59.6
-48.36
-60.3
-66.65
-54.55
-52.51
-61.27
-60.17
-60.63
-60.04
-66.72
-69.13
-61.85
-64.18
-60.75
-54.38
-62.76
-54.7
-66.17
-52.83
-47.71
-50.84
-47.44
-64.63
-58.42
-62.06
-61.72
-54.01
-43.0
-51.66
-56.07
-53.36
-59.9
-64.96
-42.41
-62.24
-70.19
-62.05
-61.33
-54.71
-55.79
-51.65
-45.8
-53.14
-46.96
-65.19
-72.65
-68.98
-62.0
-60.36
-63.8
-61.63
-68.11
-57.37
-70.41
-68.2
-66.94
-72.72
-79.62
-62.36
-56.42
-72.66
-71.83
-69.19
-64.44
-60.44
-65.9
-69.8
-79.55
-78.77
-59.48
-61.26
-69.5
-55.54
-65.71
-59.74
-71.43
-60.8
-68.45
-64.1
-65.6
-68.45
-66.13
-67.37
-64.62
-66.19
-66.88
-60.14
-62.17
-60.37
-66.91
-57.1
-53.12
-67.84
-65.04
-60.64
-62.06
-58.5
-57.21
-68.41
-63.75
-65.67
-53.22
-37.14
-48.5
-54.63
-62.72
-62.06
-61.4
-60.6
-68.67
-66.68
-65.61
-61.21
-56.81
-56.94
-70.15
-67.28
-83.84
-67.09
-65.69
-83.21
-71.01
-70.35
-59.15
-56.86
-67.61
-65.27
-73.97
-58.0
-59.13
-69.93
-62.38
-59.86
-60.96
-69.47
-72.53
-55.01
-76.74
-67.7
-66.55
-60.83
-69.72
-75.3
-70.88
-75.18
-72.31
-76.85
-72.32
-70.42
-74.83
-56.16
-68.72
-60.78
-67.17
-53.82
-59.78
-54.71
-57.02
-54.63
-52.55
-50.35
-50.44
-57.28
-47.97
-51.75
-55.55
-58.27
-60.57
-49.52
-55.79
-55.98
-55.78
-43.99
-50.3
-56.12
-37.77
-51.55
-55.62
-57.72
-49.7
-62.02
-58.13
-49.55
