-0.252
-0.268
-0.206
-0.204
-0.203
-0.173
-0.227
-0.149
-0.184
-0.206
-0.261
-0.22
-0.172
-0.173
-0.219
-0.23
-0.229
-0.237
-0.187
-0.279
-0.343
-0.271
-0.203
-0.206
-0.192
-0.193
-0.263
-0.218
-0.265
-0.301
-0.26
-0.263
-0.144
-0.211
-0.268
-0.227
-0.16
-0.207
-0.265
-0.22
-0.303
-0.244
-0.199
-0.182
-0.203
-0.133
-0.136
-0.153
-0.106
-0.174
-0.158
-0.16
-0.208
-0.199
-0.213
-0.198
-0.179
-0.172
-0.121
-0.104
-0.08
-0.185
-0.229
-0.197
-0.263
-0.241
-0.17
-0.151
-0.249
-0.332
-0.267
-0.183
-0.168
-0.234
-0.386
-0.354
-0.271
-0.229
-0.406
-0.309
-0.328
-0.165
-0.2
-0.355
-0.285
-0.335
-0.285
-0.211
-0.238
-0.353
-0.339
-0.237
-0.184
-0.224
-0.294
-0.249
-0.358
-0.311
-0.27
-0.317
-0.402
-0.314
-0.254
-0.305
-0.273
-0.268
-0.34
-0.33
-0.224
-0.255
-0.273
-0.189
-0.25
-0.383
-0.369
-0.365
-0.335
-0.268
-0.25
-0.207
-0.22
-0.259
-0.272
-0.321
-0.242
-0.225
-0.196
-0.258
-0.284
-0.293
-0.227
-0.261
-0.161
-0.26
-0.236
-0.397
-0.308
-0.274
-0.438
-0.287
-0.372
-0.388
-0.359
-0.336
-0.312
-0.307
-0.316
-0.228
-0.291
-0.311
-0.256
-0.276
-0.323
-0.318
-0.33
-0.389
-0.301
-0.256
-0.247
-0.315
-0.218
-0.222
-0.154
-0.262
-0.311
-0.249
-0.248
-0.264
-0.189
-0.244
-0.187
-0.269
-0.355
-0.205
-0.242
-0.206
-0.261
-0.244
-0.309
-0.213
-0.269
-0.196
-0.288
-0.258
-0.276
-0.271
-0.345
-0.297
-0.27
-0.259
-0.178
-0.25
-0.32
-0.243
-0.24
-0.224
-0.158
-0.179
-0.268
-0.238
-0.15
