-456.816
-425.828
-467.477
-453.049
-475.263
-498.788
-446.611
-418.016
-464.227
-406.611
-462.143
-495.207
-463.942
-444.788
-477.821
-491.1
-499.36
-463.1
-447.031
-501.083
-509.57
-498.676
-488.868
-485.632
-488.95
-501.803
-519.436
-551.223
-545.992
-501.305
-507.935
-489.077
-469.981
-463.001
-505.17
-522.132
-478.242
-459.411
-472.435
-503.671
-482.13
-466.085
-478.11
-505.149
-476.618
-468.794
-456.238
-455.59
-464.772
-433.515
-478.8
-448.672
-483.71
-502.672
-507.601
-483.836
-500.143
-468.197
-418.511
-430.019
-424.538
-414.049
-490.702
-470.79
-489.418
-473.621
-479.072
-484.35
-487.336
-488.278
-505.552
-506.704
-516.308
-508.507
-506.95
-562.875
-506.31
-551.64
-549.146
-558.353
-555.225
-521.421
-526.688
-555.264
-547.573
-569.372
-574.096
-549.422
-444.337
-560.856
-500.851
-497.267
-468.233
-519.433
-568.599
-549.355
-484.261
-538.108
-553.043
-530.014
-517.562
-542.359
-560.528
-493.682
-477.778
-511.701
-512.946
-507.987
-524.656
-529.419
-474.859
-441.648
-514.383
-480.333
-485.8
-472.049
-476.195
-474.039
-479.241
-502.214
-456.641
-461.544
-469.623
-490.889
-492.272
-498.121
-529.621
-501.422
-484.427
-525.332
-498.949
-544.498
-483.818
-530.522
-522.065
-650.395
-588.592
-537.002
-517.961
-552.6
-530.576
-514.538
-498.765
-549.473
-520.161
-500.251
-507.151
-471.276
-521.995
-570.785
-523.143
-531.067
-476.391
-538.723
-514.531
-561.871
-541.246
-523.594
-526.389
-574.945
-543.383
-525.84
-563.61
-560.515
-540.519
-536.293
-534.893
-540.241
-489.35
-539.21
-518.833
-582.986
-549.322
-461.671
-437.313
-516.27
-482.21
-527.635
-460.024
-465.329
-489.842
-419.757
-451.856
-508.224
-543.317
-485.716
-545.922
-541.45
-505.146
-448.788
-427.759
-449.721
-430.881
-452.123
-438.766
-453.608
-454.301
-434.251
-505.191
-516.668
-485.208
