-73.13
-55.44
-63.49
-66.33
-75.75
-59.12
-68.17
-55.07
-45.75
-41.03
-53.61
-46.56
-56.38
-64.8
-66.26
-48.24
-58.03
-70.47
-71.23
-67.67
-70.24
-70.41
-72.11
-67.86
-79.22
-87.9
-69.8
-65.92
-71.73
-71.05
-70.57
-77.51
-72.19
-69.75
-78.63
-88.6
-83.39
-79.39
-59.34
-72.9
-60.35
-62.98
-63.24
-75.5
-76.33
-87.52
-66.93
-70.78
-78.41
-73.82
-65.08
-67.49
-83.56
-67.84
-69.05
-65.53
-64.72
-67.78
-70.06
-64.11
-64.27
-48.87
-68.57
-66.62
-64.81
-65.55
-65.8
-69.96
-73.47
-67.54
-51.08
-54.33
-61.6
-71.77
-56.06
-69.6
-71.67
-72.97
-72.84
-74.25
-63.11
-74.35
-69.96
-77.42
-70.13
-101.13
-88.03
-69.85
-82.07
-84.45
-79.84
-65.33
-67.1
-73.53
-73.48
-79.05
-64.81
-66.99
-75.66
-84.42
-73.68
-77.75
-86.23
-74.63
-74.62
-81.21
-68.3
-68.83
-70.84
-79.49
-77.55
-80.94
-87.22
-81.73
-83.7
-70.37
-77.08
-82.23
-62.25
-76.36
-82.14
-77.12
-74.82
-64.81
-54.0
-62.98
-60.92
-64.77
-58.17
-64.24
-66.22
-50.68
-63.52
-59.65
-64.87
-68.07
-68.0
-71.79
-60.39
-56.23
-50.05
-53.39
-66.0
-54.47
-55.0
-59.89
-64.31
-58.05
-64.98
-69.19
