-111.42
-116.67
-128.04
-120.78
-119.01
-123.73
-94.15
-119.27
-115.85
-131.16
-119.62
-123.41
-127.17
-119.66
-128.37
-118.2
-109.4
-103.69
-112.7
-111.52
-117.02
-112.31
-107.59
-111.48
-117.94
-114.34
-101.62
-103.74
-114.59
-116.39
-123.38
-118.95
-108.84
-109.06
-119.66
-103.67
-116.96
-112.6
-121.26
-119.36
-114.31
-128.64
-118.78
-117.7
-114.12
-122.66
-126.19
-109.13
-116.9
-118.28
-112.83
-115.46
-105.75
-111.85
-111.0
-99.03
-118.63
-123.19
-126.4
-124.79
-108.51
-122.83
-122.92
-120.2
-113.84
-114.26
-112.47
-115.42
-118.25
-122.04
-112.93
-110.98
-111.05
-112.79
-109.79
-113.69
-108.64
-122.97
-124.36
-119.99
-118.19
-123.34
-117.17
-113.25
-113.69
-109.89
-112.67
-112.41
-112.04
-109.02
-108.15
-112.23
-104.07
-103.91
-104.75
-110.49
-118.04
-102.29
-101.85
-110.96
-108.85
-106.86
-113.06
-106.32
-115.5
-107.81
-117.2
-114.29
-114.88
-119.28
-106.04
-118.24
-102.08
-99.37
-99.09
-116.14
-101.85
-110.44
-111.2
-116.71
-129.36
-119.72
-122.57
-121.24
-114.15
-125.27
-120.16
-102.85
-106.31
-111.23
-118.85
-104.61
-110.2
-121.64
-104.01
-108.12
-127.66
-117.32
-120.76
-119.43
-113.69
-107.77
-116.6
-117.28
-109.37
-118.99
-117.82
-119.88
-115.17
-117.49
-120.96
-131.93
-118.4
-113.77
-124.57
-117.56
-119.66
-126.2
-131.83
-128.64
-126.11
-118.97
-125.37
-116.07
-124.89
-118.22
-115.65
-119.3
-120.84
-121.9
-124.88
-116.28
-118.42
-125.4
-117.48
-118.89
-128.98
-116.54
-124.46
-110.8
-121.92
-109.11
-113.31
-116.75
-117.69
-119.1
-122.67
-122.32
-119.23
-127.3
-121.57
-121.01
-110.07
-120.87
-112.1
-114.41
-120.26
-118.42
-120.57
-112.26
-112.46
-103.7
-102.33
-110.34
-107.62
-116.05
-111.3
-115.34
-105.58
-104.5
-104.17
-116.59
-119.32
-116.39
-103.01
-111.35
-115.53
-121.24
-120.94
-96.96
-98.82
-107.9
-100.53
-101.66
-111.89
-108.51
-106.75
-114.81
-114.46
-116.87
-112.5
-112.17
-117.75
-117.32
-114.62
-122.82
-116.05
-118.63
-122.88
-111.38
-116.97
-117.08
-116.52
-114.74
-115.27
-109.23
-111.33
-113.95
-111.76
-118.28
-113.52
-118.29
-111.8
-122.3
-120.82
-117.0
-108.11
-113.97
-109.75
-114.63
-117.64
-123.59
-114.61
-117.65
-114.69
-110.45
-113.22
-113.76
-109.29
-116.16
-123.59
-125.13
-112.58
-115.78
-121.59
-116.16
-115.29
-126.49
-114.51
-110.93
-124.13
-112.55
-122.19
-110.05
-105.81
-109.35
-103.08
-122.55
-124.63
-112.07
-116.95
-117.63
-127.39
-123.06
-119.73
-118.23
-125.38
-124.21
-125.72
-125.9
-123.4
-126.34
-122.28
-111.12
-115.3
-120.73
-120.95
-111.03
-123.41
-119.62
-127.7
-116.55
-110.22
-111.79
-113.5
-126.01
-118.06
-120.38
-121.17
-121.99
-117.41
-116.55
-126.43
-122.63
-111.65
-113.84
-115.14
-126.01
-121.95
-125.58
-123.26
-124.39
-117.23
-114.28
-117.15
-114.55
-122.43
-114.39
-115.99
-119.14
-117.92
-105.77
-108.42
-116.17
-121.84
-114.62
-120.29
-124.96
-111.11
-104.84
-112.01
-110.54
-119.08
-118.8
-120.69
-117.3
-114.86
-113.81
-116.55
-112.79
-115.82
-112.2
-106.24
-109.93
-117.18
-122.85
-115.7
-102.76
-113.16
-120.92
-115.11
-113.83
-115.25
-108.23
-107.23
-115.73
-117.61
-112.22
-110.72
-121.57
-124.29
-110.86
-109.79
-108.9
-106.48
-116.11
-111.99
-110.63
-114.46
-106.11
-113.86
-111.39
-113.18
-115.88
-112.68
-115.02
-115.62
-116.46
-115.19
-108.53
-113.78
-115.88
-124.41
-120.57
-116.09
-117.9
-109.12
-104.96
-118.41
-111.05
-113.41
-102.32
-104.75
-116.07
-109.91
-111.01
-112.56
-112.03
-109.51
-105.71
-105.79
-108.33
-105.41
-114.08
-110.61
-111.46
-110.01
-116.01
-103.63
-99.44
-106.66
-104.74
-111.31
-106.89
-105.87
-112.72
-104.01
-102.64
-107.49
-112.2
-108.48
-111.85
-95.03
-112.22
-120.37
-118.54
-112.76
-119.82
-119.03
-118.48
-109.33
