-118.29
-125.07
-108.83
-122.12
-107.33
-105.84
-124.0
-131.16
-137.44
-144.69
-134.73
-123.07
-131.86
-123.0
-115.33
-117.55
-106.3
-119.09
-131.15
-125.89
-116.74
-123.95
-116.91
-131.67
-121.43
-122.75
-128.13
-140.67
-130.14
-131.88
-133.87
-134.45
-120.21
-126.27
-105.99
-107.0
-110.09
-112.32
-115.9
-112.67
-105.12
-125.03
-101.44
-106.09
-91.16
-111.93
-116.49
-104.71
-91.99
-117.14
-101.63
-94.74
-112.01
-115.75
-108.89
-108.66
-120.25
-125.45
-109.9
-117.74
-113.39
-120.77
-114.46
-110.86
-118.48
-109.39
-107.33
-112.72
-122.2
-119.42
-127.72
-114.96
-128.23
-114.21
-120.17
-120.13
-126.1
-109.5
-106.08
-115.95
-116.47
-113.66
-131.52
-135.8
-113.03
-112.38
-126.67
-113.54
-116.39
-127.2
-128.17
-116.3
-118.91
-116.9
-128.24
-139.2
-134.38
-117.93
-130.97
-107.39
-123.14
-139.72
-134.97
-116.79
-130.41
-133.71
-142.51
-154.64
-142.87
-145.29
-141.42
-122.6
-128.99
-134.16
-148.49
-137.23
-136.57
-126.57
-141.97
-139.02
-125.63
-127.26
-131.19
-138.36
-141.05
-127.1
-139.1
-123.42
-128.89
-126.42
-129.72
-121.92
-122.08
-142.68
-134.16
-137.46
-131.77
-141.83
-143.03
-142.37
-141.03
-146.76
-115.09
-140.49
-130.78
-118.9
-138.93
-114.76
-130.49
-122.55
