-770.841
-759.581
-795.961
-731.543
-792.332
-762.531
-738.3
-737.766
-734.572
-748.974
-789.849
-789.008
-791.079
-762.665
-792.631
-730.812
-694.222
-713.941
-651.912
-767.79
-673.049
-734.936
-703.531
-725.101
-672.216
-680.837
-678.05
-655.326
-685.383
-723.788
-720.702
-727.701
-726.109
-708.543
-661.132
-665.261
-702.941
-763.113
-749.861
-723.131
-719.996
-736.08
-750.984
-713.472
-744.078
-702.837
-697.011
-729.342
-688.377
-712.237
-714.118
-708.061
-658.647
-735.207
-664.916
-661.781
-728.273
-742.559
-716.437
-756.551
-780.886
-739.182
-780.35
-727.321
-736.58
-713.579
-730.013
-740.523
-765.175
-769.605
-725.062
-716.049
-719.384
-741.177
-754.992
-720.302
-747.434
-813.334
-753.228
-773.016
-777.966
-784.887
-717.394
-695.809
-682.887
-642.308
-653.306
-682.089
-680.632
-609.948
-688.944
-657.97
-623.631
-655.091
-599.363
-692.85
-693.962
-682.703
-646.307
-652.563
-670.616
-645.483
-705.75
-698.35
-715.111
-660.588
-688.127
-719.145
-703.95
-780.35
-658.909
-701.869
-664.105
-654.121
-677.313
-640.893
-647.112
-709.606
-732.98
-751.826
-786.704
-763.391
-776.714
-728.041
-699.062
-722.547
-772.966
-674.785
-691.74
-697.243
-734.302
-727.305
-782.325
-782.63
-698.283
-744.477
-780.101
-741.564
-742.423
-811.557
-808.451
-720.311
-725.182
-737.337
-749.166
-799.637
-792.131
-765.927
-828.095
-815.692
-790.737
-780.856
-794.243
-720.892
-758.914
-755.583
-787.45
-856.779
-790.533
-846.376
-800.453
-749.4
-782.754
-770.11
-808.678
-736.805
-791.229
-759.745
-823.287
-833.25
-752.201
-781.57
-802.528
-813.343
-748.826
-776.054
-773.223
-805.842
-822.448
-746.862
-800.651
-748.668
-802.224
-751.213
-755.294
-748.091
-747.885
-757.282
-750.037
-764.507
-757.514
-787.406
-711.38
-768.732
-720.843
-706.619
-693.282
-677.623
-737.206
-695.549
-657.953
-693.689
-722.191
-721.31
-724.236
-734.495
-648.811
-707.798
-691.762
-728.916
-685.809
-718.153
-674.205
-720.154
-625.201
-689.322
-657.272
-724.915
-756.067
-694.982
-705.833
-712.266
-691.369
-694.448
-700.121
-677.729
-707.772
-710.018
-762.449
-768.66
-646.633
-704.939
-703.839
-746.811
-717.259
-740.979
-712.867
-715.154
-691.145
-676.398
-705.326
-722.713
-781.696
-695.903
-687.523
-706.548
-698.492
-704.331
-680.783
-688.688
-649.794
-692.311
-666.03
-738.195
-703.268
-771.161
-672.75
-703.474
-676.121
-715.811
-658.065
-706.43
-696.445
-744.865
-709.86
-688.474
-657.235
-678.723
-703.081
-683.702
-689.156
-752.179
-666.11
-778.988
-759.391
-762.774
-797.525
-771.151
-752.372
-705.643
-774.37
-725.846
-742.638
-696.61
-629.592
-637.488
-644.474
-726.108
-684.713
-677.934
-706.191
-766.554
-823.771
-770.03
-757.027
-737.048
-773.819
-772.365
-789.665
-723.669
-759.809
-788.815
-776.916
-670.985
-740.793
-751.107
-763.906
-699.017
-697.148
-706.063
-748.313
-721.141
-710.791
-767.622
-725.209
-723.098
-687.666
-740.059
-751.032
-726.139
-728.436
-764.983
-792.225
-763.582
-732.535
-689.986
-694.201
-688.929
-689.851
-733.149
-726.848
-718.354
-737.462
-726.627
-765.32
-733.95
-741.791
-796.988
-761.006
-814.685
-736.168
-726.256
-692.375
-763.988
-762.405
-748.642
-753.307
-746.798
-760.723
-704.93
-686.746
-724.278
-732.837
-764.559
-712.084
-711.495
-748.059
-760.38
-776.058
-736.316
-710.028
-688.349
-652.059
-600.576
-683.767
-624.642
-716.212
-677.089
-736.754
-725.995
-654.881
-695.169
-661.953
-668.831
-745.212
-717.97
-708.067
-643.255
-674.818
-697.414
-665.032
-676.131
-795.78
-734.604
-676.353
-723.729
-731.423
-697.252
-745.074
-692.009
-720.822
-711.159
-683.243
-694.772
-730.792
-685.345
-678.6
-713.791
-734.667
-704.933
-720.816
-725.804
-734.355
-760.406
-695.174
-736.769
-688.734
-620.263
-694.967
-690.639
-668.158
-691.205
-677.08
-681.436
-688.945
-723.076
-657.048
-662.364
-711.492
-638.97
-620.594
-655.258
-668.497
-700.509
-666.008
-696.225
-631.558
-692.67
-683.431
-662.509
-633.439
-687.011
-733.386
-741.491
-648.223
-642.779
-663.796
-666.725
-686.911
-668.876
-691.012
-730.257
-698.249
-700.462
-704.117
-767.062
-730.348
-751.306
-735.543
-706.061
-697.805
