-0.529
-0.562
-0.606
-0.669
-0.437
-0.602
-0.594
-0.56
-0.505
-0.577
-0.68
-0.587
-0.499
-0.544
-0.592
-0.521
-0.373
-0.303
-0.461
-0.484
-0.319
-0.449
-0.584
-0.328
-0.451
-0.427
-0.285
-0.454
-0.482
-0.443
-0.325
-0.638
-0.456
-0.51
-0.407
-0.453
-0.564
-0.559
-0.564
-0.535
-0.448
-0.551
-0.668
-0.474
-0.524
-0.454
-0.57
-0.428
-0.432
-0.43
-0.664
-0.579
-0.55
-0.633
-0.411
-0.513
-0.471
-0.687
-0.589
-0.55
-0.719
-0.565
-0.532
-0.53
-0.457
-0.572
-0.587
-0.502
-0.458
-0.512
-0.749
-0.489
-0.52
-0.616
-0.658
-0.566
-0.408
-0.634
-0.547
-0.638
-0.713
-0.52
-0.523
-0.613
-0.502
-0.393
-0.527
-0.553
-0.503
-0.477
-0.59
-0.566
-0.537
-0.403
-0.46
-0.344
-0.359
-0.37
-0.357
-0.585
-0.424
-0.408
-0.436
-0.407
-0.393
-0.614
-0.402
-0.711
-0.425
-0.334
-0.384
-0.524
-0.514
-0.379
-0.514
-0.467
-0.376
-0.413
-0.321
-0.451
-0.474
-0.439
-0.613
-0.353
-0.526
-0.532
-0.563
-0.503
-0.497
-0.52
-0.368
-0.498
-0.503
-0.564
-0.281
-0.519
-0.677
-0.558
-0.624
-0.847
-0.534
-0.511
-0.532
-0.672
-0.522
-0.518
-0.513
-0.516
-0.564
-0.586
-0.547
-0.572
-0.476
-0.598
-0.639
-0.607
-0.439
-0.55
-0.603
-0.608
-0.519
-0.699
-0.51
-0.571
-0.583
-0.481
-0.524
-0.468
-0.495
-0.474
-0.472
-0.353
-0.588
-0.539
-0.498
-0.616
-0.711
-0.73
-0.69
-0.537
-0.618
-0.496
-0.67
-0.72
-0.48
-0.564
-0.626
-0.52
-0.6
-0.36
-0.599
-0.65
-0.624
-0.535
-0.555
-0.439
-0.452
-0.454
-0.577
-0.614
-0.653
-0.447
-0.453
-0.514
-0.344
-0.448
-0.393
-0.609
-0.503
-0.521
-0.45
-0.476
-0.553
-0.706
-0.727
-0.537
-0.349
-0.48
-0.473
-0.357
-0.317
-0.287
-0.282
-0.316
-0.447
-0.527
-0.397
-0.511
-0.382
-0.513
-0.519
-0.501
-0.652
-0.454
-0.421
-0.507
-0.549
-0.488
-0.652
-0.424
-0.444
-0.47
-0.663
-0.515
-0.401
-0.361
-0.746
-0.549
-0.559
-0.595
-0.599
-0.64
-0.7
-0.664
-0.703
-0.633
-0.308
-0.439
-0.618
-0.443
-0.415
-0.429
-0.58
-0.332
-0.348
-0.371
-0.44
-0.431
-0.418
-0.333
-0.522
-0.55
-0.396
-0.448
-0.506
-0.549
-0.384
-0.548
-0.449
-0.359
-0.524
-0.431
-0.398
-0.464
-0.422
-0.535
-0.551
-0.499
-0.478
-0.562
-0.458
-0.605
-0.635
-0.45
-0.55
-0.605
-0.625
-0.58
-0.483
-0.588
-0.668
-0.541
-0.492
-0.428
-0.453
-0.461
-0.455
-0.429
-0.396
-0.407
-0.52
-0.569
-0.696
-0.497
-0.531
-0.585
-0.419
-0.588
-0.573
-0.493
-0.651
-0.71
-0.594
-0.804
-0.552
-0.432
-0.577
-0.531
-0.408
-0.322
-0.524
-0.592
-0.589
-0.539
-0.492
-0.383
-0.462
-0.491
-0.533
-0.667
-0.541
-0.506
-0.456
-0.513
-0.478
-0.519
-0.395
-0.509
-0.506
-0.55
-0.341
-0.577
-0.531
-0.579
-0.349
-0.467
-0.521
-0.428
-0.563
-0.454
-0.626
-0.549
-0.43
-0.317
-0.342
-0.396
-0.414
-0.537
-0.528
-0.499
-0.401
-0.449
-0.589
-0.335
-0.32
-0.34
-0.304
-0.315
-0.504
-0.526
-0.34
-0.444
-0.316
-0.54
-0.343
-0.44
-0.364
-0.406
-0.439
-0.468
-0.657
-0.534
-0.62
-0.489
-0.507
-0.295
-0.329
-0.351
-0.516
-0.562
-0.661
-0.556
-0.501
-0.414
-0.344
-0.397
-0.484
-0.274
-0.426
-0.49
-0.395
-0.281
-0.72
-0.366
-0.353
-0.464
-0.347
-0.512
-0.353
-0.408
-0.417
-0.491
-0.399
-0.389
-0.505
-0.449
-0.519
-0.417
-0.41
-0.434
-0.317
-0.321
-0.592
-0.482
-0.375
-0.595
-0.439
-0.285
-0.518
-0.314
-0.422
-0.438
-0.452
-0.524
-0.486
-0.527
-0.388
-0.395
-0.414
-0.383
-0.365
