-684.206
-682.95
-673.33
-774.901
-723.752
-657.996
-668.317
-655.383
-657.719
-638.191
-688.262
-707.666
-733.021
-683.643
-762.231
-713.302
-714.918
-704.751
-714.977
-781.048
-770.23
-755.631
-772.065
-734.305
-727.427
-791.632
-756.601
-765.888
-723.626
-671.231
-739.945
-780.228
-733.386
-800.801
-805.229
-779.065
-812.771
-784.431
-765.355
-618.548
-700.242
-760.839
-758.594
-769.703
-758.649
-710.3
-730.715
-733.853
-746.941
-756.912
-776.775
-771.545
-765.389
-700.943
-771.053
-743.26
-733.289
-732.709
-697.671
-809.309
-797.038
-822.658
-772.788
-716.119
-806.247
-770.191
-836.422
-712.018
-794.55
-760.303
-767.489
-760.565
-767.329
-809.918
-782.705
-819.979
-809.385
-717.075
-741.396
-758.268
-771.255
-758.691
-801.247
-785.135
-689.629
-762.946
-752.43
-807.806
-778.803
-709.803
-837.128
-794.316
-775.397
-776.487
-820.744
-737.043
-805.328
-801.795
-817.932
-836.396
-809.607
-775.613
-735.786
-763.498
-755.676
-778.667
-764.878
-749.702
-745.657
-760.374
-800.371
-803.467
-828.232
-740.16
-778.128
-750.191
-746.858
-760.824
-761.844
-734.834
-781.041
-786.318
-731.54
-758.273
-723.208
-682.088
-601.956
-685.381
-676.464
-675.378
-671.655
-649.904
-677.166
-681.567
-691.874
-678.029
-673.879
-666.636
-653.231
-703.537
-690.741
-749.765
-716.564
-734.735
-698.02
-668.693
-727.88
-682.563
-739.375
-727.841
-721.055
-712.169
-726.92
-741.63
-690.439
-623.589
-699.987
-766.546
-690.47
-707.826
-688.75
-659.936
-652.012
-654.338
-703.24
-687.744
-664.173
-700.611
-691.946
-710.176
-704.538
-741.9
-722.685
-735.435
-682.758
-722.36
-692.319
-736.41
-770.873
-772.315
-755.367
-684.721
-685.307
-750.287
-672.434
-693.825
-658.048
-655.823
-694.122
-752.104
-694.362
-698.866
-739.006
-742.209
-767.126
-788.069
-660.722
-721.324
-737.671
-804.6
-774.543
-764.746
-789.139
-819.595
-807.914
-771.489
-758.452
-769.831
-737.607
-793.534
-794.886
-751.682
-796.99
-696.172
-733.362
-766.522
-755.825
-762.053
-732.744
-755.226
-707.148
-803.978
-759.24
-786.415
-755.3
-781.14
-757.924
-789.788
-805.873
-790.405
-764.938
-762.353
-768.755
-812.516
-780.383
-767.197
-774.088
-738.287
-766.982
-716.125
-736.82
-724.434
-727.451
-717.368
-721.456
-701.63
-677.325
-653.075
-720.794
-734.497
-752.288
-679.294
-720.672
-737.897
-676.711
-683.554
-722.625
-705.131
-742.944
-765.188
-758.216
-765.105
-780.924
-750.751
-729.886
-760.822
-746.032
-833.157
-878.671
-800.582
-821.414
-771.81
-771.005
-763.74
-784.95
-774.697
-775.026
-837.653
-779.845
-801.705
-796.519
-780.312
-832.609
-839.75
-803.505
-805.465
-808.632
-795.671
-797.019
-807.793
-754.356
-784.344
-850.699
-786.736
-845.151
-770.609
-743.968
-769.692
-800.195
-803.219
-773.88
-739.36
-762.03
-776.298
-787.021
-836.331
-790.292
-731.493
-779.796
-810.948
-803.811
-780.562
-848.197
-806.062
-818.567
-746.174
-729.54
-787.852
-800.837
-840.574
-720.245
-736.35
-766.055
-754.604
-819.127
-731.579
-743.465
-803.144
-816.916
-778.524
-796.574
-771.524
-786.003
-760.737
-738.753
-724.757
-742.746
-804.113
-815.655
-732.195
-717.134
-797.672
-740.451
-688.567
-723.007
-709.343
-717.708
-759.987
-750.164
-678.138
-791.699
-696.421
-734.286
-771.825
-763.682
-745.435
-734.401
-766.81
-743.68
-779.104
-791.994
-760.925
-721.347
-826.106
-747.66
-755.993
-714.2
-757.989
-720.577
-734.497
-750.449
-761.178
-752.47
-713.566
-752.699
-747.279
-681.576
-750.131
-737.336
-695.659
-679.914
-713.195
-712.187
-673.09
-654.072
-760.679
-696.074
-736.509
-741.661
-771.74
-762.49
-744.186
-758.809
-807.461
-763.983
-745.026
-725.834
-718.601
-668.023
-740.58
-741.779
-800.57
-737.859
-770.121
-702.644
-801.982
-805.21
-822.644
-736.434
-738.063
-724.059
-719.257
-706.631
-738.228
-765.119
-719.884
-785.136
-756.636
-763.153
-728.372
-775.747
-747.42
-784.955
-748.732
-794.302
-788.383
-788.325
-736.405
-761.017
-776.452
-754.235
-744.655
-778.72
-741.513
-743.51
-799.198
-784.467
-778.013
-821.543
-779.287
-751.249
-785.863
-753.346
-734.973
-715.008
-767.091
-749.549
-801.861
-788.74
-765.485
-803.771
