-0.755
-0.459
-0.679
-0.469
-0.54
-0.42
-0.574
-0.593
-0.388
-0.729
-0.401
-0.554
-0.574
-0.699
-0.635
-0.811
-0.683
-0.521
-0.775
-0.621
-0.654
-0.633
-0.616
-0.625
-0.617
-0.679
-0.561
-0.573
-0.527
-0.544
-0.671
-0.697
-0.449
-0.579
-0.56
-0.832
-0.733
-0.632
-0.513
-0.557
-0.452
-0.656
-0.482
-0.61
-0.735
-0.827
-0.533
-0.583
-0.643
-0.586
-0.392
-0.575
-0.579
-0.502
-0.718
-0.557
-0.87
-0.559
-0.643
-0.706
-0.67
-0.603
-0.737
-0.639
-0.758
-0.633
-0.763
-0.833
-0.837
-0.681
-0.684
-0.766
-0.754
-0.853
-0.642
-0.932
-0.847
-0.575
-0.705
-0.565
-0.616
-0.678
-0.771
-0.796
-0.386
-0.765
-0.699
-0.983
-0.808
-0.669
-0.643
-0.84
-0.772
-0.627
-0.469
-0.608
-0.672
-0.362
-0.782
-0.694
-0.828
-0.777
-0.666
-0.583
-0.706
-0.61
-0.603
-0.626
-0.799
-0.596
-0.656
-0.744
-0.651
-0.649
-0.677
-0.607
-0.599
-0.574
-0.622
-0.584
-0.676
-0.485
-0.623
-0.543
-0.553
-0.671
-0.306
-0.424
-0.585
-0.44
-0.517
-0.632
-0.58
-0.639
-0.516
-0.699
-0.571
-0.666
-0.655
-0.574
-0.68
-0.759
-0.479
-0.555
-0.57
-0.628
-0.502
-0.585
-0.512
-0.583
-0.471
-0.458
-0.609
-0.644
-0.543
-0.426
-0.411
-0.737
-0.711
-0.568
-0.472
-0.487
-0.485
-0.572
-0.66
-0.545
-0.615
-0.581
-0.714
-0.601
-0.582
-0.618
-0.705
-0.501
-0.651
-0.612
-0.391
-0.779
-0.748
-0.751
-0.57
-0.571
-0.536
-0.764
-0.572
-0.598
-0.815
-0.621
-0.833
-0.62
-0.594
-0.515
-0.506
-0.543
-0.731
-0.82
-0.654
-0.613
-0.724
-0.531
-0.639
-0.689
-0.724
-0.636
-0.738
-0.724
-0.845
-0.81
-0.921
-0.889
-0.928
-0.702
-0.749
-0.7
-0.656
-0.8
-0.65
-0.705
-0.701
-0.708
-0.463
-0.869
-0.69
-0.694
-0.63
-0.726
-0.578
-0.914
-0.817
-0.754
-0.666
-0.645
-0.592
-0.827
-0.802
-0.704
-0.621
-0.692
-0.688
-0.649
-0.523
-0.684
-0.717
-0.501
-0.681
-0.64
-0.55
-0.561
-0.638
-0.739
-0.909
-0.567
-0.633
-0.631
-0.651
-0.664
-0.701
-0.515
-0.759
-0.686
-0.79
-0.679
-0.76
-0.566
-0.522
-0.578
-0.529
-1.003
-0.726
-0.793
-0.722
-0.786
-0.87
-0.795
-0.794
-0.681
-0.713
-0.705
-0.781
-0.748
-0.704
-0.901
-0.788
-0.696
-0.661
-0.712
-0.651
-0.598
-0.659
-0.682
-0.65
-0.649
-0.679
-0.712
-0.707
-0.611
-0.67
-0.386
-0.652
-0.703
-0.43
-0.651
-0.61
-0.545
-0.746
-0.505
-0.607
-0.6
-0.907
-0.694
-0.785
-0.835
-0.854
-0.606
-0.848
-0.471
-0.562
-0.553
-0.645
-0.738
-0.561
-0.691
-0.686
-0.728
-0.564
-0.596
-0.794
-0.547
-0.69
-0.673
-0.583
-0.516
-0.743
-0.499
-0.622
-0.681
-0.791
-0.724
-0.841
-0.662
-0.559
-0.772
-0.705
-0.6
-0.637
-0.602
-0.466
-0.607
-0.576
-0.546
-0.622
-0.609
-0.642
-0.596
-0.546
-0.601
-0.577
-0.537
-0.608
-0.755
-0.638
-0.711
-0.673
-0.842
-0.659
-0.752
-0.465
-0.793
-0.641
-0.684
-0.568
-0.734
-0.727
-0.733
-0.59
-0.674
-0.503
-0.529
-0.619
-0.399
-0.55
-0.73
-0.612
-0.602
-0.596
-0.537
-0.572
-0.474
-0.625
-0.693
-0.581
-0.565
-0.525
-0.691
-0.497
-0.661
-0.605
-0.566
-0.58
-0.6
-0.755
-0.6
-0.511
-0.516
-0.542
-0.609
-0.727
-0.651
-0.662
-0.579
-0.695
-0.67
-0.487
-0.578
-0.657
-0.48
-0.476
-0.443
-0.683
-0.653
-0.709
-0.529
-0.674
-0.53
-0.599
-0.473
-0.712
-0.678
-0.7
-0.493
-0.577
-0.631
-0.765
-0.574
-0.542
-0.49
-0.83
-0.768
-0.741
-0.781
-0.587
-0.478
-0.357
-0.592
-0.35
-0.486
-0.55
-0.463
-0.531
-0.436
-0.542
