-107.72
-110.33
-112.95
-112.03
-113.06
-105.43
-109.54
-111.67
-105.57
-114.03
-104.88
-108.9
-122.83
-116.71
-115.19
-121.68
-111.73
-119.4
-119.14
-127.64
-109.62
-115.79
-121.29
-120.03
-120.54
-118.08
-120.71
-125.32
-125.76
-113.43
-116.57
-116.63
-112.11
-122.23
-114.25
-114.6
-115.48
-117.77
-120.44
-106.92
-117.29
-121.1
-113.88
-107.75
-114.71
-119.68
-114.45
-112.23
-122.62
-121.73
-110.18
-112.65
-122.83
-119.96
-117.72
-126.08
-110.35
-118.09
-117.17
-115.1
-131.66
-130.04
-121.69
-124.2
-129.72
-120.77
-118.81
-115.76
-124.43
-110.31
-117.73
-111.36
-126.44
-122.13
-127.16
-113.7
-124.91
-100.75
-112.34
-120.75
-118.54
-120.5
-117.39
-110.91
-104.45
-121.06
-115.98
-119.94
-123.97
-117.01
-113.44
-115.13
-124.11
-119.4
-112.47
-114.96
-130.3
-125.8
-123.71
-128.53
-131.73
-117.51
-121.28
-106.71
-118.16
-115.77
-119.22
-127.4
-122.51
-120.2
-130.5
-121.54
-124.82
-109.9
-112.38
-121.21
-113.07
-123.59
-114.84
-99.84
-120.08
-109.81
-117.89
-112.96
-105.19
-94.84
-99.24
-101.71
-106.71
-104.26
-102.55
-107.97
-108.01
-111.9
-102.79
-104.19
-93.5
-108.4
-99.72
-93.24
-105.86
-109.81
-102.72
-104.56
-106.87
-105.95
-108.51
-106.83
-112.92
-117.64
-104.73
-108.6
-118.88
-118.25
-111.94
-109.89
-104.17
-121.07
-103.91
-108.04
-109.02
-100.86
-102.44
-96.02
-104.01
-107.56
-95.39
-107.93
-107.9
-114.14
-104.81
-94.73
-109.34
-105.63
-108.36
-99.36
-104.49
-119.72
-108.53
-113.29
-114.82
-115.87
-101.76
-108.49
-105.16
-99.71
-115.19
-105.13
-114.21
-100.49
-104.44
-101.25
-106.53
-110.83
-119.8
-122.45
-97.58
-100.48
-105.33
-121.68
-134.91
-114.6
-116.08
-116.66
-117.4
-115.04
-112.2
-118.19
-121.07
-124.57
-118.85
-110.87
-117.4
-114.02
-119.89
-119.15
-120.52
-103.22
-113.45
-114.78
-111.88
-125.25
-116.49
-113.0
-121.6
-113.5
-109.32
-118.0
-117.12
-120.85
-115.22
-121.24
-115.84
-120.74
-125.49
-119.54
-119.48
-121.48
-109.03
-119.38
-113.98
-116.98
-119.57
-117.7
-119.45
-112.2
-114.03
-102.28
-127.04
-104.29
-110.94
-96.41
-110.68
-114.81
-110.53
-111.44
-113.08
-112.23
-108.24
-119.26
-108.68
-117.17
-126.4
-113.8
-110.44
-124.63
-118.54
-118.28
-122.93
-113.86
-104.2
-125.36
-123.35
-108.47
-122.26
-121.04
-126.49
-118.18
-112.21
-130.06
-122.33
-123.59
-120.51
-117.76
-127.57
-123.33
-112.22
-124.99
-121.71
-121.35
-119.51
-109.25
-133.72
-124.1
-128.29
-116.78
-128.97
-114.3
-111.09
-121.05
-114.88
-110.26
-127.9
-113.49
-126.07
-124.68
-120.39
-122.81
-122.99
-115.25
-120.05
-117.58
-115.09
-121.18
-110.98
-124.46
-114.68
-119.1
-119.03
-128.28
-112.11
-113.41
-128.08
-124.72
-123.18
-125.38
-123.59
-117.75
-125.54
-122.75
-114.58
-117.12
-130.52
-111.13
-110.47
-121.25
-123.98
-112.28
-137.28
-121.8
-118.76
-108.14
-111.14
-113.99
-114.37
-113.14
-109.73
-109.51
-119.08
-110.68
-121.27
-120.76
-122.36
-117.68
-103.78
-110.56
-109.66
-114.8
-116.16
-113.95
-110.13
-110.79
-119.98
-117.05
-121.49
-114.51
-126.54
-109.55
-114.59
-114.44
-106.27
-112.91
-110.37
-108.75
-101.94
-110.26
-102.99
-108.4
-107.32
-119.45
-120.95
-113.92
-112.25
-110.93
-103.93
-102.77
-108.86
-118.9
-101.77
-108.38
-89.75
-110.3
-108.67
-122.04
-120.23
-124.88
-112.85
-112.75
-112.04
-122.19
-114.42
-108.54
-105.47
-109.38
-112.12
-112.55
-128.7
-123.39
-109.11
-104.69
-105.44
-106.69
-105.31
-103.77
-106.71
-115.94
-106.59
-103.33
-103.9
-114.78
-106.1
-107.24
-107.72
-118.05
-125.55
-125.48
-115.17
-113.02
-118.01
-112.7
-103.23
-117.48
-114.41
-111.57
-98.47
-113.33
-116.76
-113.89
-116.86
-114.27
-125.58
-111.31
-105.54
-107.86
-112.03
-109.76
-108.35
-124.27
-113.17
-117.86
-110.56
