-141.49
-124.78
-134.64
-99.51
-132.74
-122.4
-129.29
-121.01
-124.58
-150.08
-143.48
-143.72
-134.92
-123.36
-151.14
-138.99
-143.46
-137.9
-145.94
-119.44
-133.69
-126.54
-127.62
-130.58
-138.77
-131.99
-143.92
-127.97
-136.76
-142.26
-140.61
-142.22
-152.44
-147.63
-113.26
-124.07
-129.32
-128.56
-132.84
-119.31
-138.58
-124.63
-137.24
-131.89
-135.45
-127.96
-143.07
-136.88
-139.59
-150.71
-149.34
-142.62
-129.43
-126.59
-130.4
-139.14
-136.98
-142.09
-141.23
-123.22
-141.21
-145.45
-141.27
-131.28
-123.34
-120.5
-128.06
-130.18
-135.08
-123.76
-136.21
-121.53
-122.42
-131.47
-120.1
-113.47
-108.62
-112.56
-104.98
-100.14
-113.27
-104.91
-111.26
-110.76
-108.46
-107.12
-104.63
-114.46
-92.69
-110.35
-124.69
-133.47
-126.88
-129.77
-124.83
-110.25
-130.34
-123.46
-126.82
-132.55
-124.53
-139.46
-128.3
-132.25
-134.42
-124.73
-118.89
-144.53
-127.93
-128.02
-126.8
-117.27
-113.86
-119.75
-134.02
-122.29
-124.95
-130.43
-110.26
-122.92
-120.95
-133.76
-139.15
-129.58
-123.74
-126.07
-115.48
-121.47
-125.7
-138.23
-138.42
-124.72
-122.88
-124.76
-115.85
-121.64
-112.29
-108.2
-126.19
-131.97
-121.94
-113.38
-120.84
-122.22
-136.82
-125.09
-123.18
-113.72
-121.45
-142.05
