-559.421
-556.7
-560.236
-595.795
-520.307
-533.062
-540.248
-500.276
-560.382
-455.134
-458.079
-501.086
-478.903
-483.375
-490.66
-509.568
-521.76
-504.227
-535.998
-545.98
-499.504
-515.217
-478.723
-529.411
-486.104
-501.869
-546.846
-581.544
-583.69
-523.389
-605.882
-534.932
-545.625
-560.002
-546.921
-597.661
-584.494
-579.186
-559.26
-538.676
-578.285
-507.352
-486.508
-462.504
-521.888
-515.658
-514.087
-450.091
-510.297
-508.424
-513.673
-577.876
-573.199
-596.963
-604.542
-596.304
-597.889
-582.372
-591.289
-617.687
-566.53
-538.751
-517.891
-545.088
-566.696
-651.302
-612.649
-618.2
-594.894
-591.104
-587.262
-596.828
-618.077
-663.764
-676.523
-686.01
-680.546
-610.896
-564.093
-586.853
-585.684
-507.062
-542.906
-527.635
-545.687
-598.283
-569.876
-519.489
-536.201
-513.062
-547.143
-571.87
-555.68
-583.129
-459.262
-510.86
-560.169
-601.163
-533.501
-531.407
-524.266
-521.868
-525.567
-528.991
-531.82
-583.811
-563.265
-579.548
-531.236
-567.779
-564.222
-596.226
-548.41
-560.298
-532.15
-537.265
-607.93
-582.933
-547.364
-576.89
-572.029
-604.285
-605.138
-565.013
-574.614
-503.912
-652.541
-593.229
-564.218
-553.134
-538.028
-546.423
-568.746
-548.613
-613.903
-598.518
-593.437
-634.679
-587.901
-584.364
-599.698
-634.817
-602.616
-688.443
-617.441
-568.685
-604.946
-648.571
-633.014
-603.0
-545.411
-595.148
-606.074
-592.108
-616.788
-550.192
-605.454
-573.924
-602.473
-631.168
-621.849
-645.509
-554.679
-550.583
-589.595
-606.086
-552.948
-606.242
-620.344
-633.37
-599.223
-639.114
-667.651
-658.606
-637.768
-616.725
-596.095
-638.217
-641.099
-647.263
-641.798
-616.821
-610.249
-596.561
-655.153
-502.682
-618.188
-532.777
-540.641
-541.89
-497.114
-516.025
-472.555
-490.024
-487.826
-516.987
-536.117
-579.672
-498.995
-534.303
-527.494
