-78.51
-84.64
-78.78
-85.39
-84.64
-80.47
-77.86
-69.83
-76.48
-70.63
-67.39
-72.47
-71.23
-74.22
-66.18
-78.44
-73.54
-76.2
-70.55
-73.31
-75.67
-75.78
-82.36
-71.43
-84.48
-80.22
-87.04
-83.61
-82.4
-79.67
-86.04
-89.81
-87.63
-79.99
-81.45
-87.52
-76.48
-82.81
-80.9
-81.32
-74.72
-74.07
-69.37
-67.25
-71.33
-60.5
-53.78
-73.93
-67.14
-69.12
-75.0
-72.9
-76.75
-89.62
-83.2
-68.45
-83.76
-91.41
-82.38
-87.98
-79.35
-72.94
-83.05
-85.14
-84.03
-81.72
-80.16
-92.25
-91.85
-86.47
-86.68
-83.42
-89.75
-95.33
-92.34
-90.95
-93.97
-86.64
-82.05
-79.58
-77.53
-67.7
-73.7
-77.46
-81.5
-85.61
-83.54
-79.98
-72.62
-73.87
-77.01
-74.46
-72.19
-80.9
-63.88
-82.12
-81.71
-76.5
-70.1
-79.92
-83.69
-77.68
-72.79
-68.8
-73.22
-82.32
-78.45
-75.28
-79.14
-74.08
-78.82
-86.89
-71.23
-77.86
-84.3
-76.44
-78.53
-83.27
-69.58
-70.3
-77.45
-78.92
-80.58
-86.74
-88.74
-73.91
-85.91
-92.64
-87.44
-85.58
-79.63
-84.55
-78.19
-78.54
-78.22
-77.68
-87.68
-90.35
-81.31
-89.64
-85.68
-93.29
-87.35
-95.93
-74.56
-74.08
-93.18
-94.14
-96.98
-84.36
-74.75
-75.22
-84.84
-84.12
-85.87
-73.35
-88.36
-85.51
-78.28
-89.12
-79.43
-85.5
-85.98
-81.71
-84.97
-89.61
-78.8
-84.53
-89.69
-75.88
-80.18
-91.64
-87.96
-85.0
-91.99
-78.98
-90.89
-87.01
-92.53
-82.75
-77.5
-86.23
-84.42
-78.48
-86.87
-71.37
-88.6
-69.33
-71.86
-69.35
-66.92
-66.93
-69.42
-70.03
-66.07
-67.22
-78.34
-79.3
-72.79
-74.74
-84.69
