-0.296
-0.27
-0.384
-0.369
-0.232
-0.4
-0.334
-0.266
-0.162
-0.2
-0.167
-0.234
-0.172
-0.228
-0.237
-0.228
-0.222
-0.227
-0.379
-0.278
-0.378
-0.271
-0.292
-0.352
-0.271
-0.286
-0.198
-0.3
-0.215
-0.305
-0.371
-0.312
-0.219
-0.317
-0.247
-0.318
-0.327
-0.353
-0.391
-0.402
-0.402
-0.341
-0.259
-0.224
-0.243
-0.221
-0.222
-0.316
-0.252
-0.258
-0.168
-0.257
-0.29
-0.187
-0.274
-0.29
-0.37
-0.372
-0.39
-0.322
-0.234
-0.254
-0.303
-0.418
-0.338
-0.319
-0.31
-0.368
-0.23
-0.404
-0.283
-0.338
-0.389
-0.504
-0.37
-0.55
-0.436
-0.475
-0.221
-0.274
-0.295
-0.271
-0.288
-0.23
-0.297
-0.238
-0.288
-0.323
-0.198
-0.29
-0.319
-0.367
-0.359
-0.277
-0.306
-0.349
-0.198
-0.314
-0.168
-0.217
-0.265
-0.218
-0.173
-0.274
-0.224
-0.313
-0.231
-0.333
-0.266
-0.303
-0.259
-0.404
-0.221
-0.235
-0.319
-0.25
-0.243
-0.262
-0.272
-0.334
-0.406
-0.33
-0.318
-0.262
-0.295
-0.376
-0.311
-0.406
-0.224
-0.243
-0.219
-0.389
-0.286
-0.225
-0.255
-0.189
-0.286
-0.29
-0.262
-0.333
-0.351
-0.382
-0.426
-0.389
-0.261
-0.332
-0.325
-0.348
-0.468
-0.33
-0.29
-0.417
-0.294
-0.304
-0.372
-0.306
-0.418
-0.253
-0.299
-0.332
-0.508
-0.405
-0.31
-0.349
-0.342
-0.415
-0.37
-0.382
-0.384
-0.322
-0.413
-0.434
-0.485
-0.396
-0.423
-0.271
-0.47
-0.367
-0.443
-0.449
-0.497
-0.437
-0.383
-0.431
-0.465
-0.338
-0.331
-0.342
-0.4
-0.322
-0.348
-0.276
-0.287
-0.286
-0.158
-0.285
-0.29
-0.375
-0.32
-0.289
-0.293
