-68.42
-68.21
-71.62
-82.34
-81.6
-77.45
-77.88
-85.31
-78.99
-87.23
-81.07
-65.99
-73.03
-80.85
-72.71
-84.04
-97.33
-87.8
-89.13
-88.65
-79.29
-82.45
-94.59
-102.41
-100.73
-96.04
-104.08
-84.25
-72.88
-78.28
-84.9
-73.08
-81.26
-85.72
-84.45
-77.48
-90.19
-70.76
-65.32
-66.94
-69.44
-73.22
-70.2
-81.76
-55.63
-79.13
-87.88
-87.89
-65.54
-79.66
-82.64
-74.34
-79.08
-69.7
-80.52
-86.03
-79.77
-77.71
-73.01
-80.28
-87.77
-69.58
-68.99
-86.45
-81.84
-71.08
-88.98
-77.0
-80.06
-77.02
-70.34
-93.92
-88.75
-85.57
-78.6
-72.32
-100.06
-89.13
-87.65
-74.78
-78.6
-82.34
-84.88
-71.38
-76.58
-97.17
-85.77
-93.25
-76.55
-82.32
-78.72
-81.62
-84.64
-103.26
-79.82
-78.9
-94.85
-99.92
-102.12
-91.09
-83.43
-84.63
-81.26
-80.11
-90.03
-78.33
-92.73
-68.91
-75.29
-84.51
-69.03
-77.59
-87.97
-71.01
-82.63
-89.88
-83.13
-80.84
-85.7
-86.07
-77.47
-95.12
-87.48
-91.4
-85.99
-78.79
-78.31
-86.93
-91.28
-84.21
-81.26
-92.96
-84.83
-73.5
-93.39
-73.94
-85.1
-65.22
-70.85
-70.12
-68.03
-68.94
-62.83
-61.25
-61.88
-67.56
-73.14
-78.83
-60.93
-69.79
