-41.39
-44.64
-42.76
-41.75
-44.52
-39.35
-45.26
-45.93
-48.53
-32.71
-31.44
-34.29
-36.25
-41.95
-41.38
-37.02
-42.29
-50.16
-44.54
-48.11
-47.98
-47.88
-45.44
-39.03
-42.53
-48.9
-49.69
-50.36
-40.11
-43.42
-47.91
-43.2
-47.33
-45.34
-44.38
-43.35
-38.88
-47.12
-50.24
-47.29
-37.95
-38.78
-44.39
-51.48
-45.29
-47.59
-52.01
-54.38
-49.17
-49.99
-41.58
-43.46
-51.14
-49.1
-46.61
-38.23
-53.78
-45.36
-50.37
-43.11
-47.16
-39.74
-43.8
-43.74
-40.17
-36.74
-42.15
-45.99
-46.09
-41.46
-40.24
-40.95
-44.14
-37.73
-49.35
-45.95
-39.15
-36.47
-41.98
-39.46
-43.57
-34.61
-37.48
-39.26
-37.73
-33.3
-42.44
-34.43
-41.66
-41.41
-44.21
-35.4
-37.44
-28.84
-39.28
-31.6
-38.2
-32.48
-38.24
-30.64
-37.68
-39.1
-39.73
-44.34
-49.59
-50.14
-48.32
-56.47
-48.69
-54.42
-54.87
-55.31
-61.1
-54.89
-55.42
-55.27
-55.63
-64.56
-54.95
-48.89
-53.47
-49.22
-47.91
-41.27
-34.57
-36.72
-50.23
-48.66
-50.77
-46.12
-49.41
-56.04
-68.06
-52.28
-46.3
-40.69
-44.42
-49.57
-50.13
-47.54
-47.75
-50.49
-52.45
-46.58
-52.41
-51.74
-43.56
-47.56
-42.98
-40.74
-45.86
-47.01
-40.64
-51.75
-50.93
-54.37
-43.15
-48.76
-47.55
-48.32
-52.01
-47.3
-43.56
-42.28
-50.0
-37.69
-34.79
-44.95
-51.93
-43.48
-43.77
-52.26
-47.73
-48.69
-49.27
-53.08
-51.82
-46.4
-50.67
-54.61
-51.9
-53.85
-49.16
-57.2
-56.77
-55.66
-49.17
-51.03
-47.44
-45.8
-54.71
-51.56
-47.97
-46.65
-49.64
-48.15
-47.04
-39.83
-42.27
-43.08
-39.43
