-0.098
-0.106
-0.132
-0.065
-0.099
-0.135
-0.071
-0.146
-0.143
-0.057
-0.081
-0.031
-0.056
-0.084
-0.088
-0.051
-0.089
-0.174
-0.149
-0.176
-0.251
-0.226
-0.179
-0.183
-0.172
-0.216
-0.122
-0.067
-0.149
-0.127
-0.133
-0.083
-0.183
-0.151
-0.163
-0.193
-0.151
-0.145
-0.275
-0.165
-0.166
-0.235
-0.169
-0.222
-0.161
-0.179
-0.224
-0.157
-0.143
-0.209
-0.132
-0.223
-0.169
-0.186
-0.177
-0.108
-0.206
-0.084
-0.084
-0.103
-0.125
-0.113
-0.143
-0.163
-0.067
-0.079
-0.084
-0.167
-0.093
-0.084
-0.145
-0.094
-0.115
-0.085
-0.149
-0.116
-0.093
-0.076
-0.09
-0.078
-0.155
-0.046
-0.136
-0.127
-0.172
-0.09
-0.218
-0.044
-0.097
-0.093
-0.161
-0.117
-0.157
-0.131
-0.167
-0.213
-0.103
-0.116
-0.222
-0.084
-0.107
-0.115
-0.114
-0.179
-0.158
-0.163
-0.238
-0.247
-0.18
-0.19
-0.144
-0.183
-0.246
-0.119
-0.279
-0.2
-0.289
-0.205
-0.196
-0.147
-0.224
-0.24
-0.25
-0.169
-0.155
-0.173
-0.141
-0.369
-0.113
-0.166
-0.161
-0.175
-0.341
-0.146
-0.174
-0.145
-0.191
-0.152
-0.117
-0.145
-0.186
-0.172
-0.236
-0.285
-0.175
-0.183
-0.164
-0.136
-0.164
-0.108
-0.208
-0.187
-0.082
-0.137
-0.091
-0.119
-0.144
-0.122
-0.201
-0.189
-0.188
-0.187
-0.141
-0.162
-0.135
-0.119
-0.196
-0.185
-0.204
-0.183
-0.179
-0.151
-0.102
-0.134
-0.185
-0.226
-0.198
-0.15
-0.121
-0.209
-0.18
-0.204
-0.109
-0.16
-0.168
-0.173
-0.247
-0.098
-0.16
-0.135
-0.154
-0.181
-0.142
-0.095
-0.179
-0.137
-0.179
-0.135
-0.15
-0.143
-0.119
