-349.784
-390.248
-384.598
-376.879
-394.32
-342.606
-393.461
-351.449
-412.419
-364.565
-370.643
-387.596
-370.943
-372.495
-363.213
-343.16
-417.24
-421.369
-460.664
-392.968
-516.352
-411.993
-425.123
-427.058
-444.755
-430.635
-413.784
-421.598
-412.831
-402.27
-447.542
-394.033
-425.432
-398.098
-406.013
-386.734
-359.824
-376.682
-429.334
-406.044
-371.474
-371.633
-352.09
-390.956
-432.626
-405.101
-429.582
-404.489
-409.962
-408.201
-419.109
-391.175
-418.615
-376.05
-406.305
-335.385
-411.656
-404.984
-420.41
-392.599
-424.827
-383.332
-395.953
-395.369
-380.854
-365.322
-375.877
-356.539
-378.357
-403.395
-329.234
-395.987
-376.191
-360.002
-386.097
-372.757
-350.682
-348.002
-356.519
-329.13
-385.752
-359.561
-324.829
-325.458
-337.694
-359.401
-380.992
-378.794
-399.802
-374.814
-395.419
-350.422
-354.328
-359.211
-358.378
-332.297
-327.592
-312.924
-307.054
-286.244
-329.553
-330.708
-349.115
-374.881
-379.931
-411.207
-438.449
-439.536
-438.249
-464.369
-419.214
-414.177
-495.947
-441.913
-429.829
-438.561
-511.324
-468.327
-432.446
-425.873
-448.778
-430.445
-456.068
-406.2
-366.893
-422.833
-435.83
-391.126
-423.246
-475.414
-435.976
-497.816
-484.896
-430.535
-423.437
-382.031
-420.984
-385.361
-381.639
-464.159
-472.707
-440.772
-445.829
-478.618
-444.377
-462.084
-391.999
-391.835
-428.737
-408.121
-427.927
-437.307
-427.697
-418.699
-435.244
-473.342
-409.807
-392.027
-465.366
-452.8
-453.682
-452.545
-420.922
-390.369
-422.369
-385.115
-394.218
-432.708
-427.134
-428.331
-404.201
-428.421
-413.726
-409.59
-404.765
-368.24
-400.274
-431.42
-385.548
-407.669
-407.048
-414.907
-428.752
-412.583
-425.922
-428.95
-384.605
-407.429
-425.577
-394.428
-427.695
-398.997
-415.003
-438.584
-376.143
-377.749
-436.776
-389.305
-351.178
-343.638
-331.555
