-35.31
-39.88
-36.33
-33.38
-41.14
-21.47
-38.47
-37.24
-50.91
-27.62
-38.71
-32.89
-27.26
-33.13
-29.79
-30.18
-20.9
-29.11
-35.1
-34.92
-32.04
-26.73
-35.83
-28.66
-37.26
-30.57
-22.21
-20.09
-34.42
-28.33
-30.8
-17.05
-13.85
-10.23
-19.78
-17.28
-23.62
-20.48
-24.38
-18.86
-31.01
-24.55
-27.79
-20.28
-27.93
-17.81
-19.63
-14.82
-21.87
-15.4
-20.22
-26.6
-26.7
-21.48
-35.67
-46.23
-41.05
-44.98
-42.76
-51.82
-48.85
-42.56
-53.22
-42.92
-43.14
-42.45
-51.68
-50.48
-42.63
-44.15
-37.16
-35.26
-41.25
-34.01
-15.31
-31.18
-40.19
-30.76
-36.88
-44.81
-41.7
-43.95
-61.74
-42.94
-33.43
-22.14
-31.96
-27.61
-26.45
-40.73
-31.1
-32.17
-45.74
-40.42
-34.03
-46.01
-25.69
-32.04
-32.42
-25.77
-42.98
-28.76
-35.08
-33.82
-32.27
-46.56
-34.73
-36.72
-41.22
-38.31
-42.22
-41.87
-31.48
-29.23
-33.76
-23.33
-24.23
-34.67
-44.2
-37.45
-28.81
-30.93
-31.05
-37.06
-35.08
-45.78
-40.93
-37.9
-34.51
-41.3
-42.18
-45.35
-41.75
-47.25
-46.02
-43.3
-36.13
-41.4
-40.45
-31.39
-40.19
-42.68
-46.33
-41.79
-36.51
-27.12
-35.96
-24.97
-26.44
-27.18
