-551.756
-620.992
-604.228
-595.494
-589.7
-540.538
-550.226
-570.969
-543.203
-545.612
-589.633
-593.136
-612.235
-563.717
-608.401
-598.336
-606.253
-548.773
-543.512
-551.471
-554.986
-535.725
-553.939
-631.889
-594.22
-617.305
-605.887
-598.242
-594.005
-536.562
-590.719
-556.082
-596.219
-640.841
-615.987
-597.703
-572.468
-605.831
-570.206
-599.951
-567.521
-581.518
-556.389
-558.938
-592.873
-549.035
-596.233
-598.197
-622.902
-580.202
-617.518
-528.943
-575.489
-586.819
-565.5
-589.483
-620.338
-602.892
-589.837
-595.112
-619.521
-584.763
-618.269
-601.209
-636.694
-594.788
-587.418
-569.602
-595.172
-580.55
-617.949
-620.682
-586.75
-623.93
-638.659
-590.158
-611.863
-606.195
-623.198
-614.965
-603.938
-646.737
-583.916
-630.736
-585.754
-626.868
-558.505
-597.341
-628.999
-570.676
-586.249
-602.927
-592.286
-602.979
-548.076
-516.202
-627.525
-555.422
-600.651
-572.612
-563.93
-582.571
-581.026
-587.355
-602.473
-595.153
-658.383
-544.804
-637.279
-594.108
-595.584
-580.644
-575.691
-611.287
-595.387
-628.07
-569.371
-598.725
-547.819
-589.608
-590.078
-592.264
-602.214
-554.064
-605.709
-556.779
-614.173
-615.53
-666.764
-611.25
-593.403
-654.699
-614.191
-635.421
-580.495
-563.804
-596.532
-627.432
-605.439
-608.483
-577.417
-547.137
-559.995
-577.093
-569.022
-586.025
-608.817
-597.885
-629.304
-636.384
-593.424
-617.101
-616.457
-578.057
-531.203
-644.282
-601.526
-582.789
-503.581
-515.754
-503.407
-504.661
-480.748
-521.011
-592.998
-562.492
-574.385
-548.251
-525.047
-573.702
-548.607
-544.136
-529.601
-508.042
-526.917
-578.528
-546.64
-527.205
-585.445
-596.456
-584.959
-567.842
-560.218
-600.116
-554.654
-592.543
-570.696
-545.236
-582.932
-623.233
-550.596
-565.363
-577.572
-597.639
-618.261
-543.174
-566.059
-611.407
-584.522
-601.361
-635.955
-629.39
-573.588
-581.285
-510.245
-531.927
-551.37
-549.514
-639.056
-572.985
-616.37
-593.779
-579.234
-534.676
-557.203
-559.93
-576.838
-611.576
-591.731
-597.129
-532.426
-598.887
-588.854
-547.103
-573.42
-602.795
-565.475
-583.586
-622.454
-558.656
-607.605
-596.19
-626.103
-599.115
-539.128
-555.403
-587.67
-579.143
-542.823
-496.222
-521.385
-527.641
-546.761
-561.337
-531.927
-531.515
-566.012
-551.78
-572.8
-570.124
-502.787
-580.13
-504.804
-564.269
-596.388
-564.964
-572.01
-543.704
-497.83
-517.713
-505.131
-461.503
-508.678
-525.693
-516.005
-540.981
-542.927
-531.983
-535.285
-552.258
-502.016
-491.044
-543.276
-537.026
-504.503
-521.1
-503.691
-517.317
-502.862
-480.468
-499.987
-486.119
-525.741
-585.697
-535.642
-556.423
-548.078
-559.996
-588.326
-564.568
-553.344
-572.115
-536.163
-594.609
-565.075
-525.878
-536.718
-569.474
-570.534
-577.518
-577.496
-569.309
-547.0
-525.219
-559.261
-623.188
-571.611
-543.31
-571.089
-573.965
-567.805
-587.023
-569.855
-455.032
-525.37
-516.357
-526.735
-485.825
-497.008
-512.339
-431.526
-480.704
-489.876
-476.991
-464.492
-460.639
-466.683
-455.994
-472.88
-457.208
-509.62
-515.167
-536.993
-538.795
-478.453
-518.885
-537.338
-493.475
-505.293
-461.025
-460.544
-536.972
-565.246
-539.605
-517.835
-521.583
-501.264
-585.512
-506.908
-555.742
-563.001
-549.729
-534.758
-545.134
-531.012
-549.998
-563.13
-593.198
-526.899
-585.37
-560.159
-530.738
-558.007
-576.182
-558.624
-572.321
-570.945
-581.979
-545.648
-541.142
-499.241
-542.199
-578.118
-556.923
-568.603
-567.424
-578.988
-549.681
-578.119
-581.439
-613.597
-657.574
-607.993
-633.45
-618.82
-641.497
-665.776
-699.422
-696.846
-641.592
-607.09
-609.043
-606.321
-579.578
-595.47
-663.988
-661.743
-695.806
-611.556
-605.89
-605.31
-641.126
-550.685
-559.162
-633.554
-639.164
-601.317
-610.995
-644.682
-642.994
-677.456
-736.594
-651.613
-680.987
-630.255
-666.791
-668.959
-648.708
-684.815
-669.043
-667.686
-616.246
-608.582
-678.863
-666.655
-634.203
-585.742
-590.276
-613.5
-687.39
-590.674
-592.718
-592.674
-627.315
-575.58
-607.453
-602.47
-585.145
-568.901
-624.905
-547.145
-602.317
-569.999
-645.694
-619.624
-539.855
-599.63
-579.341
-622.343
-610.024
-737.336
