-95.96
-94.9
-94.31
-93.31
-90.2
-90.6
-97.26
-93.2
-94.24
-92.98
-93.16
-99.27
-92.98
-98.41
-103.46
-106.94
-99.19
-87.58
-99.63
-101.02
-102.76
-97.39
-94.19
-100.44
-98.22
-94.56
-100.8
-105.74
-84.9
-99.61
-90.81
-94.25
-92.7
-96.49
-101.68
-104.82
-92.28
-87.66
-97.19
-96.68
-94.63
-101.75
-90.74
-98.19
-110.66
-98.99
-92.95
-94.56
-102.61
-104.76
-96.24
-95.62
-101.38
-93.34
-102.92
-95.13
-107.41
-92.59
-94.26
-97.39
-103.42
-98.27
-95.27
-94.02
-104.32
-94.1
-96.51
-96.78
-107.59
-99.25
-104.37
-96.7
-98.94
-95.93
-97.54
-98.57
-87.88
-87.02
-90.3
-96.81
-95.03
-105.17
-95.12
-100.66
-98.85
-91.97
-99.25
-99.94
-104.45
-106.35
-103.57
-107.49
-101.62
-106.74
-98.4
-103.93
-109.4
-101.81
-103.67
-107.82
-103.88
-93.89
-91.84
-108.99
-95.05
-101.78
-106.72
-95.87
-93.52
-109.19
-112.09
-111.8
-96.0
-108.14
-97.69
-103.12
-102.8
-94.89
-102.0
-101.49
-103.14
-97.93
-104.25
-91.69
-106.35
-101.64
-99.13
-102.78
-105.89
-110.36
-107.18
-110.78
-110.72
-108.85
-109.09
-97.6
-103.54
-97.32
-108.47
-107.16
-104.66
-107.56
-104.22
-96.31
-102.05
-101.43
-108.12
-107.16
-112.32
-111.15
-109.79
-106.63
-110.14
-103.77
-94.75
-103.29
-104.52
-99.27
-91.66
-93.29
-98.89
-92.41
-97.64
-96.01
-106.38
-105.22
-100.6
-85.36
-88.35
-100.62
-93.25
-92.88
-94.68
-96.17
-96.16
-104.85
-94.28
-95.12
-101.53
-94.8
-92.39
-94.81
-97.5
-92.73
-94.82
-106.34
-101.18
-98.49
-102.33
-104.29
-94.5
-100.63
-108.52
-98.44
-104.68
-100.44
-96.97
-100.98
-104.96
-102.0
-106.94
-108.05
-105.24
-87.59
-88.67
-101.55
-91.37
-83.78
-102.86
-97.51
-101.06
-102.09
-96.57
-99.95
-104.73
-103.97
-98.91
-100.27
-100.85
-110.84
-95.59
-94.53
-94.77
-87.88
-97.13
-100.46
-103.99
-102.27
-110.43
-105.17
-102.07
-111.66
-107.07
-96.35
-86.99
-100.38
-89.16
-92.82
-108.43
-93.7
-98.11
-88.44
-92.82
-95.43
-96.92
-91.49
-93.95
-97.72
-99.42
-96.17
-85.93
-99.92
-91.61
-93.3
-101.25
-97.84
-93.52
-90.46
-92.24
-89.79
-83.83
-85.73
-91.32
-87.43
-90.28
-95.9
-98.97
-94.09
-89.94
-90.15
-97.05
-91.11
-93.15
-94.19
-86.64
-93.64
-95.01
-93.91
-91.09
-96.83
-95.74
-91.53
-98.0
-104.57
-95.15
-99.21
-89.13
-103.82
-107.06
-94.8
-91.42
-98.51
-99.52
-104.8
-96.21
-102.08
-94.52
-100.35
-89.84
-105.28
-94.17
-99.91
-99.16
-101.49
-98.95
-99.72
-92.38
-90.03
-99.8
-93.05
-98.06
-91.03
-89.89
-80.24
-88.15
-84.12
-82.79
-86.25
-84.05
-84.81
-86.17
-81.04
-84.24
-88.26
-76.61
-82.43
-82.48
-81.2
-82.69
-85.48
-91.85
-87.01
-85.25
-91.95
-87.57
-84.91
-80.09
-80.86
-93.83
-93.32
-82.11
-84.17
-87.27
-96.96
-86.96
-96.03
-93.0
-89.02
-80.53
-91.89
-89.41
-97.12
-89.76
-85.5
-95.59
-88.42
-80.62
-98.4
-88.84
-91.19
-96.48
-89.73
-99.16
-107.24
-97.5
-98.01
-101.97
-96.92
-93.59
-93.9
-88.63
-94.37
-91.6
-92.65
-97.99
-84.2
-99.19
-98.79
-96.17
-98.9
-103.28
-110.51
-106.69
-108.09
-97.99
-109.99
-110.84
-105.47
-97.38
-103.47
-112.15
-105.55
-103.53
-107.45
-108.1
-106.03
-117.18
-109.85
-97.32
-99.78
-99.83
-96.77
-99.71
-99.9
-107.81
-103.28
-105.83
-104.64
-101.65
-103.03
-104.34
-115.03
-102.61
-110.3
-109.56
-110.84
-109.27
-112.33
-116.4
-115.83
-118.91
-111.71
-114.98
-111.72
-101.18
-106.37
-101.4
-95.65
-105.73
-107.51
-107.08
-103.76
-96.79
-108.26
-103.06
-98.72
-105.59
-102.55
-106.16
-104.09
-101.54
-110.58
-103.64
-108.92
-104.33
-99.26
-104.12
-90.99
-109.84
-104.06
-104.74
