-0.516
-0.39
-0.523
-0.394
-0.395
-0.342
-0.437
-0.472
-0.354
-0.455
-0.478
-0.524
-0.518
-0.479
-0.457
-0.475
-0.337
-0.407
-0.358
-0.473
-0.369
-0.339
-0.502
-0.347
-0.277
-0.443
-0.294
-0.479
-0.412
-0.421
-0.258
-0.473
-0.342
-0.347
-0.299
-0.309
-0.269
-0.274
-0.2
-0.369
-0.316
-0.345
-0.17
-0.319
-0.219
-0.284
-0.291
-0.326
-0.47
-0.402
-0.332
-0.435
-0.463
-0.381
-0.432
-0.301
-0.452
-0.455
-0.421
-0.453
-0.5
-0.292
-0.441
-0.309
-0.446
-0.445
-0.466
-0.442
-0.409
-0.483
-0.344
-0.378
-0.365
-0.339
-0.39
-0.286
-0.396
-0.46
-0.513
-0.555
-0.48
-0.413
-0.38
-0.309
-0.252
-0.282
-0.279
-0.474
-0.291
-0.552
-0.433
-0.42
-0.21
-0.312
-0.402
-0.409
-0.311
-0.349
-0.321
-0.393
-0.385
-0.35
-0.274
-0.365
-0.467
-0.376
-0.33
-0.413
-0.317
-0.306
-0.483
-0.27
-0.289
-0.36
-0.42
-0.435
-0.383
-0.399
-0.434
-0.361
-0.323
-0.379
-0.328
-0.387
-0.357
-0.463
-0.373
-0.184
-0.435
-0.375
-0.404
-0.37
-0.323
-0.424
-0.514
-0.391
-0.235
-0.262
-0.218
-0.406
-0.383
-0.438
-0.389
-0.366
-0.473
-0.394
-0.455
-0.367
-0.267
-0.421
-0.397
-0.426
-0.416
-0.437
-0.459
-0.416
-0.366
-0.302
-0.281
-0.567
-0.334
-0.409
-0.378
-0.421
-0.402
-0.423
-0.297
-0.41
-0.367
-0.387
-0.536
-0.39
-0.209
-0.415
-0.306
-0.533
-0.457
-0.334
-0.494
-0.451
-0.504
-0.419
-0.488
-0.496
-0.543
-0.454
-0.311
-0.333
-0.446
-0.262
-0.193
-0.264
-0.485
-0.249
-0.162
-0.416
-0.307
-0.294
-0.363
-0.324
-0.387
-0.302
-0.337
-0.361
-0.381
-0.303
-0.295
-0.479
-0.447
-0.377
-0.419
-0.354
-0.236
-0.283
-0.223
-0.303
-0.475
-0.373
-0.457
-0.293
-0.495
-0.338
-0.328
-0.35
-0.47
-0.309
-0.326
-0.507
-0.344
-0.451
-0.302
-0.449
-0.356
-0.402
-0.299
-0.348
-0.366
-0.435
-0.359
-0.304
-0.244
-0.271
-0.268
-0.376
-0.346
-0.246
-0.242
-0.235
-0.484
-0.319
-0.303
-0.462
-0.269
-0.279
-0.265
-0.366
-0.287
-0.261
-0.306
-0.278
-0.279
-0.275
-0.281
-0.167
-0.215
-0.339
-0.164
-0.358
-0.268
-0.154
-0.314
-0.285
-0.217
-0.168
-0.175
-0.101
-0.387
-0.319
-0.17
-0.139
-0.291
-0.057
-0.414
-0.25
-0.24
-0.212
-0.154
-0.333
-0.167
-0.345
-0.323
-0.411
-0.302
-0.348
-0.224
-0.263
-0.286
-0.303
-0.206
-0.138
-0.547
-0.287
-0.392
-0.322
-0.302
-0.392
-0.161
-0.225
-0.152
-0.234
-0.439
-0.179
-0.3
-0.232
-0.354
-0.315
-0.361
-0.253
-0.197
-0.291
-0.118
-0.174
-0.189
-0.09
-0.259
-0.326
-0.385
-0.208
-0.112
-0.146
-0.138
-0.141
-0.278
-0.29
-0.324
-0.342
-0.293
-0.242
-0.206
-0.291
-0.217
-0.264
-0.306
-0.483
-0.407
-0.272
-0.181
-0.365
-0.3
-0.199
-0.329
-0.239
-0.195
-0.253
-0.354
-0.209
-0.446
-0.451
-0.174
-0.303
-0.431
-0.406
-0.511
-0.43
-0.347
-0.33
-0.316
-0.195
-0.407
-0.542
-0.413
-0.354
-0.292
-0.344
-0.352
-0.429
-0.338
-0.338
-0.362
-0.415
-0.442
-0.273
-0.304
-0.207
-0.281
-0.289
-0.64
-0.624
-0.233
-0.508
-0.591
-0.541
-0.498
-0.303
-0.278
-0.682
-0.498
-0.192
-0.603
-0.679
-0.586
-0.448
-0.664
-0.601
-0.435
-0.612
-0.499
-0.391
-0.515
-0.386
-0.512
-0.472
-0.39
-0.474
-0.345
-0.547
-0.41
-0.459
-0.409
-0.686
-0.461
-0.456
-0.463
-0.273
-0.247
-0.375
-0.286
-0.325
-0.496
-0.348
-0.366
-0.459
-0.155
-0.32
-0.414
-0.432
-0.37
-0.542
-0.254
-0.437
-0.304
-0.254
-0.216
-0.265
-0.091
-0.162
-0.305
-0.388
-0.307
-0.234
-0.354
