-98.0
-97.29
-95.59
-87.98
-101.78
-97.01
-99.55
-94.59
-90.42
-97.0
-94.55
-102.64
-98.98
-91.89
-110.56
-88.26
-89.71
-91.02
-102.11
-89.31
-95.49
-101.01
-97.39
-95.99
-97.14
-95.55
-94.07
-86.89
-90.24
-93.3
-98.52
-113.43
-96.51
-103.56
-101.91
-104.41
-92.3
-100.67
-102.89
-109.8
-103.96
-103.86
-97.29
-101.06
-94.04
-102.59
-103.1
-102.5
-105.29
-100.42
-108.71
-85.27
-80.91
-89.7
-89.72
-96.58
-111.76
-84.63
-104.86
-100.51
-101.44
-101.08
-83.48
-96.44
-87.3
-102.69
-96.45
-91.76
-95.81
-99.49
-94.27
-87.75
-103.04
-91.72
-103.08
-96.13
-109.17
-101.82
-107.55
-103.08
-98.62
-105.66
-102.29
-100.7
-104.09
-94.28
-95.25
-97.02
-90.27
-93.7
-93.51
-93.13
-95.66
-95.45
-91.67
-102.87
-108.91
-115.61
-112.45
-115.16
-101.76
-104.81
-110.85
-96.0
-80.33
-95.4
-101.36
-90.41
-82.51
-93.62
-94.79
-72.69
-83.28
-86.94
-102.02
-91.26
-83.51
-84.49
-84.36
-94.14
-99.79
-97.15
-85.12
-90.68
-105.59
-100.59
-87.09
-92.3
-102.24
-91.39
-91.4
-103.36
-104.0
-94.23
-102.98
-99.01
-99.39
-94.36
-99.15
-97.05
-97.24
-101.01
-102.28
-103.14
-103.06
-93.63
-93.96
-104.85
-88.43
-93.94
