-135.23
-125.15
-130.69
-125.65
-145.8
-126.87
-134.65
-124.23
-120.46
-120.16
-129.2
-133.51
-132.87
-136.2
-131.18
-124.33
-131.77
-141.67
-137.68
-130.9
-130.23
-144.63
-137.55
-132.17
-119.48
-123.71
-134.64
-124.88
-131.76
-134.79
-127.32
-132.84
-122.63
-127.98
-122.87
-133.25
-129.03
-122.94
-131.59
-131.82
-128.89
-136.21
-130.24
-132.53
-127.14
-131.63
-150.96
-137.2
-144.56
-147.07
-125.52
-132.15
-131.08
-132.65
-148.97
-131.01
-123.24
-123.89
-140.96
-124.08
-138.94
-145.38
-130.78
-120.11
-124.28
-121.57
-122.68
-130.63
-131.55
-115.79
-122.37
-120.32
-140.7
-117.86
-145.99
-144.2
-149.97
-138.53
-149.33
-141.8
-140.39
-153.14
-135.66
-139.8
-111.19
-127.42
-126.66
-120.73
-124.3
-120.88
-114.58
-110.1
-98.25
-107.59
-101.63
-105.38
-107.95
-112.84
-104.19
-114.05
-103.55
-107.92
-100.33
-118.67
-101.66
-119.82
-113.51
-114.52
-102.64
-115.02
-118.98
-114.2
-106.65
-108.33
-132.06
-134.29
-124.14
-119.36
-119.27
-128.87
-117.28
-104.13
-115.72
-131.46
-110.8
-106.56
-114.79
-128.83
-129.31
-122.86
-118.02
-143.23
-142.39
-143.09
-128.3
-113.48
-108.22
-116.44
-129.37
-147.39
-130.37
-130.79
-130.49
-118.85
-134.16
-135.13
-126.85
-105.16
-128.17
-123.3
