-646.137
-651.598
-707.393
-672.466
-679.086
-715.393
-728.019
-743.256
-735.043
-726.185
-795.373
-754.524
-736.563
-725.635
-703.007
-674.695
-705.266
-741.685
-730.226
-781.971
-791.863
-750.862
-752.588
-747.094
-766.998
-758.106
-724.462
-736.586
-737.102
-725.008
-709.767
-776.719
-746.535
-776.841
-738.547
-624.784
-734.356
-716.598
-745.34
-738.138
-744.278
-746.266
-759.78
-746.985
-752.331
-783.819
-754.077
-752.985
-708.355
-693.062
-749.865
-711.668
-780.565
-720.953
-749.983
-720.573
-779.325
-759.747
-748.899
-646.791
-718.819
-733.273
-767.492
-748.602
-715.422
-741.803
-753.283
-780.898
-793.556
-748.846
-749.063
-761.435
-759.366
-740.968
-689.938
-707.45
-720.803
-740.244
-720.501
-740.287
-740.028
-714.264
-744.285
-739.328
-731.635
-778.658
-710.684
-743.639
-771.698
-713.874
-749.678
-736.576
-724.499
-715.964
-747.193
-716.434
-765.428
-804.054
-771.855
-755.809
-777.634
-760.876
-764.869
-757.808
-734.381
-703.246
-705.718
-693.694
-809.743
-692.079
-682.334
-661.865
-739.218
-711.882
-668.651
-711.83
-705.732
-750.48
-709.941
-677.885
-673.867
-658.477
-707.199
-731.29
-791.51
-771.169
-754.43
-754.993
-761.439
-736.593
-718.029
-759.415
-771.697
-750.417
-729.712
-693.495
-720.673
-682.775
-710.861
-723.801
-675.514
-678.846
-638.656
-695.06
-625.759
-608.808
-604.02
-659.661
-632.711
-640.855
-619.597
-594.099
-660.891
-648.958
-683.203
-659.219
-641.939
-653.595
-676.236
-651.484
-660.45
-659.596
-675.652
-662.192
-735.166
-742.091
-687.967
-692.401
-687.8
-702.38
-638.967
-634.593
-695.641
-632.312
-621.858
-650.445
-663.687
-630.001
-713.104
-703.641
-649.345
-768.26
-783.862
-757.93
-744.886
-726.291
-676.967
-687.653
-773.362
-784.0
-707.509
-801.304
-715.432
-728.042
-700.067
-798.488
-739.702
-717.669
-768.173
-770.361
-798.613
-801.677
-794.53
-781.916
-789.383
-751.509
-752.363
-776.353
-810.391
-770.909
-735.511
-740.789
-734.119
-721.836
-743.852
-738.407
-735.401
-732.0
-709.114
-731.837
-755.537
-766.826
-765.83
-772.519
-790.51
-774.303
-765.726
-772.808
-809.772
-773.497
-813.827
-762.657
-815.299
-811.685
-785.995
-775.092
-799.296
-781.684
-828.449
-804.505
-775.801
-820.627
-823.16
-788.477
-808.1
-664.05
-737.775
-772.171
-737.955
-738.58
-759.782
-756.574
-799.042
-765.943
-801.464
-772.165
-751.794
-783.757
-762.633
-794.473
-796.478
-756.478
-786.419
-791.228
-789.878
-756.878
-797.157
-768.173
-740.901
-736.507
-776.116
-791.711
-765.502
-814.574
-810.098
-811.144
-764.685
-689.819
-793.901
-791.449
-774.582
-847.768
-733.768
-815.831
-795.975
-791.693
-778.408
-790.799
-784.417
-847.286
-832.284
-791.219
-880.231
-842.467
-803.431
-793.335
-799.83
-783.763
-805.229
-785.746
-725.899
-739.945
-777.354
-777.384
-748.511
-773.252
-827.786
-745.299
-748.751
-785.527
-783.607
-788.043
-764.371
-797.382
-760.065
-799.201
-787.138
-788.327
-782.479
-725.291
-734.591
-735.313
-735.061
-801.182
-745.31
-713.576
-761.856
-782.417
-719.598
-786.347
-783.115
-835.068
-786.025
-751.564
-813.219
-783.229
-824.767
-748.314
-809.024
-730.557
-774.176
-800.261
-748.629
-772.472
-772.213
-824.754
-751.429
-806.991
-826.171
-729.078
-784.652
-806.583
-790.467
-723.456
-816.916
-864.349
-792.914
-735.214
-750.765
-824.558
-837.23
-845.485
-807.135
-766.26
-803.837
-782.337
-744.601
-724.905
-746.238
-694.848
-843.615
-796.57
-799.052
-796.543
-783.207
-731.83
-733.393
-762.326
-785.751
-822.919
-838.171
-785.273
-766.149
-818.271
-783.198
-766.579
-747.467
-759.968
-778.964
-726.237
-718.056
-742.725
-726.34
-702.331
-656.014
-657.644
-767.551
-728.568
-739.954
-759.411
-752.23
-732.032
-714.571
-712.344
-730.684
-687.0
-667.18
-669.723
-690.094
-721.061
-699.14
-762.638
-743.765
-717.434
-716.408
-662.221
-647.433
-669.92
-679.013
-660.9
-674.47
-758.209
-680.358
-685.016
-687.751
-688.753
-712.959
-707.656
-732.49
-713.811
-682.238
-695.187
-655.585
-591.002
-595.642
-670.472
-674.008
-700.144
-685.495
-728.469
-703.876
-718.876
-637.105
-659.519
-691.75
-676.086
-686.214
-703.572
-706.003
-662.96
-641.886
