-115.01
-119.01
-111.18
-107.08
-111.52
-109.32
-109.58
-120.84
-111.54
-122.92
-122.36
-114.65
-121.4
-122.57
-119.12
-120.27
-115.59
-124.65
-120.27
-124.56
-119.35
-120.25
-119.31
-117.51
-124.71
-123.25
-117.66
-114.2
-102.01
-124.36
-124.58
-107.75
-117.65
-114.41
-116.18
-119.06
-115.68
-111.07
-112.28
-119.52
-107.96
-112.11
-119.46
-112.62
-117.96
-119.38
-116.27
-122.2
-119.31
-115.02
-116.25
-102.31
-115.94
-117.94
-119.48
-117.94
-106.55
-118.8
-110.71
-111.78
-108.76
-120.89
-123.16
-116.72
-116.02
-117.05
-118.04
-126.33
-126.14
-125.0
-119.41
-123.75
-118.92
-119.46
-113.59
-110.77
-121.71
-119.13
-114.03
-124.59
-113.74
-121.57
-113.65
-121.74
-119.08
-121.68
-121.32
-119.73
-113.14
-117.65
-118.4
-119.08
-116.81
-112.83
-116.9
-120.08
-134.16
-120.62
-126.29
-129.25
-123.34
-118.56
-123.01
-128.63
-125.91
-121.32
-119.72
-117.86
-129.16
-116.99
-116.32
-122.49
-118.45
-114.39
-115.91
-106.11
-111.77
-116.83
-121.31
-113.62
-105.71
-111.46
-126.71
-120.0
-128.57
-119.94
-119.78
-116.69
-131.23
-118.26
-119.22
-127.08
-121.36
-127.71
-123.5
-106.95
-111.93
-112.17
-110.92
-117.97
-104.28
-107.19
-101.94
-110.99
-103.07
-101.22
-105.96
-105.43
-103.6
-100.76
-94.5
-101.16
-104.45
-120.16
-102.84
-108.66
-113.66
-114.01
-99.87
-116.79
-111.17
-110.08
-119.81
-108.83
-122.69
-115.64
-108.79
-107.17
-109.3
-106.6
-105.81
-108.13
-105.54
-113.62
-101.46
-98.43
-119.42
-110.0
-109.26
-100.39
-101.61
-123.26
-119.25
-124.08
-107.31
-117.13
-117.46
-114.17
-117.0
-129.01
-128.85
-110.75
-114.56
-108.28
-120.86
-124.98
-119.43
-111.04
-119.05
-120.76
-123.7
-128.32
-118.76
-117.24
-114.19
-114.92
-120.53
-107.93
-112.64
-102.67
-113.72
-110.51
-114.01
-109.9
-113.75
-133.12
-115.93
-112.02
-112.62
-122.67
-119.07
-121.21
-124.73
-115.24
-125.17
-120.37
-127.16
-112.28
-121.37
-114.68
-116.53
-128.6
-129.58
-122.6
-122.89
-117.47
-127.59
-118.54
-130.84
-127.71
-121.36
-136.38
-129.21
-117.21
-134.68
-109.04
-125.14
-114.82
-111.96
-112.53
-107.4
-120.68
-120.59
-133.04
-120.84
-113.75
-115.19
-122.12
-118.53
-122.86
-125.69
-115.19
-117.9
-115.52
-119.56
-118.39
-121.89
-118.08
-115.73
-111.36
-128.28
-122.36
-123.43
-123.05
-121.9
-128.83
-123.14
-106.73
-121.34
-123.52
-114.81
-121.64
-113.45
-127.33
-118.94
-124.96
-115.96
-121.22
-126.4
-120.28
-127.99
-134.36
-137.14
-128.81
-120.41
-124.07
-133.45
-126.12
-115.69
-129.14
-112.65
-116.48
-115.09
-124.41
-121.01
-126.33
-121.56
-123.37
-117.83
-113.7
-114.81
-124.36
-123.46
-128.4
-115.85
-118.57
-126.09
-120.79
-126.24
-118.14
-122.28
-126.67
-101.27
-131.55
-118.78
-111.77
-131.88
-124.58
-124.49
-131.2
-126.02
-132.13
-131.29
-118.56
-132.58
-131.47
-125.52
-121.14
-127.97
-122.53
-140.26
-113.69
-119.38
-136.1
-121.41
-128.89
-126.13
-126.31
-126.05
-125.06
-134.32
-131.83
-127.37
-126.35
-138.25
-131.15
-127.47
-123.52
-128.95
-127.95
-138.39
-139.19
-135.64
-122.2
-131.67
-119.58
-123.52
-124.08
-127.06
-130.58
-128.48
-137.96
-138.92
-138.54
-127.92
-128.37
-129.74
-138.69
-132.55
-139.58
-140.54
-130.79
-140.69
-148.13
-134.94
-119.45
-122.73
-128.72
-123.25
-117.73
-111.86
-124.43
-128.53
-121.59
-115.7
-108.49
-122.99
-118.85
-116.53
-116.93
-123.41
-122.33
-111.26
-113.83
-114.04
-112.99
-108.1
-114.08
-109.2
-110.94
-113.91
-118.12
-117.75
-108.71
-108.28
-111.47
-114.27
-102.92
-103.52
-107.7
-120.28
-110.5
-101.15
-109.1
-126.82
-115.72
-113.03
-122.61
-126.52
-126.96
-107.14
-120.2
-113.72
-104.52
-103.38
-110.25
-110.91
-115.48
-107.03
-118.79
-113.47
-118.7
-115.55
-114.38
-105.99
-111.58
-117.1
-113.05
-112.83
-107.03
-107.71
