-0.317
-0.504
-0.293
-0.416
-0.419
-0.554
-0.572
-0.591
-0.551
-0.38
-0.626
-0.58
-0.463
-0.397
-0.533
-0.784
-0.588
-0.513
-0.509
-0.584
-0.412
-0.621
-0.533
-0.531
-0.452
-0.434
-0.416
-0.406
-0.619
-0.508
-0.495
-0.602
-0.675
-0.464
-0.568
-0.307
-0.442
-0.329
-0.398
-0.512
-0.288
-0.544
-0.634
-0.473
-0.5
-0.322
-0.526
-0.449
-0.407
-0.479
-0.422
-0.373
-0.454
-0.411
-0.485
-0.492
-0.498
-0.577
-0.41
-0.426
-0.423
-0.456
-0.379
-0.628
-0.433
-0.416
-0.479
-0.437
-0.369
-0.275
-0.385
-0.475
-0.477
-0.525
-0.369
-0.336
-0.411
-0.369
-0.383
-0.471
-0.466
-0.42
-0.494
-0.311
-0.485
-0.324
-0.49
-0.42
-0.398
-0.313
-0.449
-0.355
-0.286
-0.492
-0.323
-0.499
-0.319
-0.503
-0.434
-0.378
-0.418
-0.484
-0.474
-0.272
-0.237
-0.249
-0.327
-0.396
-0.459
-0.205
-0.23
-0.339
-0.327
-0.385
-0.483
-0.425
-0.375
-0.29
-0.423
-0.221
-0.531
-0.314
-0.422
-0.469
-0.436
-0.351
-0.474
-0.408
-0.412
-0.479
-0.408
-0.559
-0.499
-0.457
-0.44
-0.241
-0.408
-0.371
-0.328
-0.339
-0.399
-0.348
-0.252
-0.339
-0.382
-0.27
-0.383
-0.275
-0.35
-0.213
-0.383
-0.409
-0.118
-0.332
-0.369
-0.32
-0.209
-0.235
-0.249
-0.368
-0.439
-0.427
-0.358
-0.345
-0.523
-0.329
-0.259
-0.243
-0.24
-0.271
-0.154
-0.417
-0.227
-0.428
-0.309
-0.259
-0.358
-0.445
-0.452
-0.306
-0.487
-0.608
-0.487
-0.568
-0.37
-0.414
-0.414
-0.58
-0.428
-0.479
-0.508
-0.415
-0.445
-0.461
-0.483
-0.596
-0.361
-0.594
-0.375
-0.382
-0.663
-0.494
-0.376
-0.358
-0.57
-0.473
-0.571
-0.473
-0.558
-0.587
-0.519
-0.419
-0.754
-0.525
-0.639
-0.586
-0.56
-0.663
-0.574
-0.634
-0.78
-0.681
-0.721
-0.353
-0.65
-0.685
-0.714
-0.617
-0.577
-0.516
-0.599
-0.559
-0.459
-0.775
-0.707
-0.729
-0.642
-0.378
-0.488
-0.602
-0.728
-0.676
-0.759
-0.511
-0.852
-0.657
-1.031
-0.534
-0.628
-0.725
-0.768
-0.503
-0.621
-0.57
-0.671
-0.523
-0.683
-0.599
-0.771
-0.555
-0.659
-0.514
-0.422
-0.564
-0.58
-0.674
-0.666
-0.738
-0.662
-0.574
-0.863
-0.577
-0.625
-0.489
-0.804
-0.785
-0.677
-0.62
-0.814
-0.707
-0.646
-0.675
-0.779
-0.581
-0.616
-0.722
-0.679
-0.737
-0.627
-0.837
-0.758
-0.612
-0.652
-0.745
-0.664
-0.493
-0.838
-0.708
-0.725
-0.623
-0.61
-0.799
-0.57
-0.616
-0.713
-0.57
-0.524
-0.511
-0.643
-0.598
-0.518
-0.527
-0.523
-0.593
-0.536
-0.552
-0.57
-0.666
-0.644
-0.519
-0.576
-0.523
-0.54
-0.771
-0.723
-0.479
-0.666
-0.599
-0.541
-0.569
-0.75
-0.719
-0.515
-0.398
-0.578
-0.585
-0.577
-0.528
-0.633
-0.472
-0.72
-0.726
-0.684
-0.665
-0.605
-0.681
-0.721
-0.67
-0.668
-0.678
-0.684
-0.652
-0.67
-0.706
-0.747
-0.579
-0.557
-0.72
-0.826
-0.634
-0.831
-0.905
-0.855
-0.611
-0.905
-0.716
-0.657
-0.751
-0.664
-0.756
-0.698
-0.618
-0.758
-0.601
-0.745
-0.766
-0.537
-0.715
-0.421
-0.725
-0.816
-0.528
-0.425
-0.674
-0.545
-0.738
-0.607
-0.675
-0.666
-0.474
-0.538
-0.541
-0.551
-0.652
-0.53
-0.505
-0.66
-0.501
-0.547
-0.725
-0.594
-0.608
-0.59
-0.633
-0.69
-0.671
-0.521
-0.553
-0.56
-0.487
-0.605
-0.65
-0.57
-0.637
-0.642
-0.592
-0.638
-0.604
-0.44
-0.567
-0.616
-0.641
-0.445
-0.573
-0.475
-0.65
-0.66
-0.618
-0.599
-0.49
-0.551
-0.743
-0.495
-0.671
-0.529
-0.582
-0.55
-0.559
-0.738
-0.637
-0.561
-0.454
-0.614
-0.555
-0.392
-0.391
-0.552
-0.461
-0.419
-0.415
-0.496
