-573.642
-577.01
-487.794
-570.257
-570.056
-588.08
-608.857
-590.764
-523.579
-567.813
-533.356
-556.833
-573.934
-515.528
-510.271
-542.235
-533.439
-522.926
-530.997
-501.425
-536.589
-490.506
-530.836
-548.745
-485.299
-528.693
-520.78
-486.008
-438.081
-414.992
-467.62
-494.549
-484.371
-525.331
-488.975
-507.423
-500.711
-509.793
-513.194
-558.585
-528.279
-559.757
-531.13
-558.197
-541.646
-585.54
-591.747
-552.301
-534.318
-574.89
-547.721
-544.973
-517.433
-497.647
-498.521
-474.766
-524.558
-480.23
-500.488
-514.646
-487.209
-509.644
-489.758
-499.809
-500.763
-516.739
-500.024
-487.206
-481.2
-489.939
-500.467
-529.986
-515.771
-507.676
-474.364
-458.099
-495.178
-413.529
-456.408
-439.192
-401.031
-473.075
-514.531
-517.683
-517.393
-564.963
-537.964
-510.277
-531.761
-495.813
-528.774
-500.262
-509.314
-481.769
-514.84
-528.802
-529.617
-500.337
-544.822
-519.296
-534.059
-501.385
-538.881
-486.013
-530.422
-540.336
-530.746
-479.475
-546.878
-565.3
-509.087
-527.107
-488.612
-492.57
-535.974
-523.421
-523.188
-482.236
-445.753
-458.778
-494.204
-520.436
-552.654
-563.73
-552.549
-490.245
-474.863
-478.444
-473.637
-431.521
-458.749
-491.803
-517.125
-490.446
-543.632
-489.915
-468.173
-483.917
-449.309
-479.057
-506.563
-489.256
-546.17
-546.729
-490.163
-526.18
-525.816
-530.357
-501.24
-535.076
-538.936
-521.058
-514.847
-505.241
-507.542
-493.47
-500.224
-502.444
-544.546
-556.664
-541.856
-549.607
-594.187
-603.977
-568.705
-537.26
-563.537
-556.479
-554.664
-508.141
-526.48
-525.717
-520.468
-499.833
-543.747
-552.161
-505.934
-532.904
-487.372
-503.6
-519.816
-515.797
-512.991
-529.23
-527.623
-487.745
-541.952
-502.503
-554.858
-554.042
-541.337
-560.846
-570.454
-533.684
-591.672
-560.647
-552.187
-540.484
-587.577
-579.34
-549.931
