-0.29
-0.267
-0.246
-0.275
-0.135
-0.367
-0.257
-0.18
-0.26
-0.396
-0.274
-0.292
-0.436
-0.221
-0.19
-0.222
-0.244
-0.194
-0.144
-0.185
-0.289
-0.191
-0.237
-0.28
-0.24
-0.119
-0.204
-0.315
-0.276
-0.189
-0.232
-0.17
-0.184
-0.154
-0.248
-0.227
-0.19
-0.212
-0.279
-0.216
-0.26
-0.263
-0.222
-0.265
-0.159
-0.252
-0.332
-0.295
-0.352
-0.255
-0.44
-0.373
-0.217
-0.179
-0.077
-0.206
-0.269
-0.321
-0.288
-0.258
-0.215
-0.25
-0.185
-0.147
-0.248
-0.221
-0.258
-0.127
-0.153
-0.211
-0.157
-0.201
-0.233
-0.296
-0.213
-0.239
-0.133
-0.227
-0.294
-0.173
-0.208
-0.31
-0.22
-0.141
-0.194
-0.33
-0.182
-0.268
-0.333
-0.202
-0.259
-0.245
-0.284
-0.3
-0.235
-0.339
-0.308
-0.317
-0.25
-0.169
-0.218
-0.251
-0.266
-0.229
-0.28
-0.281
-0.209
-0.283
-0.157
-0.229
-0.341
-0.256
-0.248
-0.265
-0.301
-0.266
-0.213
-0.214
-0.254
-0.266
-0.26
-0.271
-0.248
-0.322
-0.242
-0.172
-0.219
-0.234
-0.322
-0.156
-0.231
-0.286
-0.257
-0.212
-0.286
-0.205
-0.206
-0.258
-0.224
-0.179
-0.225
-0.176
-0.204
-0.257
-0.286
-0.312
-0.206
-0.302
-0.266
-0.29
-0.347
-0.418
-0.241
-0.268
-0.331
-0.225
-0.209
-0.262
-0.385
-0.302
-0.343
-0.256
-0.243
-0.242
-0.324
-0.214
-0.31
-0.174
-0.302
-0.184
-0.298
-0.33
-0.269
-0.235
-0.163
-0.246
-0.245
-0.26
-0.29
-0.254
-0.252
-0.239
-0.237
-0.288
-0.325
-0.187
-0.263
-0.261
-0.255
-0.201
-0.21
-0.279
-0.252
-0.243
-0.267
-0.205
-0.327
-0.361
-0.32
-0.364
-0.306
