-79.51
-80.55
-76.35
-87.19
-83.34
-85.11
-91.95
-83.86
-88.33
-79.09
-83.36
-86.06
-85.46
-74.76
-79.35
-65.66
-71.43
-67.41
-76.39
-74.58
-70.65
-73.09
-73.16
-71.74
-64.4
-55.74
-67.82
-66.62
-61.76
-66.77
-65.76
-76.95
-72.89
-76.49
-78.03
-76.08
-69.41
-71.56
-79.29
-78.29
-77.82
-81.31
-78.19
-84.47
-82.95
-86.41
-82.43
-84.62
-82.84
-90.73
-79.73
-87.52
-82.09
-75.19
-68.8
-77.61
-75.9
-75.3
-68.54
-73.45
-69.95
-74.33
-73.45
-75.6
-76.95
-75.59
-72.5
-68.83
-70.36
-72.81
-67.74
-71.81
-60.77
-69.76
-70.37
-67.28
-65.24
-59.55
-71.11
-63.35
-55.55
-70.57
-75.63
-75.38
-63.98
-77.51
-80.37
-73.1
-73.76
-66.98
-65.07
-74.05
-73.99
-75.33
-72.12
-79.8
-72.77
-68.86
-72.45
-68.16
-66.57
-77.61
-70.35
-74.46
-73.03
-78.29
-71.9
-72.75
-69.33
-71.42
-81.45
-78.16
-71.73
-71.76
-74.43
-77.64
-65.78
-70.11
-70.74
-62.86
-73.32
-75.48
-77.09
-71.58
-79.6
-65.77
-65.12
-72.29
-69.42
-72.54
-69.55
-67.32
-74.71
-67.04
-75.49
-67.13
-66.05
-67.81
-65.11
-74.33
-68.25
-74.92
-84.41
-85.5
-75.13
-76.89
-79.73
-81.21
-81.64
-73.53
-82.22
-88.32
-77.22
-79.44
-82.66
-78.69
-81.06
-70.36
-77.82
-81.13
-79.23
-91.52
-94.42
-78.54
-86.24
-81.25
-90.82
-84.53
-87.82
-90.29
-81.34
-72.89
-72.37
-82.5
-82.04
-74.41
-78.15
-76.75
-78.51
-75.02
-84.77
-78.94
-76.72
-75.11
-81.57
-75.64
-81.84
-72.75
-72.12
-81.08
-74.29
-83.82
-86.28
-72.05
-88.28
-82.89
-74.59
-86.48
-87.56
-87.94
-80.69
