-78.21
-93.3
-80.55
-86.41
-68.26
-70.96
-81.92
-61.36
-57.57
-65.2
-60.7
-64.96
-60.0
-61.98
-67.62
-76.27
-65.49
-58.39
-61.95
-65.57
-57.51
-64.7
-54.35
-67.41
-64.23
-69.28
-64.73
-54.99
-67.17
-61.44
-48.25
-71.5
-74.33
-77.63
-68.43
-67.79
-74.11
-69.04
-75.87
-53.72
-59.32
-69.68
-70.65
-59.54
-63.0
-79.11
-68.79
-72.74
-74.35
-64.74
-73.41
-69.98
-71.72
-67.06
-60.91
-81.23
-83.71
-73.36
-86.54
-65.53
-75.38
-84.24
-73.65
-69.96
-81.43
-76.32
-63.15
-67.16
-61.96
-62.5
-67.9
-61.86
-79.01
-69.6
-67.35
-56.07
-62.5
-69.14
-66.62
-56.25
-64.08
-61.15
-74.77
-76.47
-77.32
-66.12
-55.59
-70.11
-59.52
-69.5
-60.43
-63.09
-75.46
-86.42
-63.11
-76.78
-81.18
-80.73
-70.62
-72.52
-72.15
-76.9
-72.19
-70.76
-75.49
-73.69
-86.45
-58.92
-73.29
-77.96
-78.66
-85.59
-105.2
-89.74
-89.07
-78.41
-95.91
-81.2
-89.83
-73.0
-82.76
-75.53
-69.92
-86.13
-89.04
-83.27
-81.14
-91.9
-83.21
-79.94
-80.72
-69.81
-83.58
-79.04
-81.43
-65.44
-87.56
-64.36
-74.83
-85.59
-82.03
-88.64
-92.5
-83.75
-97.99
-81.12
-77.57
-82.2
-103.69
-98.04
