-767.182
-830.15
-826.258
-858.027
-822.163
-825.191
-776.144
-824.452
-780.14
-760.75
-812.511
-792.912
-839.049
-826.372
-790.937
-797.319
-827.811
-821.844
-845.311
-806.853
-827.932
-850.942
-836.345
-818.144
-833.944
-853.834
-825.891
-790.737
-838.211
-778.58
-813.944
-793.995
-805.762
-836.724
-871.132
-831.133
-778.67
-869.125
-800.502
-786.666
-807.563
-811.616
-825.609
-755.675
-705.421
-764.679
-740.8
-758.027
-739.319
-746.308
-801.713
-784.327
-766.918
-856.133
-790.667
-786.907
-798.423
-803.994
-802.475
-800.647
-800.42
-831.072
-823.592
-818.997
-804.55
-800.346
-804.491
-817.082
-810.056
-804.946
-817.338
-785.99
-768.888
-810.664
-817.488
-761.594
-805.723
-825.653
-835.549
-828.696
-775.773
-807.305
-803.586
-816.588
-823.445
-869.631
-873.676
-819.965
-841.356
-843.399
-794.458
-807.585
-762.518
-772.695
-805.958
-825.022
-830.12
-822.141
-831.454
-808.267
-868.221
-841.356
-799.635
-820.601
-841.29
-808.86
-805.184
-786.601
-844.581
-754.244
-809.89
-759.752
-793.61
-749.993
-796.274
-783.148
-756.861
-820.966
-835.023
-779.652
-873.633
-891.389
-811.493
-781.934
-815.05
-850.563
-801.893
-809.991
-807.335
-802.136
-804.707
-820.709
-818.294
-794.523
-796.791
-781.365
-821.897
-817.706
-807.139
-807.854
-845.871
-814.686
-764.896
-774.684
-783.02
-769.321
-769.316
-808.964
-772.884
-802.7
-823.49
-806.618
-800.841
-796.262
-819.864
-825.922
-838.691
-814.19
-817.531
-802.348
-779.631
-763.701
-832.898
-777.279
-767.093
-789.891
-789.907
-779.452
-793.465
-778.804
-806.507
-776.128
-810.065
-791.11
-811.421
-816.661
-751.316
-797.747
-829.12
-764.848
-809.674
-847.845
-829.173
-817.712
-813.887
-785.115
-749.223
-775.435
-799.941
-797.926
-758.361
-758.318
-752.056
-721.409
-761.504
-777.539
-745.965
-724.786
-771.267
-739.282
-751.307
-793.086
-749.308
-810.362
-852.673
-757.185
-803.599
-836.679
-832.514
-829.998
-786.531
-812.017
-826.165
-808.499
-774.233
-790.487
-759.72
-818.295
-823.605
-812.039
-817.307
-812.393
-763.786
-756.636
-775.322
-778.135
-790.641
-745.21
-772.968
-797.534
-762.772
-812.087
-816.703
-791.829
-753.73
-787.715
-730.714
-706.763
-743.375
-780.762
-786.68
-791.54
-808.29
-820.63
-795.929
-793.134
-765.318
-766.916
-776.91
-754.469
-781.558
-786.522
-738.739
-745.842
-770.217
-852.15
-751.131
-801.919
-810.312
-746.034
-756.414
-798.33
-772.172
-785.164
-749.921
-736.708
-739.508
-762.492
-785.317
-761.012
-779.534
-825.282
-798.298
-777.523
-784.902
-757.287
-778.833
-773.424
-747.526
-816.291
-799.352
-826.882
-769.754
-746.376
-763.23
-729.073
-781.772
-699.748
-805.424
-752.495
-747.379
-793.813
-730.527
-760.905
-712.336
-723.515
-746.122
-777.256
-779.823
-786.255
-765.989
-786.498
-702.757
-820.66
-767.777
-813.336
-768.074
-817.202
-777.449
-744.18
-782.172
-808.818
-838.185
-850.223
-848.596
-777.612
-789.819
-778.147
-800.212
-875.049
-779.962
-770.707
-767.8
-758.793
-836.328
-872.463
-895.852
-835.81
-844.565
-816.76
-764.745
-767.005
-868.9
-843.527
-784.613
-842.51
-804.624
-791.119
-806.484
-768.884
-805.598
-757.419
-790.582
-831.95
-738.564
-715.979
-791.802
-751.508
-803.107
-804.826
-752.48
-790.735
-803.623
-779.187
-732.589
-796.23
-812.084
-824.044
-829.611
-841.831
-777.759
-791.728
-792.307
-781.186
-815.786
-773.611
-817.714
-819.289
-782.322
-803.086
-762.43
-770.353
-774.805
-762.915
-824.646
-827.12
-773.519
-829.824
-805.659
-746.15
-772.486
-764.271
-797.245
-784.8
-792.305
-691.557
-694.802
-732.559
-731.482
-795.03
-767.551
-784.55
-794.529
-739.417
-745.576
-793.017
-795.239
-783.659
-754.263
-789.415
-833.777
-782.076
-799.629
-808.259
-817.228
-819.196
-805.234
-783.774
-761.9
-752.735
-786.792
-767.506
-791.917
-756.156
-775.393
-801.74
-793.591
-810.153
-763.615
-810.796
-783.241
-827.768
-826.079
-795.667
-816.739
-789.472
-767.799
-771.362
-767.589
-754.991
-774.761
-794.309
-770.985
-758.524
-740.959
-773.803
-767.625
-790.103
-761.495
-764.749
-784.79
-776.502
-781.931
-715.277
-756.999
-771.589
-791.425
-793.31
-743.744
-746.644
-725.121
