-0.811
-0.812
-0.904
-0.881
-0.742
-0.914
-0.845
-0.94
-0.575
-0.825
-0.857
-0.83
-1.077
-0.718
-0.881
-0.843
-0.887
-0.823
-0.94
-0.915
-1.034
-1.151
-0.951
-0.992
-0.8
-0.946
-0.644
-1.002
-0.744
-0.824
-0.91
-0.65
-0.849
-0.997
-0.759
-1.007
-0.928
-0.853
-0.728
-0.88
-0.793
-0.814
-0.887
-0.951
-0.698
-0.961
-0.875
-0.825
-0.817
-1.002
-0.741
-0.828
-0.962
-1.08
-0.923
-0.729
-1.052
-0.892
-1.111
-1.081
-1.007
-0.966
-1.114
-0.95
-0.968
-1.215
-1.01
-0.918
-1.135
-0.881
-1.082
-0.852
-0.849
-0.818
-1.022
-1.089
-0.915
-0.993
-1.081
-0.778
-1.065
-0.757
-0.741
-0.696
-0.984
-0.871
-0.952
-0.897
-0.744
-0.875
-1.056
-0.798
-0.934
-0.831
-0.916
-0.794
-0.659
-0.576
-0.963
-0.996
-0.807
-0.835
-0.806
-0.937
-0.766
-0.921
-0.786
-0.911
-0.683
-0.67
-0.925
-0.846
-0.752
-0.834
-0.965
-0.92
-0.925
-0.835
-0.923
-0.814
-0.842
-1.001
-0.955
-1.071
-0.95
-0.851
-0.8
-0.706
-0.667
-0.772
-0.847
-0.933
-0.58
-0.783
-0.698
-0.621
-0.803
-1.005
-0.709
-0.914
-0.796
-0.723
-0.775
-0.716
-0.945
-0.796
-0.767
-0.571
-0.883
-0.73
-0.744
-0.805
-0.955
-0.834
-0.877
-1.098
-0.74
-0.799
-0.951
-0.906
-0.743
-0.881
-0.782
-0.781
-0.639
-0.892
-1.084
-0.872
-0.719
-0.684
-0.773
-0.806
-0.744
-0.687
-0.766
-0.746
-0.723
-0.848
-0.778
-0.608
-0.75
-0.838
-0.996
-0.875
-1.021
-0.837
-0.985
-0.919
-0.941
-0.957
-1.034
-0.708
-0.81
-0.772
-0.716
-0.718
-0.806
-0.858
-0.722
-0.793
-0.755
-0.862
-0.828
-0.798
-0.762
-0.742
-0.781
-0.807
-0.841
-0.868
-0.874
-0.807
-0.899
-0.882
-0.535
-0.817
-0.853
-0.781
-0.903
-0.841
-0.827
-0.782
-0.846
-0.761
-0.815
-0.778
-0.811
-0.861
-0.7
-0.874
-0.704
-0.899
-0.645
-0.865
-0.795
-0.93
-0.726
-0.765
-0.732
-0.701
-0.811
-0.984
-0.738
-1.04
-0.759
-0.928
-0.796
-0.919
-0.911
-1.025
-0.867
-0.914
-0.964
-0.932
-0.8
-0.862
-0.923
-1.001
-0.92
-0.683
-0.806
-0.921
-0.804
-0.928
-0.923
-0.851
-0.744
-0.96
-0.867
-0.833
-0.569
-0.846
-0.935
-0.846
-1.028
-0.798
-0.798
-0.778
-0.843
-0.872
-0.833
-0.864
-0.677
-1.033
-0.698
-0.808
-0.882
-0.947
-0.782
-0.667
-0.662
-0.973
-0.697
-1.082
-0.754
-0.773
-0.714
-0.778
-0.862
-0.773
-0.915
-0.742
-0.948
-0.967
-0.88
-0.887
-0.881
-1.077
-1.122
-0.923
-0.961
-0.858
-0.856
-1.02
-0.977
-0.766
-0.815
-0.758
-0.775
-0.976
-0.702
-0.742
-0.838
-0.837
-0.615
-0.802
-0.881
-0.772
-0.767
-0.761
-1.004
-0.594
-0.858
-0.923
-0.792
-1.0
-0.627
-0.892
-1.129
-0.953
-0.702
-0.815
-0.686
-0.828
-0.768
-0.804
-0.893
-0.635
-1.033
-1.001
-0.915
-1.043
-0.911
-0.968
-0.703
-0.873
-0.939
-1.035
-0.904
-0.867
-0.755
-0.883
-0.779
-0.667
-0.862
-0.806
-0.75
-0.802
-0.922
-0.76
-0.649
-0.72
-0.709
-0.682
-0.849
-0.686
-0.634
-0.643
-0.692
-0.883
-0.742
-0.852
-0.781
-0.817
-0.758
-0.716
-0.734
-0.76
-0.551
-0.718
-0.845
-0.664
-0.747
-0.612
-0.629
-0.601
-0.617
-0.633
-0.685
-0.744
-0.7
-0.837
-0.663
-0.746
-0.694
-0.68
-0.753
-0.682
-0.678
-0.741
-0.857
-0.78
-0.747
-0.773
-0.648
-0.843
-0.726
-0.893
-0.799
-0.655
-0.803
-0.75
-0.79
-0.709
-0.949
-0.94
-0.837
-0.845
-0.923
-0.706
-0.79
-0.828
-0.75
-0.595
-0.77
-0.728
-0.794
-0.794
-0.696
-0.867
-0.924
-0.892
-0.846
-0.554
-0.703
-0.692
-0.648
-0.636
-0.726
-0.691
-0.732
