-136.53
-150.97
-145.25
-151.59
-134.25
-136.3
-145.95
-156.33
-145.02
-136.47
-148.69
-154.52
-138.02
-154.11
-135.41
-136.87
-142.93
-131.31
-141.46
-142.03
-146.34
-144.21
-137.12
-132.11
-145.33
-132.61
-140.13
-142.56
-150.73
-144.32
-131.88
-128.58
-132.84
-129.63
-136.53
-151.03
-144.87
-143.67
-145.99
-159.05
-149.67
-143.11
-127.3
-134.87
-150.97
-148.16
-145.12
-149.54
-141.67
-142.81
-147.41
-154.78
-148.49
-148.88
-143.76
-137.28
-122.09
-136.45
-148.46
-125.83
-137.82
-130.94
-135.22
-127.96
-124.55
-129.97
-123.12
-136.38
-140.65
-124.48
-134.6
-139.99
-125.74
-127.54
-135.13
-142.46
-126.29
-146.12
-147.96
-145.68
-138.25
-141.93
-132.33
-124.2
-131.22
-127.3
-139.48
-137.29
-127.16
-130.66
-149.58
-131.58
-125.16
-140.62
-131.55
-128.88
-132.01
-129.9
-130.09
-127.19
-134.19
-148.77
-132.89
-145.46
-147.52
-143.33
-141.82
-134.24
-146.81
-137.48
-132.18
-120.07
-131.76
-127.95
-127.71
-142.55
-147.78
-122.73
-130.94
-128.44
-129.04
-137.64
-147.8
-123.91
-122.72
-128.31
-117.28
-137.07
-132.41
-128.65
-129.57
-144.31
-146.26
-151.76
-132.27
-146.51
-133.82
-126.43
-133.12
-137.71
-131.33
-117.42
-123.51
-110.55
-115.41
-119.11
-128.4
-112.51
-125.74
-118.37
