-114.48
-114.85
-115.23
-126.18
-114.71
-129.15
-117.88
-122.15
-115.14
-117.36
-111.34
-119.15
-120.67
-114.33
-127.31
-109.66
-114.41
-114.87
-120.61
-120.25
-132.44
-132.11
-125.23
-120.44
-122.43
-128.13
-128.62
-102.24
-114.14
-121.58
-108.11
-113.2
-133.35
-115.66
-119.31
-128.65
-117.85
-120.96
-122.7
-125.23
-122.08
-116.63
-122.82
-132.22
-122.39
-124.05
-114.86
-124.63
-112.05
-115.11
-120.98
-133.21
-131.99
-134.02
-121.02
-121.67
-132.2
-137.43
-125.6
-126.65
-130.49
-133.62
-128.12
-129.36
-129.49
-125.78
-122.18
-122.15
-139.81
-126.99
-126.28
-131.62
-132.25
-124.76
-127.61
-131.99
-121.51
-137.94
-130.85
-129.87
-128.08
-118.57
-120.9
-126.55
-127.31
-130.5
-125.6
-128.52
-130.46
-134.77
-137.29
-129.21
-110.52
-134.39
-130.21
-130.74
-124.88
-130.25
-126.71
-127.65
-132.51
-125.79
-121.39
-123.02
-122.29
-119.88
-121.97
-129.5
-125.93
-125.9
-126.83
-122.07
-121.4
-124.28
-126.54
-120.33
-131.62
-135.98
-134.51
-120.71
-127.2
-122.58
-119.45
-118.16
-120.48
-121.44
-124.1
-129.24
-132.32
-130.31
-121.36
-111.61
-120.11
-116.04
-118.94
-113.15
-126.17
-122.68
-118.32
-121.35
-122.93
-116.5
-123.65
-132.36
-118.03
-132.81
-111.77
-110.39
-119.98
-117.99
-117.88
-123.86
-123.86
-124.88
-129.45
-130.47
-130.58
-117.9
-120.05
-125.83
-125.88
-115.51
-113.93
-118.12
-119.96
-118.46
-118.1
-102.91
-125.81
-111.12
-107.54
-118.38
-110.05
-127.95
-118.32
-124.52
-118.55
-122.51
-121.46
-119.89
-125.16
-121.05
-131.33
-133.16
-119.07
-133.39
-121.93
-118.93
-116.84
-124.63
-105.75
-105.27
-114.32
-117.11
-113.94
-115.16
-117.34
-118.35
-103.66
-98.31
-103.92
-124.12
-110.83
-120.12
-121.19
-107.22
-113.36
-105.35
-123.44
-115.85
-115.64
-114.57
-104.84
-124.02
-115.14
-110.63
-121.41
-110.22
-118.97
-125.57
-125.31
-109.22
-111.66
-127.92
-117.3
-110.66
-112.52
-119.55
-109.9
-126.16
-112.1
-115.68
-114.58
-124.84
-117.31
-112.52
-120.47
-121.09
-111.0
-125.52
-117.68
-112.52
-116.22
-123.2
-117.64
-120.36
-108.4
-113.47
-115.31
-120.08
-127.7
-120.18
-122.92
-113.35
-108.8
-122.57
-112.62
-117.19
-119.56
-110.93
-102.8
-107.54
-123.36
-110.18
-115.72
-111.54
-119.98
-119.11
-127.81
-117.01
-118.97
-123.04
-124.86
-119.27
-118.6
-107.38
-113.06
-118.92
-113.78
-119.59
-110.89
-118.82
-111.8
-122.44
-113.81
-106.33
-120.18
-105.42
-126.06
-127.7
-125.92
-122.42
-116.55
-118.53
-121.03
-113.82
-111.99
-120.77
-119.75
-117.07
-120.11
-120.4
-125.0
-117.73
-120.96
-111.48
-123.3
-122.84
-124.97
-116.84
-126.67
-116.04
-121.85
-129.63
-120.94
-113.2
-109.91
-122.45
-116.73
-130.73
-122.67
-105.54
-112.64
-124.26
-119.31
-124.13
-123.79
-128.29
-118.93
-116.77
-124.58
-133.79
-134.72
-122.14
-121.9
-135.69
-117.35
-116.56
-118.95
-122.89
-127.08
-119.82
-120.21
-118.99
-116.28
-123.54
-114.99
-115.14
-130.41
-116.55
-111.54
-130.03
-121.96
-122.36
-122.95
-126.16
-130.54
-131.18
-121.29
-134.22
-123.58
-121.82
-114.41
-111.26
-115.28
-123.06
-123.41
-125.03
-121.78
-122.35
-102.55
-114.57
-117.36
-110.46
-126.92
-111.16
-122.34
-117.57
-124.52
-110.26
-126.47
-118.53
-105.9
-122.75
-124.96
-106.63
-113.96
-111.79
-116.33
-119.63
-116.18
-112.65
-109.89
-107.65
-116.7
-106.87
-123.18
-116.27
-114.8
-111.46
-126.05
-107.67
-118.87
-117.18
-108.6
-122.56
-115.16
-113.86
-119.49
-120.01
-115.75
-127.59
-116.61
-113.68
-109.59
-104.42
-112.06
-120.62
-118.64
-112.44
-112.31
-110.53
-113.47
-118.6
-106.26
-120.41
-120.58
-115.87
-129.42
-113.9
-118.79
-118.14
-116.65
-114.2
-113.85
-124.71
-113.47
-110.15
-109.72
-111.33
-104.93
-110.3
-112.72
-108.71
-117.79
-107.2
-111.69
-107.95
-103.86
-111.66
-105.87
