-128.88
-129.02
-136.99
-142.44
-134.47
-145.05
-135.36
-140.27
-134.71
-142.54
-140.46
-139.56
-140.12
-129.91
-137.54
-137.18
-135.75
-141.23
-141.31
-127.35
-146.61
-131.94
-141.59
-128.28
-126.24
-137.14
-129.85
-137.47
-129.43
-135.58
-124.95
-139.07
-129.71
-140.1
-116.74
-129.52
-126.82
-127.46
-118.24
-119.91
-136.56
-139.16
-125.53
-120.19
-134.04
-122.13
-138.51
-125.27
-131.93
-119.29
-119.16
-126.76
-146.17
-124.51
-145.07
-127.99
-140.07
-131.68
-133.53
-129.53
-133.28
-130.93
-133.1
-121.94
-118.71
-114.5
-129.62
-138.52
-124.55
-125.85
-123.85
-135.69
-123.67
-133.15
-117.08
-118.33
-126.1
-128.14
-126.39
-125.22
-126.63
-121.32
-123.4
-132.28
-133.58
-121.25
-119.15
-126.19
-127.91
-126.97
-118.57
-129.33
-113.8
-115.89
-126.34
-134.56
-127.23
-124.75
-123.49
-124.44
-128.04
-129.44
-123.31
-119.57
-124.83
-126.65
-137.23
-130.33
-137.78
-129.41
-123.57
-133.6
-131.25
-119.05
-122.52
-121.99
-121.0
-132.26
-117.46
-122.16
-124.1
-130.91
-122.72
-109.75
-112.63
-127.49
-122.86
-126.31
-131.12
-125.33
-124.34
-117.91
-111.89
-117.98
-121.75
-132.87
-118.05
-120.51
-121.69
-120.5
-123.08
-125.86
-125.54
-125.97
-118.53
-112.01
-130.99
-116.27
-119.36
-122.53
