-117.01
-116.14
-107.66
-117.26
-108.81
-116.62
-117.71
-109.71
-103.8
-107.54
-113.22
-108.29
-103.81
-105.58
-104.78
-120.85
-113.99
-109.09
-117.27
-110.4
-123.18
-117.47
-119.94
-109.07
-123.5
-107.17
-112.46
-117.76
-115.2
-111.17
-119.27
-124.42
-128.66
-117.33
-111.0
-115.3
-113.07
-120.18
-108.42
-114.7
-110.28
-119.35
-115.26
-123.09
-128.33
-111.48
-118.03
-125.49
-122.03
-124.97
-118.18
-103.01
-117.03
-110.8
-111.68
-121.43
-116.31
-124.24
-125.81
-126.9
-123.31
-123.46
-118.62
-115.35
-121.03
-120.89
-126.41
-116.98
-120.83
-102.91
-114.2
-110.79
-113.08
-109.06
-103.31
-113.24
-112.8
-117.99
-121.68
-116.31
-111.77
-116.88
-103.06
-116.62
-111.02
-119.39
-118.81
-114.54
-127.84
-113.78
-119.39
-117.43
-116.71
-117.89
-127.2
-110.67
-112.59
-120.94
-114.44
-117.04
-107.68
-113.02
-106.57
-113.82
-115.07
-113.32
-127.82
-116.93
-115.34
-111.81
-115.38
-114.05
-112.78
-112.22
-114.46
-118.09
-107.69
-116.04
-117.53
-113.2
-119.81
-121.29
-109.67
-117.82
-103.8
-113.43
-110.13
-113.95
-112.67
-120.42
-111.29
-125.69
-110.89
-114.92
-115.52
-109.48
-104.18
-113.05
-109.92
-107.04
-106.37
-102.73
-111.01
-95.53
-112.5
-114.25
-109.04
-114.12
-111.3
-112.17
-105.68
-100.76
-115.51
-107.77
-109.39
-110.83
-119.86
-105.04
-120.66
-109.66
-106.02
-102.73
-115.18
-109.36
-115.23
-118.28
-96.63
-113.73
-104.13
-110.88
-116.61
-115.99
-110.68
-107.56
-111.49
-106.47
-96.37
-104.76
-111.37
-111.26
-108.63
-105.63
-106.29
-104.97
-117.46
-111.43
-102.47
-115.58
-111.75
-111.88
-113.57
-109.63
-113.5
-108.77
-101.19
-94.3
-105.7
-101.06
-94.42
-97.88
-87.11
-98.35
-101.23
-99.7
-99.2
-109.52
-97.54
-98.84
-101.96
-97.73
-99.21
-108.8
-100.75
-98.3
-101.28
-110.0
-120.55
-110.41
-107.06
-102.98
-109.03
-107.13
-107.89
-106.18
-96.43
-102.05
-108.31
-112.2
-110.56
-100.81
-111.91
-101.89
-105.65
-106.88
-109.02
-111.75
-98.23
-109.55
-111.08
-107.23
-116.68
-113.28
-102.34
-107.26
-109.05
-110.38
-112.01
-114.64
-117.58
-103.76
-113.3
-106.49
-118.23
-113.53
-100.6
-109.53
-104.08
-105.87
-113.22
-113.65
-106.22
-110.74
-107.77
-94.25
-109.37
-110.61
-100.21
-107.79
-108.17
-115.96
-102.78
-109.67
-95.32
-110.5
-98.22
-110.98
-112.08
-117.31
-107.53
-109.0
-101.36
-104.4
-106.84
-108.55
-118.3
-118.06
-123.46
-109.57
-116.16
-101.55
-106.3
-117.99
-108.42
-116.34
-100.52
-98.82
-117.1
-107.21
-104.77
-105.63
-107.51
-117.02
-114.79
-116.55
-113.25
-121.93
-113.12
-117.96
-120.8
-106.61
-121.12
-116.69
-101.48
-106.45
-111.14
-108.02
-120.57
-112.93
-118.29
-109.58
-104.53
-118.09
-118.83
-108.7
-114.79
-117.49
-120.95
-120.1
-115.78
-112.08
-112.21
-113.87
-117.88
-111.34
-112.41
-116.08
-120.17
-114.94
-108.39
-113.96
-117.72
-119.37
-117.64
-117.27
-113.9
-121.64
-121.94
-115.04
-110.33
-113.58
-125.52
-115.24
-111.42
-109.28
-111.27
-117.47
-105.37
-122.42
-112.93
-119.54
-120.61
-116.72
-123.27
-109.93
-116.05
-115.72
-124.56
-119.49
-109.66
-110.43
-106.55
-118.23
-115.78
-107.81
-111.35
-110.84
-111.54
-119.82
-116.35
-116.16
-117.89
-122.33
-113.62
-116.48
-128.15
-111.36
-124.9
-117.54
-123.08
-121.76
-103.89
-124.7
-111.28
-109.71
-125.56
-123.28
-129.43
-117.0
-113.87
-110.97
-106.17
-117.64
-115.69
-120.66
-121.29
-126.22
-113.48
-111.18
-124.07
-116.69
-114.61
-121.39
-121.27
-110.49
-122.05
-115.77
-122.0
-123.22
-127.93
-116.57
-118.2
-119.03
-124.65
-110.2
-110.7
-121.21
-124.34
-120.83
-116.21
-121.32
-120.61
-113.88
-128.81
-124.81
-118.83
-122.78
-129.02
-126.17
-105.39
-117.48
-116.32
-124.17
-113.72
-115.81
-116.41
-116.22
-113.11
-113.06
-114.81
-103.83
-117.1
