-0.532
-0.811
-0.527
-0.5
-0.404
-0.652
-0.55
-0.567
-0.64
-0.773
-0.642
-0.604
-0.707
-0.622
-0.547
-0.923
-0.564
-0.955
-0.451
-0.553
-0.425
-0.493
-0.601
-0.524
-0.626
-0.495
-0.461
-0.703
-0.683
-0.786
-0.625
-0.651
-0.738
-0.678
-0.625
-0.819
-0.681
-0.593
-0.76
-0.711
-0.712
-0.582
-0.649
-0.81
-0.702
-0.772
-0.596
-0.644
-0.652
-0.701
-0.728
-0.595
-0.83
-0.687
-0.707
-0.566
-0.758
-0.568
-0.84
-0.698
-0.762
-0.674
-0.685
-0.598
-0.719
-0.53
-0.63
-0.613
-0.476
-0.529
-0.639
-0.723
-0.592
-0.607
-0.7
-0.781
-0.742
-0.597
-0.835
-0.702
-0.758
-0.736
-0.747
-0.667
-0.751
-0.576
-0.415
-0.86
-0.632
-0.637
-0.73
-0.821
-0.848
-0.626
-0.566
-0.734
-0.839
-0.597
-0.684
-0.669
-0.755
-0.855
-0.633
-0.838
-0.82
-0.766
-0.952
-0.779
-0.794
-0.719
-0.977
-0.725
-0.697
-0.652
-0.971
-0.822
-0.98
-0.906
-0.958
-0.78
-0.872
-0.677
-0.586
-1.003
-0.677
-0.798
-0.703
-0.776
-0.752
-0.606
-0.726
-0.765
-0.632
-0.796
-0.833
-0.736
-0.963
-0.826
-0.939
-0.699
-0.793
-0.596
-0.731
-0.666
-0.785
-0.587
-0.856
-0.726
-0.877
-0.869
-0.784
-0.708
-0.829
-0.83
-0.975
-0.832
-0.909
-0.802
-0.798
-0.845
-0.859
-0.863
-0.869
-0.693
-0.893
-0.842
-0.754
-0.791
-0.729
-0.636
-0.888
-0.8
-0.73
-0.829
-0.788
-0.786
-0.896
-0.809
-0.797
-0.888
-0.898
-0.799
-0.723
-0.781
-0.789
-0.744
-0.782
-0.856
-1.063
-0.797
-0.723
-0.819
-0.865
-0.797
-0.895
-0.671
-0.802
-0.767
-0.609
-1.043
-0.771
-0.727
-0.757
-0.795
-0.787
-0.849
-0.773
-0.875
-0.783
-0.897
-0.833
-0.61
-0.666
-0.74
-0.607
-0.594
-0.976
-0.721
-0.785
-0.873
-0.753
-0.896
-0.717
-0.93
-0.877
-0.627
-0.89
-0.76
-0.802
-0.926
-0.854
-0.664
-0.635
-0.553
-0.495
-0.664
-0.62
-0.699
-0.783
-0.894
-1.006
-0.911
-0.706
-0.808
-0.853
-0.823
-0.868
-0.583
-0.541
-0.678
-0.599
-0.629
-0.81
-0.574
-0.755
-0.804
-0.814
-0.801
-0.664
-0.887
-0.666
-0.654
-0.465
-0.577
-0.602
-0.733
-0.541
-0.713
-0.523
-0.772
-0.689
-0.584
-0.571
-0.546
-0.756
-0.541
-0.451
-0.575
-0.741
-0.652
-0.485
-0.75
-0.698
-0.527
-0.647
-0.751
-0.743
-0.482
-0.799
-0.674
-0.825
-0.755
-0.771
-0.65
-0.877
-0.794
-0.764
-0.745
-0.624
-0.762
-0.581
-0.886
-0.887
-0.815
-0.814
-0.731
-0.585
-0.649
-0.892
-0.774
-0.778
-0.75
-0.767
-0.774
-0.651
-0.661
-0.827
-0.875
-0.817
-0.935
-0.764
-0.539
-0.855
-0.732
-0.797
-0.612
-0.876
-0.665
-0.707
-0.512
-0.639
-0.589
-0.644
-0.755
-0.698
-0.694
-0.515
-0.607
-0.674
-0.795
-0.758
-0.746
-0.741
-0.746
-0.654
-0.761
-0.741
-0.767
-0.517
-0.913
-0.905
-0.553
-0.609
-0.872
-0.625
-0.782
-0.543
-0.684
-0.769
-0.542
-0.703
-0.661
-0.566
-0.56
-0.73
-0.525
-0.672
-0.591
-0.501
-0.534
-0.66
-0.725
-0.714
-0.552
-0.8
-0.63
-0.88
-0.817
-0.616
-0.651
-0.593
-0.79
-0.691
-0.76
-0.636
-0.731
-0.621
-0.852
-0.814
-0.644
-0.663
-0.693
-0.495
-0.669
-0.83
-0.693
-0.563
-0.611
-0.554
-0.646
-0.744
-0.888
-0.814
-0.662
-0.744
-0.656
-0.698
-0.572
-0.575
-0.824
-0.812
-0.772
-0.586
-0.929
-0.64
-0.728
-0.701
-0.8
-0.895
-0.762
-0.956
-0.576
-0.726
-0.619
-0.783
-0.591
-0.705
-0.648
-0.556
-0.72
-0.635
-0.702
-0.833
-0.777
-0.607
-0.721
-0.647
-0.813
-0.891
-0.699
-0.714
-0.72
-0.813
-0.725
-0.679
-0.718
-0.639
-0.674
-0.694
-0.704
-0.851
