-735.63
-738.255
-707.863
-697.027
-698.764
-764.612
-743.34
-775.888
-746.678
-768.131
-787.182
-770.522
-774.765
-788.925
-780.03
-808.855
-738.596
-777.098
-837.926
-836.246
-824.714
-789.641
-803.974
-780.947
-821.411
-811.164
-777.84
-827.392
-836.566
-856.376
-816.136
-819.613
-824.741
-758.707
-820.637
-784.993
-826.023
-844.495
-800.873
-803.062
-791.453
-803.168
-844.418
-778.007
-802.409
-793.507
-764.766
-768.038
-840.637
-850.619
-799.503
-773.286
-833.027
-841.494
-812.811
-831.896
-825.102
-827.071
-803.016
-785.695
-813.701
-818.488
-753.436
-826.074
-800.354
-797.618
-793.06
-785.069
-786.546
-764.542
-762.186
-771.577
-786.585
-790.379
-771.58
-759.063
-768.997
-803.765
-726.717
-783.28
-771.789
-794.185
-780.915
-767.063
-783.605
-783.993
-755.79
-780.482
-758.061
-756.795
-809.931
-823.446
-788.224
-775.258
-738.975
-768.146
-807.613
-760.467
-783.965
-777.863
-760.132
-789.27
-808.604
-771.362
-797.35
-805.78
-821.617
-856.369
-821.187
-777.964
-825.855
-805.042
-802.632
-779.934
-749.513
-787.074
-772.369
-814.61
-761.892
-781.877
-810.887
-815.991
-751.824
-830.327
-777.346
-767.767
-778.662
-769.251
-762.411
-755.198
-774.954
-767.022
-792.762
-754.938
-729.578
-752.79
-786.054
-757.016
-813.252
-772.377
-728.655
-790.799
-768.124
-757.806
-760.232
-761.995
-758.118
-747.253
-702.083
-742.004
-747.591
-763.499
-730.144
-745.717
-779.133
-772.66
-761.691
-767.37
-765.902
-706.795
-772.861
-760.005
-764.075
-778.033
-786.502
-802.573
-736.228
-785.918
-751.542
-756.6
-747.559
-769.4
-792.126
-712.537
-719.625
-750.978
-753.958
-786.684
-764.581
-757.467
-762.478
-764.496
-723.47
-758.862
-766.821
-744.535
-716.766
-745.338
-716.829
-760.568
-739.256
-754.578
-768.542
-759.705
-751.261
-716.586
-804.418
-770.044
-757.931
-764.79
-755.826
-707.923
-720.381
-705.248
-711.399
-737.789
-733.428
-777.756
-801.424
-756.858
-778.087
-745.961
-692.727
-746.873
-705.022
-796.032
-782.544
-693.366
-743.612
-765.747
-769.872
-768.552
-772.503
-801.556
-760.626
-765.621
-751.255
-776.933
-754.493
-764.802
-779.937
-794.884
-801.826
-753.26
-761.953
-772.076
-751.45
-771.939
-739.642
-794.177
-806.414
-802.956
-774.576
-783.366
-814.474
-808.849
-839.652
-782.551
-818.762
-808.974
-821.897
-764.241
-830.665
-770.237
-764.295
-758.186
-792.317
-824.014
-822.015
-819.029
-747.198
-775.091
-812.583
-784.375
-828.764
-802.686
-833.368
-794.915
-767.475
-828.689
-750.315
-749.249
-770.029
-827.812
-813.731
-797.783
-834.454
-851.246
-789.868
-757.173
-774.52
-797.4
-817.45
-812.191
-808.345
-796.095
-735.763
-776.186
-782.069
-764.706
-777.993
-795.606
-806.279
-775.367
-841.389
-746.021
-831.934
-803.325
-799.952
-798.121
-753.014
-821.345
-803.615
-814.072
-825.944
-825.779
-814.111
-798.942
-833.951
-807.858
-807.271
-817.758
-759.27
-799.0
-772.776
-732.835
-806.651
-771.612
-825.859
-790.923
-803.352
-797.231
-806.556
-743.963
-809.886
-814.188
-808.805
-752.053
-808.362
-771.009
-816.365
-818.034
-814.049
-782.399
-854.248
-819.418
-785.731
-786.347
-733.985
-773.654
-853.905
-787.212
-849.287
-728.337
-775.885
-763.052
-782.763
-795.006
-771.792
-786.719
-816.767
-763.924
-825.172
-766.433
-767.852
-766.045
-741.468
-801.256
-722.7
-808.004
-823.376
-767.029
-815.842
-824.597
-780.414
-811.691
-777.089
-792.296
-769.597
-764.988
-825.731
-804.321
-828.265
-801.396
-764.963
-826.886
-829.984
-814.201
-801.754
-775.892
-785.869
-824.075
-784.651
-812.293
-845.152
-834.034
-827.051
-820.25
-843.382
-820.214
-839.807
-814.462
-799.158
-854.898
-846.179
-855.666
-825.951
-829.338
-846.644
-819.079
-826.705
-750.048
-794.019
-813.691
-817.18
-813.997
-739.812
-813.065
-816.817
-810.945
-774.719
-813.385
-761.205
-824.397
-801.33
-803.137
-793.962
-827.033
-844.756
-819.845
-785.92
-803.547
-786.083
-759.513
-772.524
-780.602
-800.0
-770.818
-738.938
-775.767
-800.149
-835.824
-772.928
-829.147
-806.141
-812.109
-832.161
-831.869
-805.177
-785.294
-824.85
-744.682
-795.982
-788.597
-779.255
-812.362
-737.088
-778.941
-779.059
-768.105
-774.481
