-0.281
-0.178
-0.359
-0.312
-0.296
-0.25
-0.256
-0.319
-0.278
-0.254
-0.203
-0.233
-0.377
-0.35
-0.21
-0.285
-0.233
-0.177
-0.31
-0.314
-0.395
-0.248
-0.243
-0.289
-0.359
-0.275
-0.287
-0.367
-0.355
-0.347
-0.3
-0.281
-0.294
-0.299
-0.372
-0.349
-0.344
-0.393
-0.347
-0.302
-0.258
-0.337
-0.283
-0.269
-0.317
-0.263
-0.247
-0.29
-0.32
-0.325
-0.283
-0.428
-0.448
-0.471
-0.477
-0.355
-0.321
-0.416
-0.445
-0.438
-0.302
-0.358
-0.434
-0.612
-0.468
-0.384
-0.45
-0.301
-0.421
-0.436
-0.424
-0.277
-0.411
-0.344
-0.403
-0.397
-0.311
-0.369
-0.292
-0.331
-0.478
-0.382
-0.338
-0.38
-0.469
-0.357
-0.494
-0.437
-0.371
-0.364
-0.435
-0.443
-0.547
-0.439
-0.459
-0.458
-0.502
-0.412
-0.53
-0.409
-0.429
-0.375
-0.372
-0.374
-0.438
-0.411
-0.528
-0.454
-0.427
-0.365
-0.478
-0.373
-0.376
-0.328
-0.37
-0.422
-0.403
-0.341
-0.43
-0.358
-0.377
-0.32
-0.448
-0.341
-0.434
-0.428
-0.325
-0.438
-0.509
-0.375
-0.508
-0.459
-0.335
-0.476
-0.534
-0.448
-0.41
-0.435
-0.438
-0.456
-0.553
-0.404
-0.38
-0.479
-0.582
-0.5
-0.493
-0.52
-0.387
-0.566
-0.408
-0.335
-0.33
-0.319
-0.376
-0.357
-0.339
-0.515
-0.365
-0.405
-0.476
-0.419
-0.307
-0.457
-0.462
-0.346
-0.387
-0.392
-0.497
-0.456
-0.503
-0.548
-0.339
-0.404
-0.349
-0.476
-0.201
-0.363
-0.294
-0.257
-0.296
-0.436
-0.387
-0.351
-0.462
-0.343
-0.311
-0.275
-0.327
-0.443
-0.361
-0.333
-0.424
-0.374
-0.35
-0.298
-0.325
-0.372
-0.345
-0.378
-0.491
