-431.038
-424.857
-429.912
-428.272
-429.937
-371.555
-428.335
-473.454
-512.996
-464.995
-470.12
-439.665
-434.553
-423.674
-454.957
-387.842
-416.906
-443.986
-447.478
-475.199
-493.202
-475.188
-446.933
-454.602
-475.967
-459.281
-442.178
-475.963
-465.934
-412.321
-445.775
-447.753
-491.268
-491.458
-498.107
-431.411
-469.679
-500.189
-476.803
-429.762
-421.326
-414.599
-391.537
-410.472
-414.399
-419.473
-424.416
-424.127
-434.803
-399.372
-441.49
-471.101
-533.894
-518.373
-569.429
-546.245
-548.276
-535.561
-484.949
-482.916
-550.159
-479.216
-554.095
-563.204
-618.272
-546.425
-562.998
-473.103
-506.838
-542.0
-576.116
-522.018
-600.045
-548.062
-537.876
-526.042
-478.736
-563.584
-525.395
-538.243
-533.54
-537.826
-516.631
-560.04
-516.65
-534.78
-563.373
-524.815
-522.833
-507.129
-483.333
-566.808
-554.675
-559.502
-487.378
-524.02
-518.684
-500.724
-555.082
-533.169
-542.741
-512.563
-518.374
-529.981
-555.339
-513.577
-586.23
-562.77
-560.099
-520.341
-559.733
-569.753
-582.886
-549.544
-538.683
-533.379
-504.696
-502.319
-541.353
-515.83
-544.347
-567.488
-543.026
-584.485
-570.651
-591.324
-520.864
-510.197
-576.005
-539.54
-548.081
-522.267
-480.412
-531.276
-578.823
-571.605
-611.807
-589.528
-594.82
-599.69
-586.013
-590.025
-558.84
-605.784
-588.229
-624.378
-572.744
-588.121
-546.672
-579.473
-573.109
-555.166
-551.926
-524.792
-539.301
-561.695
-489.423
-656.382
-529.129
-559.071
-538.773
-576.994
-530.39
-560.861
-541.909
-540.446
-515.336
-534.714
-504.654
-483.554
-528.829
-536.289
-463.541
-489.885
-464.881
-473.268
-506.358
-450.606
-489.446
-475.047
-459.502
-480.259
-522.374
-464.085
-468.443
-420.61
-461.87
-476.64
-498.451
-463.66
-489.138
-495.594
-464.469
-520.369
-489.347
-493.871
-517.239
-509.327
-520.678
-527.103
-477.215
