-62.1
-65.89
-74.33
-72.32
-70.05
-80.79
-81.8
-77.91
-71.84
-69.11
-79.29
-51.85
-75.19
-81.67
-83.26
-78.52
-73.85
-56.72
-66.71
-68.44
-72.14
-64.34
-88.67
-77.13
-73.69
-71.31
-67.37
-74.99
-77.47
-68.67
-67.78
-72.06
-63.99
-62.46
-65.58
-69.66
-78.82
-75.15
-65.27
-64.62
-62.89
-79.5
-86.49
-67.91
-67.56
-75.74
-58.34
-57.47
-74.75
-61.77
-82.25
-73.15
-71.19
-62.78
-75.18
-70.64
-74.77
-72.24
-75.18
-64.46
-71.2
-75.25
-80.48
-78.04
-73.12
-69.61
-66.96
-68.92
-72.76
-61.58
-69.07
-81.55
-68.77
-71.52
-65.68
-71.26
-68.03
-70.58
-78.82
-72.26
-63.88
-58.93
-73.35
-77.98
-69.19
-75.34
-87.62
-94.46
-94.88
-87.76
-97.87
-78.13
-81.4
-87.74
-80.67
-80.65
-82.58
-81.9
-76.15
-76.27
-81.44
-76.17
-69.79
-78.63
-75.31
-74.34
-77.01
-91.8
-72.4
-82.91
-68.84
-75.99
-62.24
-75.51
-64.85
-71.81
-69.53
-75.34
-67.13
-54.3
-64.4
-66.83
-42.71
-51.81
-50.54
-46.13
-56.11
-55.99
-54.99
-56.02
-54.81
-55.41
-68.13
-55.98
-48.37
-49.53
-50.93
-55.89
-53.74
-51.5
-51.78
-58.77
-55.93
-57.2
-70.94
-59.77
-71.07
-72.1
-61.24
-69.3
