-68.49
-63.63
-67.4
-67.27
-66.78
-64.68
-68.26
-82.3
-72.38
-75.35
-80.09
-75.36
-66.37
-66.35
-66.51
-68.05
-69.24
-69.28
-68.31
-75.75
-74.97
-67.14
-74.09
-70.14
-81.2
-69.42
-72.64
-72.62
-70.22
-66.83
-65.35
-60.57
-78.79
-89.87
-77.57
-73.17
-74.9
-80.33
-76.88
-74.63
-70.17
-77.24
-68.94
-73.04
-72.73
-74.53
-72.61
-64.23
-77.91
-60.61
-80.52
-69.87
-81.86
-80.78
-79.03
-84.46
-80.87
-79.62
-86.72
-73.85
-84.07
-75.33
-90.0
-86.82
-91.62
-82.75
-84.4
-78.66
-79.89
-74.52
-82.08
-81.38
-93.65
-75.37
-73.7
-74.49
-77.05
-77.37
-85.13
-87.13
-84.34
-82.6
-74.2
-79.87
-76.18
-83.25
-87.32
-85.06
-76.16
-82.06
-76.37
-82.13
-82.44
-75.3
-79.18
-75.76
-73.6
-69.69
-74.22
-76.62
-79.95
-78.67
-84.58
-74.61
-81.7
-76.04
-84.71
-87.66
-84.06
-72.85
-79.08
-89.41
-78.33
-85.17
-80.42
-83.21
-87.87
-82.3
-81.53
-85.85
-82.85
-78.41
-78.59
-79.96
-78.82
-80.09
-73.04
-75.5
-92.2
-77.76
-87.66
-76.28
-80.84
-82.7
-82.65
-75.91
-86.24
-94.47
-94.8
-84.99
-93.85
-86.62
-85.39
-91.15
-84.5
-89.01
-90.4
-98.75
-78.37
-86.71
-87.26
-83.44
-84.04
-85.92
-83.04
-81.42
-84.78
-87.87
-83.34
-87.42
-79.9
-82.21
-72.04
-84.97
-78.38
-76.83
-79.42
-81.88
-80.29
-77.09
-82.65
-81.56
-71.56
-62.79
-64.97
-71.07
-74.46
-75.81
-66.29
-70.16
-64.29
-77.88
-74.16
-62.4
-62.53
-64.8
-63.19
-69.55
-69.76
-72.38
-71.51
-66.1
-72.79
-73.73
-72.4
-70.38
-81.29
-77.23
-75.43
-73.45
-70.95
