-114.81
-109.49
-111.2
-112.84
-119.64
-114.69
-118.54
-121.77
-115.54
-118.74
-117.85
-120.52
-122.81
-111.18
-126.8
-131.49
-120.91
-118.96
-118.56
-123.84
-114.38
-116.05
-122.22
-120.64
-113.74
-117.72
-125.69
-124.56
-121.55
-128.54
-108.62
-116.1
-119.77
-122.58
-109.94
-115.2
-120.65
-115.64
-119.31
-115.32
-115.25
-117.31
-125.12
-113.83
-113.85
-114.18
-122.72
-122.75
-136.35
-117.51
-119.02
-119.46
-119.73
-114.38
-100.1
-121.06
-126.8
-123.94
-113.08
-114.61
-109.9
-114.56
-119.46
-104.44
-103.52
-109.69
-110.12
-113.5
-109.85
-108.2
-105.56
-115.79
-116.94
-109.86
-114.68
-113.47
-118.75
-119.27
-112.33
-116.42
-110.58
-110.84
-117.1
-114.52
-106.57
-119.18
-116.2
-113.1
-120.76
-111.16
-111.09
-119.06
-120.15
-102.98
-122.44
-111.09
-121.17
-110.58
-111.18
-108.62
-110.34
-114.52
-112.06
-112.98
-105.75
-123.27
-109.81
-116.57
-116.46
-119.42
-123.15
-112.24
-123.94
-111.5
-112.23
-108.31
-104.23
-113.82
-111.38
-116.75
-106.09
-119.98
-126.77
-114.37
-114.99
-111.22
-114.52
-114.82
-113.53
-120.77
-124.64
-122.58
-130.69
-115.11
-105.24
-118.85
-120.99
-120.23
-124.51
-108.16
-115.24
-104.93
-119.85
-127.11
-113.88
-121.9
-109.8
-108.05
-108.65
-99.24
-111.35
-109.51
-104.45
-105.32
-110.95
-114.09
-118.28
-113.2
-103.86
-114.0
-107.85
-108.23
-113.17
-114.62
-108.56
-110.37
-108.08
-107.86
-125.98
-117.11
-116.33
-121.49
-115.41
-117.27
-113.46
-117.16
-108.87
-103.39
-117.09
-114.79
-99.43
-108.95
-107.19
-101.7
-108.99
-116.86
-112.24
-112.57
-125.3
-115.88
-107.08
-113.92
-120.64
-121.03
-106.44
-101.97
-114.2
-112.85
-113.78
-115.71
-111.09
-110.88
-112.56
-109.74
-106.64
-107.96
-110.43
-110.21
-108.52
-111.34
-106.23
-112.87
-117.94
-109.42
-107.16
-111.26
-89.38
-99.81
-106.97
-104.98
-104.57
-109.79
-107.6
-102.32
-112.92
-97.53
-109.1
-110.38
-110.15
-102.92
-107.17
-109.34
-111.05
-107.86
-114.05
-112.14
-111.69
-107.42
-113.1
-114.12
-124.79
-124.25
-118.79
-118.6
-124.66
-106.68
-108.45
-108.26
-99.39
-104.93
-117.28
-122.44
-114.97
-121.06
-130.11
-125.02
-113.88
-115.58
-120.97
-121.49
-122.17
-115.85
-108.14
-112.4
-128.24
-126.6
-113.34
-120.81
-123.06
-122.24
-118.2
-122.85
-125.23
-112.21
-120.95
-116.21
-120.87
-122.05
-119.82
-109.93
-115.16
-118.13
-111.09
-109.16
-109.02
-125.66
-120.97
-117.63
-118.88
-116.33
-117.83
-115.53
-128.4
-109.54
-109.75
-113.72
-125.11
-114.56
-111.74
-97.29
-112.46
-106.86
-108.58
-117.17
-114.54
-105.61
-116.17
-103.24
-101.14
-111.36
-112.36
-107.75
-109.47
-120.41
-110.1
-114.51
-115.81
-124.49
-114.52
-108.24
-96.63
-108.24
-103.92
-111.02
-116.38
-114.3
-113.11
-109.78
-118.34
-117.01
-107.38
-115.53
-108.25
-114.52
-124.1
-114.27
-123.78
-119.28
-116.77
-119.99
-123.12
-106.87
-120.0
-108.56
-110.15
-106.16
-99.5
-96.65
-122.54
-110.09
-107.08
-114.93
-120.07
-104.43
-108.08
-111.08
-122.19
-103.19
-115.23
-98.3
-114.03
-97.71
-120.66
-124.65
-113.18
-109.73
-115.92
-110.72
-113.18
-101.55
-107.45
-105.5
-104.05
-111.72
-106.29
-101.38
-105.19
-122.68
-119.43
-126.57
-117.6
-125.97
-123.34
-105.32
-116.38
-108.72
-112.03
-123.31
-117.14
-121.37
-120.79
-115.16
-111.23
-120.07
-118.36
-125.93
-122.14
-118.83
-117.56
-118.6
-105.23
-117.13
-116.82
-119.6
-113.4
-110.4
-113.35
-111.2
-123.84
-116.24
-119.63
-119.78
-119.69
-122.8
-117.64
-121.8
-118.36
-110.77
-119.51
-117.57
-123.86
-116.77
-120.19
-112.64
-114.8
-113.04
-120.0
-125.25
-110.9
-126.18
-111.08
-116.94
-121.1
-110.33
-109.82
-117.2
-101.64
-108.41
-104.77
-120.09
-108.26
-110.69
-106.72
-107.54
-107.09
-107.46
-117.79
-119.35
-113.65
-124.09
-111.56
