-136.54
-144.0
-136.61
-146.93
-133.9
-141.93
-146.95
-142.81
-138.37
-136.64
-138.0
-137.33
-134.86
-126.7
-138.1
-127.09
-139.3
-138.55
-151.88
-135.67
-138.65
-144.39
-149.46
-126.51
-133.52
-148.73
-138.78
-152.45
-136.74
-135.73
-130.65
-142.23
-130.8
-148.63
-142.96
-134.12
-142.85
-145.01
-142.1
-145.76
-145.3
-139.25
-153.71
-136.63
-145.78
-151.57
-145.94
-152.33
-132.95
-140.55
-141.3
-144.38
-132.09
-144.08
-125.7
-139.35
-138.39
-136.47
-145.52
-139.86
-149.23
-138.82
-142.27
-136.16
-130.8
-144.89
-126.16
-138.9
-130.22
-138.87
-137.25
-148.5
-143.84
-139.17
-138.18
-123.05
-126.69
-128.08
-140.73
-133.66
-142.68
-141.74
-140.56
-144.14
-132.88
-138.62
-148.12
-142.37
-136.38
-142.16
-147.23
-140.59
-138.89
-142.53
-144.8
-135.68
-151.84
-129.14
-130.48
-128.19
-119.98
-134.59
-119.71
-123.61
-132.63
-133.44
-122.27
-133.74
-132.45
-135.36
-132.1
-129.74
-142.77
-137.16
-128.87
-120.55
-130.91
-127.93
-133.12
-146.59
-136.68
-134.8
-128.47
-136.83
-125.82
-137.86
-130.43
-140.34
-130.98
-130.9
-138.75
-131.87
-119.55
-134.1
-144.57
-135.97
-132.67
-136.27
-150.66
-136.22
-135.81
-138.64
-154.24
-140.72
-123.53
-142.72
-134.61
-124.86
-149.28
-147.85
