-0.857
-0.784
-0.801
-0.735
-0.637
-0.55
-0.404
-0.588
-0.747
-0.588
-0.596
-0.592
-0.671
-0.554
-0.727
-0.58
-0.692
-0.523
-0.712
-0.62
-0.45
-0.561
-0.574
-0.707
-0.76
-0.75
-0.641
-0.661
-0.697
-0.647
-0.848
-0.557
-0.489
-0.716
-0.519
-0.741
-0.627
-0.651
-0.604
-0.818
-0.729
-0.576
-0.538
-0.843
-0.544
-0.529
-0.641
-0.899
-0.712
-0.741
-0.646
-0.762
-0.649
-0.65
-0.713
-0.82
-0.725
-0.674
-0.603
-0.577
-0.678
-0.81
-0.626
-0.52
-0.743
-0.673
-0.766
-0.827
-0.69
-0.724
-0.767
-0.773
-0.834
-0.68
-0.753
-0.638
-0.87
-0.865
-0.513
-0.725
-0.728
-0.719
-0.767
-0.78
-0.808
-0.877
-0.758
-0.77
-0.66
-0.767
-0.696
-0.774
-0.72
-0.676
-0.635
-0.638
-0.635
-0.699
-0.704
-0.595
-0.677
-0.663
-0.586
-0.632
-0.581
-0.553
-0.573
-0.63
-0.731
-0.838
-0.966
-0.76
-0.354
-0.799
-0.676
-0.442
-0.74
-0.683
-0.583
-0.786
-0.501
-0.495
-0.529
-0.578
-0.799
-0.657
-0.529
-0.614
-0.656
-0.81
-0.603
-0.609
-0.663
-0.581
-0.764
-0.689
-0.768
-0.885
-0.578
-0.659
-0.677
-0.639
-0.699
-0.658
-0.824
-0.541
-0.762
-0.559
-0.474
-0.684
-0.651
-0.597
-0.609
-0.82
-0.678
-0.626
-0.68
-0.737
-0.692
-0.674
-0.668
-0.44
-0.587
-0.716
-0.701
-0.742
-0.807
-0.667
-0.88
-0.589
-0.559
-0.672
-0.61
-0.645
-0.474
-0.626
-0.634
-0.795
-0.785
-0.584
-0.564
-0.537
-0.589
-0.834
-0.691
-0.715
-0.761
-0.696
-0.597
-0.693
-0.656
-0.483
-0.589
-0.603
-0.539
-0.664
-0.644
-0.599
-0.736
-0.48
-0.645
-0.494
-0.524
-0.591
-0.665
-0.493
-0.513
-0.539
-0.65
-0.633
-0.519
-0.884
-0.637
-0.653
-0.732
-0.848
-0.593
-0.694
-0.904
-0.676
-0.655
-0.707
-0.892
-0.674
-0.864
-0.964
-0.833
-0.899
-0.86
-0.797
-0.772
-0.731
-0.646
-0.626
-0.778
-0.787
-0.806
-0.621
-0.672
-0.794
-0.903
-0.741
-0.949
-0.663
-0.641
-0.763
-0.789
-0.773
-0.667
-0.793
-0.712
-0.777
-0.645
-0.639
-0.691
-0.881
-0.831
-0.744
-0.959
-0.669
-0.723
-0.59
-0.723
-0.84
-0.748
-0.878
-1.012
-0.972
-0.879
-1.068
-0.704
-0.762
-0.74
-0.937
-0.768
-0.649
-0.86
-0.881
-0.828
-0.823
-0.78
-0.979
-0.714
-0.813
-0.742
-0.775
-0.81
-0.775
-0.835
-0.613
-0.927
-0.54
-0.712
-0.938
-0.759
-0.717
-0.794
-0.583
-0.947
-0.712
-0.789
-0.694
-0.788
-0.668
-0.856
-0.733
-0.895
-0.812
-0.761
-0.765
-0.832
-0.862
-0.709
-0.863
-0.457
-0.723
-0.835
-0.857
-0.846
-0.78
-0.75
-0.788
-0.647
-0.764
-0.85
-0.696
-0.786
-0.71
-1.093
-0.743
-0.521
-0.624
-0.785
-0.652
-0.801
-0.911
-0.915
-0.807
-0.812
-0.801
-0.77
-0.991
-0.912
-1.058
-0.699
-0.56
-0.74
-0.813
-0.82
-1.109
-1.041
-0.849
-0.822
-0.75
-0.781
-0.721
-0.881
-0.88
-0.904
-0.836
-0.812
-0.876
-0.698
-0.655
-0.666
-0.503
-0.765
-0.823
-0.829
-0.66
-0.731
-0.563
-0.517
-0.782
-0.87
-0.547
-0.641
-0.751
-0.832
-0.617
-0.824
-0.665
-0.809
-0.737
-0.681
-0.604
-0.8
-0.516
-0.626
-0.763
-0.574
-0.443
-0.628
-0.69
-0.52
-0.754
-0.669
-0.475
-0.522
-0.526
-0.527
-0.585
-0.616
-0.609
-0.485
-0.63
-0.597
-0.621
-0.379
-0.557
-0.625
-0.595
-0.732
-0.389
-0.538
-0.334
-0.479
-0.457
-0.307
-0.363
-0.424
-0.613
-0.56
-0.579
-0.523
-0.452
-0.329
-0.506
-0.542
-0.48
-0.655
-0.592
-0.637
-0.398
-0.507
-0.649
-0.53
-0.675
-0.551
-0.405
-0.341
-0.456
-0.542
-0.488
-0.413
-0.598
-0.693
-0.553
-0.686
-0.694
-0.771
