-827.333
-837.802
-819.17
-831.185
-819.844
-821.149
-804.44
-815.697
-831.625
-795.216
-763.287
-766.374
-799.29
-764.522
-835.349
-804.034
-809.267
-824.555
-829.582
-845.759
-808.595
-817.016
-806.113
-857.918
-806.6
-836.643
-823.886
-830.107
-819.84
-813.299
-758.095
-823.02
-827.144
-835.893
-814.302
-800.986
-784.035
-820.223
-808.549
-836.742
-845.185
-814.729
-811.58
-811.38
-854.798
-841.653
-864.337
-791.358
-849.285
-792.634
-769.825
-828.506
-834.438
-832.829
-814.225
-853.12
-793.52
-873.414
-744.036
-757.5
-746.588
-755.42
-784.933
-818.218
-795.768
-759.033
-791.807
-806.392
-839.924
-801.174
-790.503
-822.521
-841.336
-783.199
-805.872
-847.487
-866.139
-803.976
-835.851
-746.745
-798.149
-767.553
-811.851
-803.215
-838.917
-807.396
-852.85
-826.28
-795.087
-812.191
-791.094
-797.232
-824.826
-809.071
-802.517
-807.401
-795.454
-788.949
-787.428
-799.871
-792.634
-830.842
-800.135
-805.711
-785.789
-829.546
-842.236
-807.256
-813.305
-768.692
-832.335
-781.348
-753.116
-808.662
-766.697
-813.552
-731.907
-806.343
-745.781
-773.157
-789.27
-789.538
-824.952
-813.193
-814.563
-784.411
-774.926
-738.171
-784.813
-807.745
-823.801
-832.262
-850.255
-808.149
-732.042
-808.552
-806.076
-799.224
-771.774
-808.77
-836.116
-793.876
-774.022
-746.188
-794.089
-722.739
-744.183
-728.721
-730.499
-771.614
-744.266
-792.71
-746.459
-711.999
-766.62
-778.248
-791.267
-753.597
-777.382
-763.293
-796.283
-743.622
-767.761
-774.762
-764.182
-775.327
-786.771
-795.769
-772.941
-770.484
-748.474
-788.459
-735.127
-770.971
-759.328
-767.713
-763.766
-831.669
-775.294
-736.023
-768.237
-770.13
-718.404
-780.14
-847.909
-808.157
-792.855
-789.718
-788.699
-759.563
-757.712
-782.488
-813.206
-750.868
-785.886
-782.617
-749.181
-756.071
-777.382
-751.55
-761.254
-762.469
-757.872
-755.57
-787.638
-759.104
-752.394
-760.29
-739.104
-770.216
-759.19
-805.011
-798.451
-785.601
-735.753
-761.032
-745.556
-760.217
-753.308
-791.469
-786.567
-790.426
-804.453
-789.818
-842.665
-759.058
-783.745
-765.986
-786.637
-772.389
-778.885
-786.809
-749.403
-739.58
-772.947
-805.914
-777.965
-774.959
-811.863
-825.971
-801.43
-777.64
-830.576
-801.461
-821.972
-784.488
-769.306
-770.603
-726.196
-777.939
-845.088
-781.364
-753.249
-798.172
-849.227
-903.25
-902.08
-800.949
-814.786
-787.748
-800.169
-801.739
-779.861
-836.637
-828.564
-803.842
-752.526
-825.069
-844.899
-813.924
-809.218
-800.593
-858.426
-865.89
-807.907
-830.373
-765.488
-803.654
-800.043
-808.82
-826.904
-784.819
-894.743
-866.248
-835.382
-859.805
-812.238
-844.181
-849.283
-834.305
-816.715
-715.774
-785.203
-842.047
-802.434
-856.456
-841.754
-839.593
-827.753
-740.578
-804.938
-833.138
-829.772
-795.868
-814.762
-829.031
-806.257
-852.222
-837.894
-806.515
-831.723
-820.381
-801.469
-815.127
-798.279
-846.25
-887.548
-823.987
-787.844
-784.095
-811.081
-805.744
-831.323
-785.046
-792.023
-787.423
-836.898
-836.165
-834.465
-805.974
-768.008
-833.181
-781.84
-782.761
-866.754
-831.603
-798.274
-779.82
-801.643
-847.885
-775.347
-805.566
-801.026
-777.466
-768.417
-798.896
-775.876
-797.011
-778.91
-814.896
-801.646
-764.306
-761.667
-768.707
-739.796
-780.225
-833.133
-778.683
-800.878
-802.682
-792.635
-787.335
-791.494
-821.598
-762.402
-744.088
-813.58
-770.568
-794.52
-746.516
-783.473
-718.124
-789.606
-740.227
-804.494
-767.864
-849.384
-785.826
-848.503
-806.645
-842.854
-834.574
-813.81
-783.689
-832.786
-786.855
-773.096
-816.701
-771.587
-805.113
-779.73
-841.011
-787.289
-801.57
-806.017
-836.486
-795.299
-775.226
-771.607
-766.048
-793.412
-748.824
-744.586
-744.079
-728.041
-698.242
-749.63
-742.893
-744.9
-743.306
-772.811
-708.925
-775.825
-710.808
-706.235
-785.406
-771.419
-767.011
-765.025
-784.462
-788.232
-791.371
-795.953
-784.147
-804.903
-741.953
-789.967
-835.192
-828.185
-797.741
-853.089
-821.79
-815.935
-791.79
-815.242
-843.394
-804.707
-776.895
-742.326
-738.901
-756.842
-784.941
-793.913
-731.934
-788.026
-832.334
-806.121
-764.038
-761.43
-729.068
-745.832
