-0.497
-0.502
-0.594
-0.575
-0.526
-0.533
-0.543
-0.497
-0.686
-0.599
-0.549
-0.704
-0.674
-0.626
-0.63
-0.498
-0.777
-0.647
-0.493
-0.518
-0.434
-0.75
-0.552
-0.672
-0.577
-0.465
-0.458
-0.278
-0.527
-0.456
-0.551
-0.597
-0.486
-0.359
-0.347
-0.382
-0.535
-0.43
-0.641
-0.533
-0.558
-0.519
-0.47
-0.557
-0.398
-0.454
-0.389
-0.538
-0.273
-0.377
-0.344
-0.38
-0.454
-0.645
-0.459
-0.526
-0.445
-0.42
-0.607
-0.54
-0.617
-0.578
-0.688
-0.406
-0.526
-0.415
-0.634
-0.591
-0.58
-0.562
-0.541
-0.675
-0.533
-0.609
-0.66
-0.596
-0.675
-0.647
-0.497
-0.598
-0.726
-0.483
-0.491
-0.591
-0.689
-0.641
-0.779
-0.772
-0.681
-0.694
-0.739
-0.624
-0.638
-0.711
-0.516
-0.621
-0.727
-0.656
-0.408
-0.529
-0.547
-0.475
-0.552
-0.389
-0.393
-0.674
-0.506
-0.537
-0.443
-0.451
-0.54
-0.614
-0.538
-0.651
-0.532
-0.599
-0.651
-0.718
-0.578
-0.446
-0.433
-0.471
-0.48
-0.661
-0.612
-0.446
-0.633
-0.393
-0.684
-0.745
-0.642
-0.7
-0.647
-0.646
-0.574
-0.627
-0.641
-0.635
-0.552
-0.741
-0.678
-0.604
-0.847
-0.7
-0.635
-0.507
-0.612
-0.579
-0.637
-0.676
-0.581
-0.569
-0.542
-0.415
-0.419
-0.651
-0.578
-0.451
-0.44
-0.565
-0.573
-0.554
-0.567
-0.562
-0.624
-0.457
-0.533
-0.539
-0.692
-0.592
-0.511
-0.356
-0.3
-0.317
-0.563
-0.492
-0.628
-0.428
-0.737
-0.499
-0.686
-0.517
-0.508
-0.601
-0.436
-0.61
-0.468
-0.585
-0.612
-0.4
-0.6
-0.67
-0.489
-0.591
-0.393
-0.45
-0.607
-0.562
-0.49
-0.595
-0.457
-0.531
-0.496
-0.406
-0.489
-0.526
-0.443
-0.539
-0.343
-0.487
-0.496
-0.4
-0.587
-0.597
-0.669
-0.629
-0.502
-0.687
-0.341
-0.54
-0.46
-0.468
-0.463
-0.428
-0.488
-0.639
-0.572
-0.784
-0.54
-0.425
-0.63
-0.62
-0.484
-0.469
-0.417
-0.4
-0.368
-0.528
-0.304
-0.389
-0.541
-0.734
-0.455
-0.485
-0.369
-0.498
-0.553
-0.554
-0.531
-0.47
-0.406
-0.476
-0.525
-0.414
-0.531
-0.482
-0.421
-0.492
-0.416
-0.314
-0.455
-0.436
-0.517
-0.451
-0.679
-0.445
-0.417
-0.563
-0.542
-0.476
-0.385
-0.361
-0.49
-0.513
-0.566
-0.52
-0.639
-0.537
-0.663
-0.604
-0.585
-0.473
-0.461
-0.533
-0.584
-0.434
-0.631
-0.572
-0.424
-0.356
-0.569
-0.56
-0.391
-0.444
-0.54
-0.491
-0.447
-0.419
-0.481
-0.528
-0.395
-0.417
-0.538
-0.34
-0.517
-0.717
-0.451
-0.32
-0.4
-0.464
-0.531
-0.434
-0.355
-0.467
-0.486
-0.408
-0.418
-0.427
-0.472
-0.469
-0.46
-0.584
-0.633
-0.369
-0.52
-0.478
-0.592
-0.684
-0.626
-0.62
-0.504
-0.549
-0.436
-0.569
-0.623
-0.372
-0.706
-0.662
-0.685
-0.603
-0.759
-0.655
-0.72
-0.672
-0.808
-0.649
-0.64
-0.691
-0.617
-0.461
-0.525
-0.514
-0.326
-0.483
-0.564
-0.429
-0.476
-0.412
-0.611
-0.571
-0.41
-0.425
-0.564
-0.591
-0.452
-0.515
-0.489
-0.483
-0.593
-0.398
-0.466
-0.482
-0.417
-0.493
-0.571
-0.506
-0.704
-0.623
-0.65
-0.561
-0.424
-0.626
-0.564
-0.502
-0.604
-0.596
-0.543
-0.625
-0.628
-0.525
-0.698
-0.536
-0.531
-0.491
-0.463
-0.461
-0.6
-0.558
-0.619
-0.683
-0.315
-0.577
-0.486
-0.497
-0.613
-0.653
-0.512
-0.382
-0.404
-0.445
-0.358
-0.362
-0.446
-0.475
-0.349
-0.574
-0.541
-0.516
-0.403
-0.35
-0.597
-0.322
-0.471
-0.423
-0.478
-0.412
-0.491
-0.379
-0.476
-0.442
-0.315
-0.44
-0.465
-0.548
-0.36
-0.528
-0.376
-0.363
-0.473
-0.454
-0.476
-0.7
-0.644
-0.584
-0.412
-0.407
-0.45
-0.345
-0.432
-0.408
-0.428
