-109.36
-112.25
-105.17
-100.87
-107.0
-106.53
-97.98
-95.65
-115.84
-112.17
-108.9
-114.83
-105.56
-103.47
-110.11
-101.53
-105.71
-107.81
-105.35
-105.3
-100.12
-98.4
-100.78
-99.82
-115.0
-108.09
-105.91
-107.81
-107.55
-111.09
-109.3
-99.97
-106.85
-103.19
-103.42
-104.99
-108.33
-112.04
-105.62
-101.61
-109.25
-109.78
-105.81
-103.21
-108.81
-109.22
-118.41
-109.48
-101.03
-101.49
-107.96
-120.3
-122.32
-110.92
-104.11
-108.21
-113.18
-111.03
-106.57
-107.06
-115.8
-103.48
-110.11
-104.27
-115.07
-104.9
-120.11
-111.44
-112.75
-96.93
-110.09
-101.39
-105.97
-100.43
-101.2
-107.07
-116.43
-102.14
-118.82
-103.15
-110.66
-115.09
-110.5
-111.69
-121.9
-113.28
-106.83
-96.42
-108.47
-111.18
-113.57
-104.67
-111.47
-107.37
-107.08
-109.48
-113.09
-117.69
-108.03
-114.84
-112.39
-118.35
-113.5
-110.93
-102.2
-117.41
-114.85
-106.4
-109.42
-99.1
-105.78
-109.1
-101.93
-104.69
-106.76
-105.78
-95.78
-109.21
-113.05
-108.47
-111.39
-104.86
-108.8
-110.73
-110.36
-94.68
-119.47
-112.56
-102.74
-101.7
-100.87
-103.83
-109.08
-103.24
-102.8
-114.21
-106.9
-105.22
-100.64
-104.66
-102.37
-105.11
-116.07
-110.92
-102.96
-111.64
-100.03
-104.92
-107.82
-107.69
-105.46
-105.91
-101.95
-91.53
-98.92
-106.47
-108.41
-105.22
-110.55
-103.68
-113.35
-104.77
-113.12
-99.8
-99.48
-100.55
-105.5
-96.76
-100.29
-99.43
-97.02
-102.57
-91.32
-90.65
-99.17
-104.42
-95.74
-88.44
-108.54
-90.5
-100.32
-104.85
-108.56
-97.02
-99.96
-90.97
-96.8
-88.56
-88.16
-96.02
-92.3
-100.63
-95.13
-89.23
-101.93
-99.06
-109.29
-102.27
-88.43
-105.82
-99.26
-98.17
-91.3
-94.06
-94.23
-94.17
-100.69
-107.99
-86.47
-103.8
-93.36
-98.52
-104.57
-110.67
-110.48
-99.44
-89.82
-97.49
-96.96
-89.72
-96.79
-102.17
-84.41
-83.93
-101.52
-90.17
-94.29
-107.04
-97.99
-105.49
-102.89
-105.41
-96.5
-102.66
-108.72
-100.87
-91.93
-95.95
-103.25
-104.24
-89.69
-108.98
-104.82
-97.21
-93.99
-90.1
-92.94
-92.01
-95.74
-97.18
-104.93
-103.9
-83.84
-93.63
-99.11
-97.4
-91.8
-98.46
-88.16
-92.01
-92.6
-96.52
-96.02
-88.51
-109.0
-101.65
-84.58
-95.57
-93.69
-99.35
-105.23
-91.11
-103.27
-99.24
-96.59
-94.69
-93.53
-100.19
-92.69
-104.67
-105.46
-104.11
-104.2
-104.74
-93.4
-95.26
-94.46
-101.64
-86.0
-89.97
-90.21
-88.74
-95.75
-91.42
-96.01
-92.03
-103.87
-99.16
-103.69
-100.98
-94.56
-96.33
-101.27
-93.08
-97.05
-94.71
-99.09
-93.26
-92.6
-101.08
-102.74
-97.86
-86.28
-96.7
-90.3
-89.45
-93.58
-89.41
-96.39
-94.67
-89.8
-93.48
-90.38
-94.1
-88.88
-92.25
-97.37
-93.55
-100.28
-104.91
-88.57
-83.77
-98.71
-96.59
-96.19
-87.15
-89.54
-93.77
-105.9
-102.25
-100.61
-94.2
-86.87
-102.34
-99.42
-92.23
-92.37
-89.73
-105.03
-104.42
-98.09
-98.05
-92.58
-102.94
-108.05
-106.98
-109.36
-111.18
-97.27
-108.95
-104.27
-107.44
-107.43
-102.82
-102.81
-100.64
-89.76
-98.9
-106.94
-101.06
-83.1
-88.07
-98.07
-110.81
-106.47
-109.58
-102.07
-108.99
-97.72
-102.97
-101.31
-95.49
-102.03
-96.65
-107.66
-108.44
-107.0
-97.89
-106.95
-110.54
-115.9
-104.65
-105.63
-95.35
-115.79
-113.58
-106.62
-105.91
-96.73
-108.29
-113.09
-94.41
-103.2
-104.33
-108.13
-98.44
-92.7
-97.35
-97.34
-93.75
-88.74
-88.06
-97.32
-93.29
-92.09
-84.74
-90.83
-95.11
-89.21
-83.67
-85.29
-91.95
-86.16
-90.75
-86.62
-92.05
-99.13
-95.13
-88.96
-80.11
-85.75
-82.0
-97.25
-89.4
-81.59
-86.84
-85.27
-80.11
-83.49
-88.67
-81.94
-89.65
-90.93
-91.53
-93.11
-87.57
-90.44
-84.79
-88.47
-92.55
-93.22
