-708.924
-730.794
-696.816
-731.059
-736.331
-706.923
-711.268
-683.371
-740.865
-713.426
-679.76
-650.698
-721.094
-680.978
-698.356
-725.468
-723.53
-757.865
-687.554
-729.892
-747.549
-727.743
-720.791
-725.975
-726.988
-746.934
-735.346
-752.446
-729.639
-699.353
-688.018
-671.503
-681.86
-726.296
-638.103
-708.014
-707.129
-716.145
-720.797
-712.46
-692.521
-718.373
-689.125
-729.56
-697.651
-735.279
-707.127
-726.502
-729.733
-723.767
-714.617
-735.381
-743.15
-770.965
-765.217
-714.836
-785.963
-731.973
-744.575
-722.566
-716.737
-716.989
-826.689
-731.034
-765.648
-706.803
-760.552
-754.668
-730.823
-737.261
-777.823
-718.881
-737.551
-724.943
-675.708
-742.622
-767.158
-736.763
-678.618
-751.736
-709.343
-748.704
-686.712
-721.402
-777.078
-776.869
-778.859
-723.985
-714.544
-739.126
-781.094
-727.764
-728.606
-714.839
-711.95
-679.011
-715.505
-746.042
-738.964
-699.531
-722.85
-758.977
-711.513
-732.824
-691.58
-718.762
-701.442
-660.305
-701.247
-687.755
-653.713
-686.753
-682.274
-675.538
-663.736
-717.87
-666.546
-725.17
-702.597
-670.828
-695.914
-670.902
-682.928
-718.245
-668.06
-576.765
-688.064
-697.005
-664.085
-623.489
-643.772
-637.658
-623.915
-680.528
-611.653
-724.916
-675.502
-636.459
-672.386
-652.742
-685.781
-687.425
-701.728
-650.683
-651.871
-689.371
-676.778
-648.698
-632.231
-677.761
-641.71
-677.782
-637.783
-623.014
-662.965
-685.207
-661.792
-684.194
-628.56
-673.025
-711.776
-690.361
-668.804
-655.749
-606.812
-606.8
-622.069
-624.596
-670.789
-626.438
-622.134
-596.112
-588.807
-606.941
-670.189
-644.512
-618.062
-561.232
-612.794
-667.933
-679.912
-623.585
-666.148
-656.676
-645.004
-630.715
-591.078
-589.698
-567.83
-567.136
-569.623
-660.335
-629.515
-627.455
-663.82
-654.815
-686.359
-678.759
-595.569
-639.35
-668.123
-671.372
-693.215
-634.133
-641.115
-670.095
-643.703
-706.518
-653.429
-620.971
-634.324
-684.119
-695.229
-701.769
-676.424
-707.221
-668.808
-664.038
-641.691
-616.36
-659.463
-598.992
-585.022
-623.948
-693.625
-641.0
-685.209
-664.309
-650.977
-639.299
-728.701
-652.881
-692.641
-750.053
-703.605
-674.975
-688.831
-724.939
-659.241
-642.215
-688.978
-690.605
-708.871
-643.47
-724.187
-681.137
-745.26
-697.113
-682.026
-711.28
-645.429
-729.724
-686.9
-681.333
-687.579
-654.625
-685.89
-674.886
-634.705
-617.847
-634.213
-681.289
-726.899
-677.676
-681.092
-720.171
-684.051
-728.62
-666.439
-687.342
-695.18
-679.924
-665.286
-684.018
-605.127
-642.013
-620.372
-683.251
-627.462
-678.51
-666.12
-662.189
-674.149
-682.427
-672.438
-643.183
-665.916
-645.899
-606.76
-629.309
-614.825
-686.864
-705.759
-596.531
-621.605
-660.71
-650.922
-694.177
-672.553
-655.112
-683.097
-647.755
-697.267
-640.11
-649.095
-680.823
-645.555
-624.204
-656.735
-630.708
-626.862
-619.287
-599.063
-620.114
-606.135
-588.188
-588.694
-615.483
-666.702
-653.622
-596.795
-576.149
-603.515
-600.632
-593.684
-620.528
-595.747
-667.167
-628.947
-602.888
-656.861
-611.23
-616.9
-657.438
-538.303
-623.333
-587.61
-581.558
-666.711
-626.257
-622.663
-638.34
-607.229
-636.393
-678.113
-681.226
-634.534
-648.62
-692.872
-624.069
-648.404
-634.606
-615.921
-620.091
-659.588
-687.321
-685.563
-664.317
-665.243
-666.023
-721.336
-697.715
-623.77
-656.236
-709.537
-674.586
-637.065
-660.545
-662.457
-665.325
-661.963
-663.432
-650.793
-707.451
-669.9
-620.627
-718.26
-672.91
-693.912
-640.668
-633.181
-674.317
-694.958
-638.347
-679.133
-738.255
-732.077
-737.032
-678.868
-707.475
-752.939
-677.484
-707.704
-701.245
-710.194
-728.541
-660.185
-641.572
-651.135
-642.115
-684.945
-636.374
-638.232
-667.685
-684.898
-662.428
-604.255
-641.103
-693.083
-619.838
-602.31
-619.064
-640.434
-651.974
-635.303
-618.713
-646.307
-626.113
-631.901
-593.078
-600.9
-615.878
-626.664
-615.365
-609.136
-646.165
-671.562
-613.278
-640.262
-639.764
-631.544
-643.509
-719.739
-696.982
-605.762
-629.824
-601.716
-575.017
-606.832
-600.147
-612.066
-591.664
-635.981
-645.251
-623.926
-598.055
-612.75
-666.826
-638.655
-645.403
-652.971
