-123.81
-128.98
-134.13
-132.56
-139.01
-128.68
-133.51
-117.57
-124.31
-121.55
-120.93
-117.71
-136.59
-118.84
-138.74
-126.33
-140.3
-134.51
-133.83
-121.15
-128.6
-109.35
-119.61
-118.04
-119.66
-129.43
-127.19
-129.33
-119.93
-117.33
-134.96
-123.38
-128.74
-127.66
-143.1
-121.56
-120.36
-107.44
-124.29
-122.93
-135.38
-120.35
-122.93
-119.27
-129.64
-121.69
-123.29
-138.47
-110.08
-119.5
-120.56
-127.66
-116.97
-123.2
-115.06
-136.97
-129.34
-104.68
-116.02
-108.04
-109.16
-118.58
-117.87
-121.18
-113.49
-113.42
-103.24
-121.18
-138.65
-120.03
-111.88
-108.3
-112.33
-120.7
-109.04
-98.8
-116.36
-129.03
-111.44
-108.3
-102.96
-110.01
-115.05
-121.31
-97.69
-136.19
-106.07
-106.45
-111.31
-108.54
-106.5
-134.02
-130.27
-107.8
-112.24
-119.04
-112.01
-116.86
-113.9
-128.13
-122.31
-123.18
-114.48
-108.23
-118.54
-122.96
-111.54
-116.8
-115.48
-113.11
-120.91
-119.56
-113.81
-113.4
-110.68
-101.11
-106.39
-108.31
-110.6
-117.59
-108.85
-101.19
-94.66
-109.59
-107.0
-98.88
-93.75
-93.94
-108.42
-112.23
-106.31
-113.89
-109.97
-106.12
-107.4
-113.01
-99.33
-106.89
-96.08
-90.65
-89.67
-101.14
-108.79
-97.49
-124.06
-110.18
-107.82
-116.9
-93.32
-97.41
