-0.366
-0.417
-0.622
-0.551
-0.579
-0.416
-0.41
-0.477
-0.39
-0.48
-0.397
-0.507
-0.371
-0.295
-0.576
-0.53
-0.547
-0.454
-0.557
-0.311
-0.568
-0.459
-0.396
-0.235
-0.417
-0.786
-0.487
-0.454
-0.608
-0.472
-0.537
-0.488
-0.431
-0.467
-0.529
-0.49
-0.505
-0.491
-0.526
-0.443
-0.498
-0.456
-0.695
-0.511
-0.44
-0.593
-0.608
-0.566
-0.494
-0.537
-0.718
-0.589
-0.535
-0.655
-0.427
-0.418
-0.407
-0.224
-0.475
-0.452
-0.49
-0.539
-0.454
-0.314
-0.469
-0.483
-0.466
-0.462
-0.312
-0.542
-0.517
-0.442
-0.456
-0.484
-0.482
-0.394
-0.514
-0.339
-0.261
-0.49
-0.24
-0.415
-0.512
-0.485
-0.453
-0.318
-0.259
-0.239
-0.404
-0.313
-0.377
-0.458
-0.31
-0.507
-0.437
-0.467
-0.416
-0.592
-0.457
-0.523
-0.397
-0.417
-0.472
-0.508
-0.34
-0.535
-0.455
-0.467
-0.467
-0.55
-0.423
-0.579
-0.382
-0.359
-0.545
-0.407
-0.554
-0.449
-0.484
-0.346
-0.552
-0.431
-0.411
-0.512
-0.42
-0.359
-0.412
-0.512
-0.473
-0.474
-0.367
-0.404
-0.545
-0.397
-0.291
-0.369
-0.468
-0.458
-0.354
-0.482
-0.324
-0.578
-0.44
-0.298
-0.536
-0.402
-0.51
-0.467
-0.449
-0.458
-0.521
-0.583
-0.461
-0.382
-0.501
-0.429
-0.5
-0.438
-0.633
-0.517
-0.545
-0.571
-0.451
-0.569
-0.527
-0.526
-0.377
-0.587
-0.476
-0.572
-0.418
-0.369
-0.43
-0.491
-0.293
-0.235
-0.401
-0.419
-0.45
-0.455
-0.316
-0.333
-0.265
-0.368
-0.454
-0.406
-0.499
-0.364
-0.369
-0.393
-0.392
-0.331
-0.394
-0.448
-0.313
-0.412
-0.391
-0.474
-0.287
-0.386
-0.368
-0.456
-0.277
-0.457
-0.375
-0.353
-0.392
-0.382
-0.385
-0.425
-0.288
-0.293
-0.351
-0.332
-0.266
-0.169
-0.357
-0.367
-0.244
-0.447
-0.296
-0.219
-0.552
-0.505
-0.373
-0.384
-0.42
-0.681
-0.487
-0.366
-0.494
-0.324
-0.277
-0.379
-0.344
-0.309
-0.469
-0.476
-0.271
-0.428
-0.325
-0.435
-0.417
-0.393
-0.328
-0.438
-0.484
-0.432
-0.324
-0.391
-0.441
-0.331
-0.41
-0.355
-0.527
-0.312
-0.483
-0.361
-0.199
-0.245
-0.276
-0.326
-0.239
-0.335
-0.347
-0.285
-0.395
-0.571
-0.199
-0.288
-0.292
-0.463
-0.419
-0.42
-0.276
-0.262
-0.514
-0.451
-0.414
-0.322
-0.307
-0.487
-0.386
-0.336
-0.577
-0.262
-0.442
-0.485
-0.43
-0.392
-0.331
-0.402
-0.454
-0.215
-0.397
-0.427
-0.342
-0.337
-0.254
-0.516
-0.484
-0.408
-0.37
-0.212
-0.436
-0.458
-0.498
-0.331
-0.332
-0.324
-0.286
-0.43
-0.395
-0.412
-0.442
-0.286
-0.35
-0.337
-0.436
-0.415
-0.528
-0.48
-0.455
-0.351
-0.35
-0.436
-0.436
-0.378
-0.607
-0.442
-0.371
-0.451
-0.41
-0.699
-0.36
-0.533
-0.405
-0.539
-0.364
-0.572
-0.523
-0.375
-0.535
-0.324
-0.426
-0.498
-0.53
-0.333
-0.326
-0.383
-0.561
-0.431
-0.525
-0.437
-0.489
-0.378
-0.55
-0.474
-0.38
-0.355
-0.396
-0.439
-0.419
-0.349
-0.462
-0.473
-0.521
-0.343
-0.385
-0.37
-0.454
-0.38
-0.407
-0.278
-0.341
-0.479
-0.403
-0.443
-0.412
-0.477
-0.454
-0.432
-0.457
-0.573
-0.551
-0.364
-0.494
-0.632
-0.44
-0.48
-0.431
-0.419
-0.509
-0.522
-0.465
-0.527
-0.444
-0.358
-0.264
-0.48
-0.5
-0.422
-0.427
-0.492
-0.539
-0.291
-0.324
-0.493
-0.577
-0.46
-0.339
-0.416
-0.563
-0.593
-0.452
-0.304
-0.342
-0.522
-0.344
-0.632
-0.527
-0.525
-0.43
-0.332
-0.469
-0.486
-0.448
-0.419
-0.577
-0.589
-0.48
-0.368
-0.411
-0.499
-0.549
-0.48
-0.502
-0.466
-0.576
-0.453
-0.36
-0.553
-0.379
-0.406
-0.52
-0.505
-0.493
-0.298
-0.513
-0.29
-0.429
