-663.136
-620.954
-670.359
-684.688
-698.148
-742.084
-729.336
-711.751
-770.778
-779.206
-746.875
-819.236
-767.56
-766.812
-735.793
-742.935
-735.209
-714.92
-742.08
-714.92
-716.044
-732.781
-694.444
-648.066
-711.871
-723.057
-745.675
-704.038
-723.498
-729.895
-720.872
-732.978
-764.622
-796.162
-780.847
-799.688
-821.526
-756.719
-763.366
-778.942
-742.48
-765.908
-800.013
-768.286
-752.49
-783.725
-746.504
-754.595
-776.098
-815.92
-804.28
-784.86
-731.816
-747.623
-679.571
-702.65
-700.749
-710.253
-657.602
-751.091
-666.902
-681.443
-713.736
-679.912
-700.043
-744.561
-700.249
-692.273
-691.945
-754.892
-750.708
-734.158
-716.51
-703.149
-715.996
-705.817
-700.52
-673.145
-668.879
-658.752
-669.944
-694.494
-713.428
-651.979
-654.196
-700.014
-705.926
-688.078
-664.636
-628.854
-649.514
-690.062
-662.824
-652.899
-665.859
-691.205
-658.928
-724.315
-690.19
-738.893
-690.942
-708.358
-621.954
-685.446
-684.092
-676.988
-698.936
-709.007
-713.494
-725.659
-692.278
-695.904
-636.56
-710.3
-687.909
-690.67
-786.392
-709.595
-698.608
-694.013
-681.181
-717.828
-689.488
-688.749
-746.426
-742.322
-725.476
-666.861
-671.828
-698.416
-698.878
-637.858
-706.278
-682.459
-676.296
-718.358
-668.833
-669.593
-641.285
-702.691
-689.471
-781.084
-699.838
-741.999
-696.168
-699.071
-741.186
-735.247
-702.753
-717.118
-694.847
-712.849
-676.297
-648.471
-633.942
-694.363
-694.0
-699.068
-710.019
-707.511
-725.285
-688.455
-653.983
-638.962
-676.507
-686.849
-695.18
-672.915
-701.363
-669.749
-706.435
-639.903
-678.329
-630.862
-639.289
-634.022
-675.667
-618.325
-652.689
-659.851
-681.956
-665.612
-686.145
-678.615
-619.937
-637.862
-625.612
-637.419
-662.592
-627.16
-619.805
-626.518
-615.335
-651.293
-613.008
-610.809
-571.13
-611.073
-724.76
-652.779
-685.777
-699.787
-730.995
-706.423
-707.344
-703.821
-630.595
-654.328
-683.723
-688.88
-649.223
-683.738
-712.591
-661.252
-699.205
-647.867
-675.032
-656.906
-692.917
-630.537
-631.623
-618.881
-681.628
-631.52
-647.728
-647.044
-649.974
-663.909
-637.283
-724.713
-662.116
-641.016
-641.84
-577.775
-643.99
-640.795
-672.933
-690.73
-654.552
-687.967
-715.099
-682.3
-685.845
-684.272
-677.949
-668.531
-669.244
-737.45
-714.49
-694.393
-687.972
-635.076
-695.559
-666.227
-656.08
-663.65
-635.383
-636.936
-648.987
-677.225
-671.955
-681.752
-665.413
-687.723
-690.19
-660.159
-689.238
-719.73
-738.576
-649.335
-652.72
-670.696
-671.338
-723.792
-691.001
-704.029
-687.358
-729.152
-716.478
-710.415
-730.599
-709.208
-686.997
-698.442
-725.832
-715.284
-686.94
-687.592
-639.287
-677.351
-682.747
-656.241
-638.141
-642.134
-674.839
-702.968
-675.719
-669.921
-673.827
-665.062
-695.664
-695.066
-706.239
-696.328
-693.667
-699.004
-738.15
-684.62
-663.554
-711.076
-699.905
-691.136
-677.143
-682.34
-604.69
-670.422
-741.448
-713.68
-736.633
-712.375
-678.157
-752.196
-730.16
-733.695
-700.444
-700.779
-688.852
-711.118
-662.018
-678.525
-689.065
-645.43
-634.065
-656.878
-727.205
-687.271
-682.484
-682.422
-683.067
-713.176
-725.573
-700.715
-668.247
-696.881
-712.294
-731.951
-704.093
-690.797
-712.311
-680.868
-689.36
-641.608
-663.717
-709.34
-666.866
-663.355
-640.995
-666.819
-694.774
-626.698
-579.098
-611.051
-631.642
-692.08
-636.082
-611.762
-659.815
-690.458
-660.123
-674.442
-701.982
-623.876
-634.093
-698.131
-669.116
-676.77
-696.846
-717.751
-739.278
-673.929
-715.495
-676.805
-704.997
-704.794
-674.649
-716.132
-680.984
-675.461
-681.017
-677.946
-652.628
-676.211
-682.236
-672.801
-677.31
-692.026
-668.628
-672.61
-678.207
-669.048
-713.367
-646.174
-685.026
-686.293
-747.259
-691.116
-733.456
-727.733
-748.864
-762.753
-806.094
-795.055
-763.757
-768.649
-755.209
-762.845
-733.678
-709.415
-707.594
-724.94
-755.795
-785.189
-779.564
-789.246
-801.624
-779.784
-749.047
-812.725
-783.782
-798.08
-751.327
-784.504
-791.164
-828.285
-799.48
-778.19
-781.207
-774.751
-742.598
-751.537
-773.67
-772.974
-726.024
-715.343
-730.51
-751.535
-747.126
-746.517
-734.177
-742.965
-798.441
