-114.34
-115.83
-117.92
-119.85
-111.71
-120.14
-116.76
-126.71
-133.02
-124.86
-129.09
-125.44
-132.02
-123.02
-124.79
-133.19
-126.43
-130.82
-124.46
-119.29
-116.13
-130.15
-113.11
-110.89
-114.26
-116.54
-119.69
-123.61
-115.32
-118.0
-121.17
-111.46
-136.22
-125.59
-123.27
-125.39
-125.15
-124.95
-130.55
-121.96
-129.27
-127.46
-133.98
-124.68
-126.22
-140.09
-127.17
-128.09
-125.58
-131.89
-142.89
-132.34
-127.03
-125.13
-125.4
-124.8
-122.97
-120.72
-109.48
-128.02
-120.1
-120.85
-118.33
-115.52
-118.58
-126.03
-125.76
-132.15
-130.39
-122.33
-123.22
-129.26
-120.63
-118.9
-129.43
-123.17
-105.96
-123.24
-120.3
-115.15
-120.86
-119.4
-118.36
-116.97
-122.07
-125.02
-114.41
-116.98
-123.3
-114.89
-120.58
-122.14
-115.78
-110.46
-119.9
-117.94
-116.42
-129.29
-126.25
-125.62
-123.83
-117.41
-117.26
-128.42
-124.63
-122.71
-124.27
-134.34
-122.03
-122.02
-128.46
-117.69
-114.63
-123.48
-119.23
-118.38
-129.26
-127.1
-129.5
-116.85
-123.26
-120.77
-116.87
-115.13
-120.72
-128.56
-125.25
-116.22
-120.34
-114.55
-116.09
-127.32
-123.96
-122.47
-121.03
-125.54
-106.07
-114.63
-112.54
-116.2
-117.26
-116.21
-122.68
-118.02
-122.61
-123.87
-125.95
-115.12
-110.57
-111.8
-118.4
-120.4
-117.98
-120.6
-121.87
-119.13
-121.65
-124.62
-127.26
-125.44
-122.23
-115.29
-109.83
-118.48
-125.18
-118.78
-124.45
-121.87
-118.63
-109.13
-117.47
-112.02
-110.18
-110.16
-110.23
-112.23
-115.94
-115.1
-105.37
-113.8
-116.18
-106.17
-110.54
-116.59
-104.72
-117.44
-108.79
-111.55
-111.39
-115.55
-111.35
-106.43
-102.23
-108.73
-106.24
-108.32
-107.88
-110.2
-114.67
-114.97
-119.33
-113.25
-124.03
-120.37
-129.8
-110.04
-114.02
-107.06
-114.36
-119.03
-125.48
-120.51
-124.55
-114.46
-118.59
-117.42
-120.16
-122.65
-111.34
-125.91
-118.54
-111.59
-115.91
-117.26
-118.02
-110.45
-111.37
-114.93
-122.53
-125.69
-123.4
-116.21
-123.08
-117.33
-114.4
-115.48
-118.55
-117.65
-114.24
-120.51
-123.13
-123.41
-116.43
-122.24
-122.97
-118.79
-116.53
-122.42
-123.86
-126.66
-120.79
-121.5
-121.11
-122.59
-120.73
-128.12
-109.02
-108.63
-113.56
-121.54
-115.32
-121.32
-113.79
-117.39
-116.47
-114.26
-115.56
-117.03
-126.46
-114.73
-120.4
-118.19
-111.86
-117.49
-117.27
-125.16
-126.17
-121.0
-124.28
-115.7
-120.61
-124.87
-108.03
-121.17
-125.14
-119.5
-111.71
-114.62
-123.97
-109.05
-116.62
-112.32
-112.03
-117.78
-110.19
-122.57
-114.5
-120.64
-120.12
-119.81
-114.23
-111.94
-121.18
-116.86
-123.11
-122.42
-118.75
-116.58
-122.87
-114.19
-122.86
-117.85
-118.85
-116.6
-115.07
-123.65
-120.96
-113.51
-122.17
-119.18
-118.27
-119.94
-113.66
-115.67
-114.13
-114.49
-123.34
-120.44
-116.68
-121.13
-116.94
-117.01
-108.8
-117.22
-114.93
-125.01
-124.02
-124.59
-117.37
-126.56
-120.34
-124.67
-129.21
-118.04
-121.97
-113.95
-120.79
-121.49
-120.44
-121.37
-123.12
-117.63
-117.99
-124.03
-115.08
-106.71
-112.13
-117.39
-123.14
-111.04
-106.41
-114.23
-113.68
-115.02
-111.28
-114.56
-113.99
-118.16
-108.73
-124.11
-117.42
-111.9
-119.69
-119.94
-116.49
-113.16
-113.04
-124.1
-133.84
-124.45
-122.81
-110.17
-121.34
-115.4
-120.17
-111.29
-107.54
-121.19
-118.71
-114.36
-117.74
-112.21
-118.11
-107.51
-111.77
-114.22
-110.35
-118.45
-115.79
-113.1
-113.4
-106.01
-123.66
-118.15
-116.95
-115.88
-120.35
-135.24
-130.34
-137.82
-123.51
-124.74
-133.75
-134.78
-120.45
-123.08
-119.86
-121.19
-127.08
-124.96
-121.75
-128.84
-126.23
-128.66
-127.96
-128.97
-125.1
-123.94
-130.73
-124.88
-138.94
-136.27
-123.27
-138.78
-121.74
-121.22
-123.95
-125.89
-133.13
-135.45
-132.32
-130.4
-133.25
-126.86
-132.52
-122.91
-124.06
-134.13
-124.59
-121.49
-129.57
