-170.75
-158.29
-152.01
-142.58
-136.52
-138.39
-132.47
-132.16
-127.46
-140.79
-129.81
-134.99
-110.71
-126.99
-134.01
-135.6
-126.58
-133.73
-127.8
-151.6
-146.68
-138.14
-133.65
-137.72
-143.51
-122.64
-125.02
-126.21
-120.85
-116.63
-122.81
-129.33
-133.47
-127.9
-127.86
-125.78
-125.32
-117.55
-129.58
-117.08
-127.01
-123.66
-124.69
-123.31
-124.75
-123.29
-122.21
-136.19
-131.05
-120.95
-131.34
-128.8
-115.25
-135.45
-119.17
-132.71
-123.27
-141.3
-139.68
-135.78
-132.46
-123.36
-102.28
-136.26
-116.61
-123.08
-144.12
-129.19
-132.02
-121.24
-119.72
-134.36
-130.94
-131.01
-130.54
-148.28
-131.46
-125.1
-126.76
-125.14
-129.33
-131.33
-137.28
-120.88
-136.04
-136.54
-113.05
-117.07
-116.94
-115.25
-125.1
-137.97
-122.9
-129.53
-124.54
-115.47
-138.74
-128.12
-115.66
-125.41
-116.32
-125.1
-117.25
-127.95
-137.23
-133.61
-127.01
-124.4
-134.7
-133.78
-128.82
-118.03
-109.68
-121.83
-122.63
-126.37
-133.88
-128.51
-137.61
-127.4
-129.79
-120.17
-119.53
-118.16
-120.45
-116.97
-124.79
-127.14
-112.48
-119.51
-126.99
-114.22
-118.38
-129.28
-119.35
-123.39
-117.77
-118.91
-126.9
-122.62
-121.95
-117.13
-126.71
-113.48
-113.72
-122.42
-102.76
-112.27
-122.1
-119.97
