-0.547
-0.505
-0.686
-0.777
-0.561
-0.663
-0.393
-0.637
-0.516
-0.654
-0.477
-0.642
-0.628
-0.662
-0.86
-0.566
-0.627
-0.771
-0.652
-0.497
-0.439
-0.802
-0.676
-0.5
-0.656
-0.582
-0.586
-0.612
-0.535
-0.503
-0.629
-0.429
-0.669
-0.692
-0.704
-0.525
-0.613
-0.552
-0.72
-0.512
-0.611
-0.58
-0.635
-0.559
-0.594
-0.522
-0.54
-0.688
-0.464
-0.527
-0.623
-0.407
-0.584
-0.369
-0.569
-0.51
-0.555
-0.547
-0.543
-0.528
-0.564
-0.751
-0.793
-0.627
-0.507
-0.606
-0.296
-0.591
-0.495
-0.616
-0.484
-0.654
-0.73
-0.607
-0.481
-0.577
-0.551
-0.378
-0.364
-0.488
-0.63
-0.577
-0.794
-0.645
-0.461
-0.663
-0.649
-0.604
-0.299
-0.515
-0.491
-0.454
-0.802
-0.543
-0.566
-0.534
-0.786
-0.53
-0.274
-0.458
-0.385
-0.51
-0.719
-0.661
-0.563
-0.525
-0.528
-0.562
-0.421
-0.406
-0.516
-0.562
-0.508
-0.487
-0.557
-0.522
-0.494
-0.6
-0.678
-0.655
-0.617
-0.62
-0.555
-0.505
-0.627
-0.739
-0.775
-0.717
-0.599
-0.548
-0.543
-0.419
-0.333
-0.518
-0.457
-0.509
-0.584
-0.577
-0.465
-0.346
-0.595
-0.578
-0.576
-0.424
-0.439
-0.407
-0.514
-0.517
-0.373
-0.584
-0.338
-0.459
-0.63
-0.712
-0.549
-0.604
-0.382
-0.4
-0.67
-0.414
-0.449
-0.493
-0.561
-0.638
-0.305
-0.507
-0.456
-0.302
-0.461
-0.521
-0.508
-0.394
-0.638
-0.354
-0.27
-0.356
-0.375
-0.409
-0.544
-0.54
-0.307
-0.402
-0.473
-0.257
-0.321
-0.355
-0.452
-0.331
-0.399
-0.343
-0.222
-0.393
-0.461
-0.403
-0.427
-0.37
-0.397
-0.379
-0.493
-0.466
-0.458
-0.613
-0.577
-0.517
-0.641
-0.553
-0.444
-0.492
-0.576
-0.357
-0.436
-0.358
-0.357
-0.385
-0.597
-0.608
-0.522
-0.496
-0.559
-0.533
-0.464
-0.567
-0.51
-0.526
-0.533
-0.413
-0.549
-0.614
-0.597
-0.775
-0.686
-0.565
-0.476
-0.373
-0.486
-0.618
-0.528
-0.474
-0.567
-0.75
-0.564
-0.496
-0.82
-0.454
-0.647
-0.511
-0.655
-0.549
-0.571
-0.593
-0.599
-0.493
-0.683
-0.597
-0.511
-0.504
-0.549
-0.435
-0.547
-0.458
-0.585
-0.362
-0.39
-0.46
-0.488
-0.414
-0.549
-0.564
-0.577
-0.424
-0.585
-0.599
-0.591
-0.485
-0.363
-0.554
-0.566
-0.58
-0.583
-0.452
-0.519
-0.5
-0.593
-0.428
-0.463
-0.589
-0.55
-0.53
-0.476
-0.546
-0.582
-0.403
-0.519
-0.606
-0.584
-0.581
-0.589
-0.509
-0.393
-0.475
-0.468
-0.477
-0.486
-0.418
-0.532
-0.377
-0.597
-0.387
-0.475
-0.498
-0.462
-0.46
-0.533
-0.457
-0.578
-0.49
-0.528
-0.598
-0.46
-0.626
-0.461
-0.514
-0.544
-0.485
-0.696
-0.613
-0.565
-0.473
-0.762
-0.385
-0.523
-0.421
-0.555
-0.884
-0.551
-0.533
-0.816
-0.487
-0.358
-0.422
-0.64
-0.591
-0.489
-0.518
-0.535
-0.535
-0.528
-0.453
-0.509
-0.596
-0.591
-0.601
-0.611
-0.594
-0.547
-0.51
-0.537
-0.455
-0.465
-0.627
-0.702
-0.572
-0.662
-0.567
-0.589
-0.562
-0.674
-0.477
-0.631
-0.554
-0.435
-0.591
-0.619
-0.375
-0.399
-0.387
-0.625
-0.431
-0.668
-0.655
-0.655
-0.42
-0.354
-0.577
-0.559
-0.424
-0.403
-0.366
-0.238
-0.435
-0.408
-0.634
-0.498
-0.439
-0.53
-0.485
-0.497
-0.427
-0.546
-0.48
-0.321
-0.453
-0.354
-0.335
-0.398
-0.479
-0.535
-0.436
-0.368
-0.618
-0.507
-0.432
-0.471
-0.494
-0.432
-0.355
-0.562
-0.407
-0.62
-0.632
-0.603
-0.555
-0.68
-0.622
-0.54
-0.52
-0.49
-0.695
-0.477
-0.587
-0.479
-0.466
-0.476
-0.639
-0.445
-0.44
-0.52
-0.589
-0.507
-0.449
-0.467
-0.427
-0.493
-0.402
-0.561
-0.539
-0.477
-0.508
-0.516
-0.591
-0.564
