-108.51
-120.66
-127.33
-123.41
-126.77
-127.94
-117.3
-126.58
-121.2
-115.32
-120.08
-106.8
-120.63
-115.64
-121.72
-123.89
-120.44
-117.98
-120.4
-124.58
-135.75
-127.35
-125.36
-116.86
-119.49
-117.19
-124.69
-118.72
-123.25
-122.01
-123.77
-118.33
-129.25
-128.37
-118.14
-115.64
-120.19
-124.16
-129.74
-126.2
-129.83
-127.23
-131.53
-122.86
-130.2
-130.48
-125.64
-129.17
-112.65
-109.62
-122.49
-105.27
-116.27
-118.78
-114.49
-110.89
-119.92
-116.13
-121.41
-125.53
-123.49
-123.8
-126.75
-124.08
-117.19
-113.52
-104.63
-111.79
-112.09
-111.25
-110.69
-117.06
-116.68
-110.3
-109.57
-113.54
-116.39
-103.17
-103.67
-112.86
-118.24
-111.21
-117.95
-107.32
-121.64
-106.88
-110.32
-108.28
-106.94
-116.36
-107.76
-118.44
-112.31
-115.41
-113.25
-109.79
-117.37
-111.29
-115.7
-118.06
-108.86
-108.49
-113.5
-118.69
-117.75
-112.81
-121.87
-113.15
-109.17
-96.78
-112.2
-117.33
-114.83
-109.93
-109.13
-107.63
-113.38
-118.43
-103.37
-118.2
-114.79
-115.39
-105.08
-110.83
-109.81
-122.38
-113.42
-107.23
-101.56
-109.68
-96.7
-109.55
-105.35
-103.77
-114.96
-97.34
-104.85
-112.84
-104.3
-106.61
-114.35
-114.0
-110.41
-110.08
-113.61
-114.96
-111.29
-115.41
-115.64
-113.54
-116.62
-110.24
-109.23
-115.97
-119.58
-110.53
-119.6
-110.98
-119.53
-110.76
-113.79
-110.14
-124.4
-109.02
-106.66
-110.1
-115.23
-116.5
-114.36
-114.7
-105.15
-114.0
-103.98
-113.11
-115.51
-110.01
-103.62
-112.05
-105.66
-115.21
-105.02
-109.46
-115.87
-109.81
-120.84
-115.26
-115.17
-117.73
-117.32
-117.37
-107.16
-112.39
-123.07
-114.14
-112.27
-120.06
-115.75
-107.28
-115.48
-119.28
-118.69
-110.92
-107.51
-114.84
-113.51
-119.52
-117.34
-115.0
-114.54
-113.02
-119.97
-118.68
-111.7
-119.97
-119.28
-117.61
-112.09
-121.86
-123.03
-120.53
-130.33
-124.62
-131.13
-121.86
-121.27
-122.62
-118.31
-129.67
-123.48
-129.45
-122.01
-124.29
-128.91
-137.15
-132.73
-129.86
-126.5
-128.83
-119.95
-122.39
-128.59
-125.41
-127.11
-105.67
-125.38
-126.9
-114.35
-115.75
-111.85
-114.74
-118.64
-122.55
-115.93
-114.89
-122.3
-113.55
-119.44
-118.6
-119.21
-112.92
-116.25
-105.82
-110.71
-112.49
-107.46
-112.01
-111.96
-118.1
-117.06
-113.26
-106.71
-114.68
-118.04
-116.62
-108.7
-108.39
-113.25
-114.79
-115.62
-116.47
-123.24
-116.58
-116.22
-106.28
-115.18
-119.41
-116.89
-123.08
-118.27
-128.67
-111.46
-124.22
-115.08
-120.59
-111.49
-114.33
-117.05
-106.02
-112.47
-116.04
-114.28
-109.89
-116.84
-112.3
-112.11
-111.9
-114.34
-111.96
-109.14
-111.91
-106.13
-108.75
-110.97
-115.33
-121.5
-112.43
-110.74
-118.57
-118.13
-116.56
-113.29
-125.34
-113.47
-108.57
-118.82
-115.91
-117.83
-119.67
-117.27
-102.72
-107.49
-108.37
-123.07
-124.0
-120.57
-114.08
-108.91
-105.77
-114.72
-103.72
-96.68
-105.22
-111.14
-97.29
-93.44
-107.54
-102.3
-108.1
-115.09
-108.54
-116.26
-109.17
-118.15
-105.45
-108.94
-108.62
-113.06
-108.75
-118.04
-117.56
-119.74
-110.08
-121.95
-120.72
-118.69
-116.15
-112.04
-111.53
-118.17
-114.24
-108.77
-107.03
-118.77
-106.93
-108.76
-105.82
-110.09
-103.32
-112.44
-108.55
-99.93
-107.22
-107.03
-116.77
-110.81
-119.73
-107.59
-106.13
-113.72
-127.19
-119.35
-120.19
-110.66
-114.39
-118.7
-112.43
-102.27
-126.33
-121.3
-127.4
-110.61
-117.51
-114.07
-113.14
-112.09
-116.37
-105.17
-110.9
-110.07
-109.18
-115.09
-119.91
-119.04
-117.09
-111.76
-97.28
-109.6
-116.99
-115.26
-123.28
-111.52
-111.64
-108.54
-103.28
-121.58
-120.09
-117.06
-111.54
-109.25
-115.32
-119.39
-116.81
-109.79
-117.05
-103.45
-114.45
-111.38
-117.37
-117.62
-112.79
-113.08
-103.46
-115.63
-122.39
-125.35
-120.33
-122.75
-128.85
-118.87
-116.21
-112.77
