-725.092
-725.797
-732.377
-750.923
-704.168
-730.016
-685.335
-713.083
-700.967
-687.154
-700.054
-676.936
-720.615
-767.572
-702.189
-733.001
-698.96
-731.816
-737.771
-740.445
-825.442
-800.385
-742.811
-708.747
-713.345
-766.666
-769.231
-719.362
-769.824
-729.129
-763.01
-755.123
-754.943
-774.665
-753.176
-701.15
-787.845
-776.736
-855.435
-720.351
-810.052
-792.026
-806.884
-810.662
-764.355
-809.993
-802.164
-796.924
-758.582
-770.865
-779.595
-753.596
-778.805
-720.838
-789.072
-765.158
-678.396
-745.081
-753.003
-744.847
-718.255
-770.278
-761.201
-785.644
-741.213
-773.263
-729.314
-693.561
-685.644
-674.442
-691.58
-665.755
-702.904
-717.184
-722.621
-709.042
-654.72
-662.121
-709.928
-763.543
-754.95
-693.729
-733.372
-729.101
-761.598
-731.041
-688.334
-692.611
-740.725
-725.807
-677.072
-702.491
-725.855
-739.947
-740.118
-738.307
-703.736
-743.488
-685.881
-734.993
-728.965
-701.715
-714.212
-747.501
-754.867
-751.438
-786.987
-693.066
-703.356
-690.696
-690.061
-734.109
-711.562
-710.601
-690.616
-659.308
-654.698
-726.789
-680.412
-708.959
-695.061
-733.359
-647.027
-685.667
-680.213
-797.238
-646.196
-663.976
-693.408
-690.812
-646.803
-631.929
-652.023
-724.592
-680.743
-644.673
-702.08
-687.416
-653.603
-619.008
-640.999
-621.513
-676.963
-661.175
-655.463
-654.71
-669.703
-663.42
-688.268
-636.241
-696.399
-692.342
-690.953
-720.166
-682.555
-673.399
-684.332
-687.504
-700.959
-648.708
-680.206
-686.126
-681.002
-627.29
-654.227
-665.397
-662.688
-719.665
-718.992
-706.699
-649.848
-699.274
-667.92
-650.262
-640.5
-651.084
-639.958
-660.67
-705.511
-696.396
-578.113
-679.301
-686.851
-648.093
-640.454
-654.069
-663.14
-641.747
-690.617
-677.438
-617.771
-677.562
-726.011
-685.887
-706.246
-672.373
-675.532
-605.854
-650.769
-718.987
-690.75
-713.801
-677.437
-700.951
-668.186
-672.872
-678.692
-661.88
-638.31
-652.187
-698.805
-698.936
-640.332
-592.292
-702.155
-671.246
-681.994
-691.463
-635.221
-681.014
-764.084
-735.739
-655.813
-759.88
-732.304
-687.651
-699.526
-764.997
-745.274
-762.936
-769.059
-742.133
-723.104
-744.59
-753.639
-768.667
-775.151
-724.319
-648.906
-752.563
-747.677
-764.716
-794.341
-646.187
-771.213
-720.454
-705.192
-720.777
-680.584
-701.347
-682.639
-728.681
-717.143
-676.726
-682.391
-683.899
-720.242
-703.649
-734.999
-700.629
-723.502
-670.917
-693.927
-664.206
-649.79
-635.255
-646.427
-697.334
-625.918
-686.906
-628.168
-699.155
-681.82
-716.426
-696.245
-686.929
-710.643
-741.586
-715.045
-685.297
-728.571
-701.354
-741.984
-745.172
-766.804
-753.72
-739.547
-724.524
-742.94
-767.871
-696.702
-775.643
-735.902
-723.75
-659.946
-702.039
-673.209
-656.848
-719.775
-725.869
-666.888
-653.856
-743.54
-674.487
-700.275
-683.429
-671.419
-697.31
-679.454
-705.468
-709.655
-701.56
-670.968
-664.771
-656.193
-697.982
-641.581
-690.918
-726.474
-748.801
-662.223
-722.945
-748.227
-690.757
-737.809
-740.925
-734.97
-729.717
-723.457
-666.575
-683.077
-685.625
-699.714
-784.302
-742.082
-749.089
-718.286
-760.216
-752.137
-738.956
-717.61
-722.214
-703.163
-658.096
-635.691
-682.111
-714.548
-694.103
-653.918
-692.251
-753.96
-732.74
-747.575
-701.693
-650.661
-689.402
-758.318
-732.155
-757.195
-723.632
-755.542
-761.906
-703.632
-748.153
-755.554
-691.094
-712.882
-723.763
-675.409
-712.07
-689.329
-728.755
-778.316
-771.511
-695.511
-730.799
-706.66
-723.456
-731.831
-735.14
-714.791
-702.683
-708.728
-735.775
-711.848
-767.153
-685.202
-722.047
-711.44
-750.585
-743.483
-796.036
-745.722
-747.631
-772.063
-682.896
-731.495
-769.92
-753.561
-767.61
-747.612
-772.255
-752.39
-725.096
-767.826
-739.595
-775.238
-755.642
-752.707
-733.714
-731.076
-720.864
-700.095
-713.079
-712.129
-714.572
-710.092
-740.436
-717.159
-704.382
-739.265
-714.508
-656.275
-755.46
-770.184
-745.99
-718.31
-756.434
-731.327
-725.601
-729.618
-769.713
-700.859
-727.144
-709.557
-740.792
-704.616
-750.32
-744.4
-747.99
-713.68
-725.283
-763.668
-805.777
-769.552
-800.657
-784.177
-793.915
-764.824
-682.13
-686.93
