-133.75
-121.21
-134.41
-131.54
-116.41
-131.22
-120.39
-131.52
-131.95
-142.87
-122.53
-128.07
-141.5
-131.53
-124.73
-116.65
-112.93
-127.94
-126.28
-125.6
-117.66
-117.18
-122.09
-118.29
-111.98
-116.29
-110.8
-101.21
-111.02
-117.6
-131.46
-124.35
-128.57
-114.16
-115.9
-114.56
-109.27
-111.22
-128.44
-125.45
-100.54
-113.82
-127.5
-130.66
-111.8
-111.15
-115.74
-104.42
-124.21
-119.05
-122.85
-121.89
-125.59
-139.26
-127.59
-114.9
-135.46
-116.59
-109.44
-105.04
-116.81
-116.12
-128.61
-129.9
-97.46
-111.57
-121.85
-132.67
-106.81
-124.3
-130.03
-114.31
-113.66
-115.95
-115.2
-126.11
-110.12
-104.93
-123.74
-115.65
-105.48
-116.68
-110.32
-125.88
-126.81
-108.06
-116.5
-115.98
-96.99
-101.8
-108.01
-117.68
-118.58
-105.65
-126.23
-126.24
-105.66
-109.22
-124.2
-115.31
-110.26
-111.57
-121.82
-121.57
-122.03
-113.81
-99.58
-108.82
-119.55
-105.76
-122.92
-116.49
-112.35
-112.71
-101.41
-115.11
-113.92
-119.91
-117.32
-124.15
-111.81
-117.92
-120.94
-120.1
-116.28
-110.87
-107.52
-112.29
-112.03
-124.62
-111.43
-113.53
-114.7
-107.09
-118.67
-115.41
-123.83
-108.37
-116.02
-112.01
-102.69
-116.67
-125.16
-124.92
-116.88
-111.2
-119.53
-111.76
-116.77
-111.18
