-123.39
-119.64
-122.28
-129.57
-113.6
-112.83
-119.87
-119.78
-117.15
-124.2
-135.41
-126.77
-124.81
-117.34
-120.38
-122.05
-125.06
-111.7
-113.01
-117.81
-118.38
-118.12
-122.78
-126.73
-119.74
-113.92
-116.73
-118.4
-124.42
-114.64
-114.38
-114.74
-118.63
-116.17
-111.39
-107.64
-110.74
-110.2
-122.25
-109.03
-114.06
-121.37
-114.04
-119.18
-120.54
-121.89
-112.91
-109.08
-115.45
-120.51
-113.42
-114.96
-109.93
-115.56
-104.54
-115.87
-115.74
-111.71
-117.19
-108.2
-112.81
-108.33
-120.75
-124.59
-117.21
-120.0
-123.19
-118.71
-123.47
-107.02
-103.13
-120.54
-126.28
-126.85
-124.72
-124.84
-119.48
-127.12
-124.87
-127.55
-128.75
-130.83
-123.24
-134.49
-120.37
-121.51
-126.32
-126.29
-120.73
-110.14
-112.34
-116.69
-118.08
-121.5
-124.5
-123.7
-119.87
-114.37
-109.22
-113.34
-119.51
-116.01
-118.7
-121.57
-115.21
-124.11
-123.84
-119.28
-109.62
-111.52
-117.85
-123.9
-127.42
-120.76
-117.16
-126.72
-126.46
-117.9
-116.68
-116.46
-116.02
-119.91
-109.95
-118.24
-119.62
-121.39
-113.42
-109.55
-114.59
-117.02
-116.5
-115.37
-118.5
-120.52
-122.36
-110.44
-117.98
-115.97
-112.24
-120.93
-118.98
-115.82
-120.48
-116.27
-121.45
-120.75
-111.06
-111.79
-106.95
-124.18
-118.79
-126.71
-117.05
-118.88
-115.03
-111.38
-122.23
-117.61
-119.85
-120.64
-122.86
-110.98
-110.8
-124.35
-122.29
-108.61
-119.72
-114.38
-113.58
-124.88
-112.11
-108.48
-108.85
-112.05
-116.54
-122.56
-112.77
-124.52
-125.72
-119.52
-114.34
-113.41
-126.1
-116.43
-110.26
-115.44
-119.6
-124.57
-112.91
-119.18
-108.41
-114.13
-116.01
-114.59
-119.37
-125.19
-131.19
-121.98
-118.8
-124.71
-122.63
-130.25
-121.04
-127.17
-112.55
-122.51
-127.05
-124.09
-111.13
-117.4
-123.31
-116.73
-113.34
-122.5
-116.59
-123.48
-117.6
-124.36
-122.3
-122.03
-114.41
-123.38
-121.09
-114.19
-129.98
-111.92
-110.79
-108.83
-118.84
-118.79
-109.99
-119.09
-117.07
-122.83
-119.51
-116.97
-117.88
-115.36
-125.21
-111.35
-112.8
-117.48
-113.37
-126.89
-123.04
-119.22
-110.0
-123.77
-107.29
-123.64
-115.53
-117.7
-113.67
-120.4
-111.07
-114.17
-114.56
-111.79
-106.94
-111.82
-105.72
-116.38
-115.47
-116.98
-112.98
-120.73
-106.88
-112.95
-96.91
-106.95
-106.39
-110.84
-115.17
-115.38
-111.81
-107.81
-109.64
-119.39
-125.89
-121.05
-113.25
-118.78
-127.18
-104.16
-112.7
-113.06
-107.28
-114.69
-121.02
-116.08
-116.61
-107.63
-105.59
-115.89
-104.35
-113.29
-105.18
-103.84
-107.8
-104.47
-94.32
-107.54
-103.9
-99.05
-101.54
-111.28
-99.65
-111.53
-118.32
-115.13
-111.93
-114.46
-117.82
-110.47
-100.8
-105.88
-120.65
-123.79
-117.05
-114.53
-107.88
-109.84
-110.89
-107.7
-110.73
-106.61
-109.19
-101.63
-119.91
-124.36
-112.27
-112.62
-106.2
-103.88
-100.43
-102.98
-121.24
-104.9
-101.59
-108.3
-102.66
-105.91
-101.5
-111.65
-110.41
-106.71
-111.12
-120.93
-111.13
-103.87
-113.66
-100.77
-102.4
-110.54
-117.61
-107.39
-120.55
-108.39
-109.39
-104.52
-115.58
-111.42
-121.05
-111.61
-111.98
-105.17
-103.9
-117.56
-119.44
-107.15
-107.93
-100.3
-106.8
-111.43
-107.03
-109.34
-107.79
-107.68
-108.21
-114.69
-116.86
-121.26
-108.81
-109.39
-118.85
-114.47
-113.78
-113.32
-112.99
-111.05
-104.62
-109.11
-110.51
-113.54
-115.86
-110.29
-98.28
-112.64
-115.24
-121.14
-120.07
-105.19
-106.63
-106.17
-113.47
-113.63
-107.2
-110.85
-102.54
-114.07
-117.26
-123.0
-106.68
-113.66
-113.06
-108.74
-114.82
-109.75
-117.56
-107.98
-110.72
-103.11
-115.25
-107.02
-99.03
-98.84
-102.48
-112.83
-103.19
-113.37
-96.41
-103.74
-106.66
-114.79
-106.96
-107.1
-103.34
-111.63
-98.36
-107.43
-102.83
-111.02
-111.6
-108.18
-103.44
-109.78
-108.08
-109.65
-110.96
-113.25
-106.15
