-109.11
-121.54
-132.32
-116.67
-108.36
-134.33
-137.12
-117.19
-122.42
-121.84
-113.23
-121.52
-123.91
-127.32
-124.37
-138.9
-143.27
-132.74
-138.56
-131.0
-134.19
-135.95
-136.11
-134.72
-149.56
-149.92
-146.27
-145.04
-147.27
-143.18
-139.07
-138.97
-129.54
-152.47
-126.18
-134.86
-146.89
-151.48
-136.28
-125.64
-129.85
-128.37
-113.8
-145.83
-135.43
-143.41
-135.12
-134.15
-122.11
-134.48
-125.33
-132.38
-127.08
-128.42
-126.58
-138.83
-135.94
-134.84
-129.17
-119.46
-123.89
-143.6
-148.43
-142.05
-132.32
-143.61
-136.56
-134.64
-119.25
-127.51
-124.27
-133.55
-133.26
-122.24
-117.17
-146.44
-133.6
-138.31
-136.89
-144.22
-119.89
-127.13
-130.34
-120.54
-119.21
-121.15
-123.26
-112.75
-120.47
-135.02
-127.15
-134.21
-135.29
-126.95
-134.38
-135.83
-130.98
-128.27
-130.88
-139.95
-149.78
-142.8
-138.58
-145.2
-129.27
-131.13
-141.2
-126.94
-134.1
-141.27
-138.67
-140.02
-129.73
-134.72
-120.34
-132.51
-135.51
-130.74
-145.8
-147.26
-137.76
-141.51
-126.57
-128.21
-124.22
-133.2
-137.07
-139.03
-144.34
-132.52
-130.03
-137.48
-132.98
-134.69
-125.17
-127.91
-128.05
-133.95
-124.63
-124.78
-123.6
-127.37
-128.75
-127.9
-137.97
-138.37
-140.73
-132.59
-136.22
-144.3
