-733.453
-698.856
-768.748
-798.038
-772.028
-750.611
-719.565
-825.873
-778.088
-741.986
-765.526
-744.593
-744.206
-746.596
-731.813
-759.619
-758.944
-740.954
-701.637
-687.613
-683.363
-724.119
-722.529
-749.089
-792.42
-705.097
-732.181
-680.824
-695.006
-721.509
-662.295
-700.407
-727.868
-686.693
-703.584
-728.493
-699.277
-691.056
-722.847
-713.905
-752.462
-756.4
-717.102
-783.026
-788.837
-729.566
-754.306
-716.191
-795.764
-752.543
-714.291
-741.435
-754.019
-667.24
-702.234
-771.395
-762.886
-720.167
-766.232
-714.886
-657.832
-702.188
-751.771
-689.248
-729.829
-746.678
-754.525
-747.994
-736.89
-664.051
-687.343
-749.653
-756.116
-742.765
-784.262
-779.894
-814.862
-714.629
-820.451
-788.11
-774.807
-799.788
-780.578
-810.258
-782.598
-753.49
-792.072
-800.004
-784.424
-742.734
-789.153
-776.744
-703.946
-784.178
-762.629
-793.657
-768.493
-749.623
-734.465
-689.501
-698.025
-744.25
-750.575
-722.401
-782.353
-800.828
-753.792
-759.948
-765.651
-681.394
-744.678
-781.656
-778.761
-799.148
-783.472
-754.55
-740.764
-753.878
-728.275
-749.87
-803.866
-761.529
-777.66
-756.886
-757.65
-809.094
-760.7
-777.592
-772.106
-796.95
-713.239
-746.391
-733.746
-730.314
-706.575
-699.052
-729.918
-725.831
-733.465
-780.179
-738.689
-766.645
-752.003
-729.866
-752.285
-750.53
-722.576
-738.558
-743.948
-756.06
-760.575
-744.956
-785.711
-784.109
-758.733
-737.43
-782.849
-781.641
-744.337
-792.977
-758.142
-753.559
-737.36
-763.963
-763.221
-741.715
-762.266
-775.605
-790.0
-779.2
-776.48
-834.428
-752.331
-700.103
-729.383
-766.022
-794.293
-735.815
-803.692
-804.858
-758.334
-753.026
-711.608
-746.682
-754.24
-697.347
-751.87
-745.269
-741.404
-754.06
-733.21
-759.745
-778.783
-731.366
-730.608
-751.179
-779.765
-785.313
-782.672
-766.18
-780.107
-837.596
-812.847
-797.099
-830.244
-842.99
-771.926
-801.318
-798.404
-727.657
-807.296
-728.764
-824.427
-783.58
-809.56
-788.472
-788.147
-769.307
-757.301
-820.84
-793.106
-738.044
-777.543
-775.882
-784.692
-763.037
-704.13
-786.084
-775.364
-751.857
-791.652
-773.512
-759.733
-827.328
-810.48
-785.874
-719.219
-780.18
-797.802
-707.223
-802.676
-752.969
-725.399
-752.854
-734.869
-753.381
-738.072
-711.274
-774.453
-742.68
-782.991
-805.518
-789.934
-775.82
-802.448
-747.875
-735.004
-731.449
-729.81
-756.958
-777.286
-723.523
-747.224
-718.713
-800.311
-737.398
-778.495
-734.669
-700.193
-726.603
-725.889
-730.284
-737.551
-758.409
-732.453
-705.343
-812.191
-769.221
-776.53
-797.649
-793.171
-798.745
-814.94
-843.494
-815.771
-832.984
-815.744
-877.854
-811.005
-822.215
-820.005
-761.438
-794.845
-818.81
-804.321
-791.873
-720.133
-770.781
-734.688
-752.817
-653.447
-713.039
-741.852
-757.052
-763.109
-742.178
-783.973
-774.71
-799.821
-802.14
-714.752
-777.67
-757.82
-746.885
-684.739
-737.77
-736.409
-710.528
-718.138
-706.761
-740.58
-733.089
-713.644
-697.832
-697.821
-770.417
-669.274
-759.023
-733.014
-792.091
-785.45
-723.41
-707.504
-720.607
-688.376
-735.69
-716.706
-703.873
-734.913
-684.806
-633.042
-688.316
-695.806
-691.534
-751.049
-736.948
-740.104
-710.895
-723.413
-748.452
-718.313
-698.67
-736.388
-736.204
-720.428
-734.172
-780.86
-745.27
-725.725
-694.945
-673.27
-698.546
-714.184
-717.216
-731.893
-694.187
-746.097
-726.707
-707.43
-689.959
-752.599
-716.476
-676.358
-732.871
-701.672
-721.881
-730.32
-737.938
-737.52
-719.223
-743.919
-743.464
-715.653
-711.827
-761.395
-768.65
-761.367
-689.39
-717.562
-694.745
-675.88
-747.862
-708.949
-704.402
-744.64
-727.238
-663.713
-722.017
-708.608
-753.848
-749.476
-740.34
-751.981
-754.89
-727.827
-741.799
-684.081
-724.637
-670.584
-662.727
-720.454
-723.377
-710.668
-686.092
-669.398
-701.679
-683.878
-670.72
-688.856
-698.899
-708.309
-685.323
-711.845
-688.237
-651.739
-661.888
-691.174
-643.695
-653.163
-656.596
-713.233
-698.2
-738.977
-764.377
-728.13
-736.867
-723.092
-709.402
-630.255
-673.174
-677.823
-657.766
-713.711
-681.617
-749.044
-723.529
-722.539
-748.079
-730.476
-666.853
-683.79
