-0.547
-0.49
-0.544
-0.464
-0.459
-0.538
-0.543
-0.399
-0.578
-0.511
-0.547
-0.406
-0.523
-0.407
-0.679
-0.506
-0.674
-0.657
-0.503
-0.429
-0.339
-0.613
-0.597
-0.656
-0.826
-0.54
-0.692
-0.621
-0.275
-0.549
-0.602
-0.693
-0.63
-0.494
-0.629
-0.455
-0.475
-0.567
-0.444
-0.566
-0.497
-0.56
-0.497
-0.459
-0.293
-0.67
-0.446
-0.549
-0.609
-0.507
-0.431
-0.54
-0.373
-0.335
-0.262
-0.497
-0.568
-0.48
-0.532
-0.503
-0.456
-0.618
-0.535
-0.394
-0.431
-0.562
-0.385
-0.531
-0.726
-0.409
-0.477
-0.485
-0.514
-0.705
-0.418
-0.651
-0.542
-0.444
-0.558
-0.619
-0.79
-0.606
-0.706
-0.874
-0.759
-0.674
-0.703
-0.693
-0.556
-0.795
-0.926
-0.797
-0.628
-0.76
-0.649
-0.633
-0.503
-0.46
-0.488
-0.427
-0.582
-0.51
-0.371
-0.4
-0.593
-0.485
-0.482
-0.741
-0.661
-0.487
-0.655
-0.75
-0.545
-0.337
-0.487
-0.699
-0.657
-0.559
-0.593
-0.547
-0.52
-0.431
-0.5
-0.482
-0.501
-0.597
-0.615
-0.401
-0.829
-0.606
-0.545
-0.422
-0.279
-0.581
-0.44
-0.233
-0.538
-0.5
-0.494
-0.604
-0.528
-0.703
-0.728
-0.693
-0.595
-0.559
-0.583
-0.398
-0.585
-0.69
-0.595
-0.484
-0.739
-0.532
-0.566
-0.648
-0.589
-0.558
-0.551
-0.558
-0.547
-0.583
-0.467
-0.246
-0.473
-0.658
-0.678
-0.379
-0.49
-0.518
-0.602
-0.599
-0.667
-0.547
-0.53
-0.624
-0.469
-0.564
-0.735
-0.615
-0.757
-0.686
-0.58
-0.453
-0.378
-0.423
-0.463
-0.425
-0.438
-0.6
-0.592
-0.531
-0.525
-0.476
-0.592
-0.614
-0.504
-0.545
-0.457
-0.595
-0.65
-0.651
-0.575
-0.538
-0.561
-0.624
-0.423
-0.668
-0.621
-0.506
-0.66
-0.551
-0.662
-0.462
-0.548
-0.669
-0.595
-0.642
-0.545
-0.474
-0.574
-0.563
-0.465
-0.516
-0.452
-0.603
-0.446
-0.581
-0.519
-0.69
-0.556
-0.618
-0.473
-0.585
-0.535
-0.558
-0.533
-0.766
-0.624
-0.547
-0.384
-0.504
-0.49
-0.773
-0.634
-0.733
-0.528
-0.586
-0.537
-0.449
-0.516
-0.58
-0.652
-0.557
-0.452
-0.538
-0.503
-0.557
-0.593
-0.813
-0.637
-0.705
-0.697
-0.462
-0.633
-0.514
-0.606
-0.403
-0.429
-0.44
-0.566
-0.505
-0.383
-0.489
-0.503
-0.658
-0.521
-0.502
-0.612
-0.556
-0.632
-0.591
-0.69
-0.758
-0.727
-0.573
-0.612
-0.633
-0.398
-0.724
-0.734
-0.642
-0.736
-0.529
-0.581
-0.52
-0.566
-0.6
-0.697
-0.577
-0.476
-0.566
-0.574
-0.653
-0.503
-0.701
-0.485
-0.594
-0.531
-0.576
-0.549
-0.515
-0.563
-0.667
-0.446
-0.6
-0.509
-0.655
-0.644
-0.356
-0.404
-0.488
-0.485
-0.54
-0.34
-0.567
-0.477
-0.406
-0.465
-0.324
-0.516
-0.336
-0.559
-0.388
-0.308
-0.297
-0.481
-0.56
-0.426
-0.509
-0.58
-0.594
-0.486
-0.442
-0.559
-0.625
-0.547
-0.591
-0.559
-0.523
-0.645
-0.49
-0.456
-0.514
-0.624
-0.506
-0.399
-0.494
-0.534
-0.511
-0.439
-0.464
-0.545
-0.464
-0.49
-0.421
-0.458
-0.357
-0.523
-0.573
-0.614
-0.413
-0.496
-0.329
-0.527
-0.467
-0.702
-0.541
-0.621
-0.618
-0.71
-0.55
-0.506
-0.622
-0.684
-0.69
-0.445
-0.407
-0.505
-0.462
-0.578
-0.488
-0.397
-0.506
-0.575
-0.741
-0.67
-0.847
-0.761
-0.696
-0.828
-0.643
-0.572
-0.582
-0.54
-0.716
-0.59
-0.514
-0.551
-0.43
-0.695
-0.745
-0.483
-0.496
-0.515
-0.521
-0.515
-0.522
-0.585
-0.398
-0.472
-0.354
-0.505
-0.393
-0.394
-0.427
-0.49
-0.564
-0.671
-0.626
-0.595
-0.577
-0.563
-0.53
-0.73
-0.61
-0.482
-0.659
-0.714
-0.617
-0.532
-0.516
-0.494
-0.346
-0.352
-0.62
-0.311
-0.55
-0.591
-0.526
-0.486
