-52.36
-70.91
-76.54
-65.41
-79.09
-73.74
-76.5
-69.69
-67.66
-69.67
-62.76
-71.51
-79.22
-58.44
-65.31
-70.45
-62.82
-69.44
-78.06
-75.6
-71.64
-69.86
-73.2
-64.28
-69.78
-72.16
-75.64
-77.89
-68.95
-75.54
-61.11
-74.25
-75.45
-80.88
-63.34
-65.99
-63.54
-81.48
-73.14
-83.6
-63.49
-71.01
-68.91
-76.03
-70.3
-69.53
-70.27
-64.93
-68.11
-64.01
-80.22
-65.18
-62.72
-59.32
-69.35
-77.35
-70.03
-67.67
-60.45
-77.28
-60.75
-75.74
-56.2
-66.25
-71.85
-72.28
-52.05
-59.18
-60.24
-77.86
-77.43
-76.26
-76.77
-78.8
-57.36
-70.96
-79.28
-73.97
-75.57
-73.34
-68.48
-71.12
-66.87
-74.57
-74.27
-70.51
-65.65
-76.24
-66.73
-69.39
-70.9
-76.48
-64.39
-65.25
-78.3
-69.61
-64.93
-74.35
-56.18
-76.74
-62.82
-70.77
-76.18
-77.47
-72.41
-75.91
-74.45
-74.79
-70.66
-79.85
-58.96
-63.14
-69.01
-67.95
-77.11
-72.72
-53.95
-74.06
-59.2
-67.06
-79.19
-70.56
-75.54
-67.91
-78.08
-68.07
-80.31
-68.89
-73.15
-73.4
-67.62
-79.91
-75.63
-70.74
-73.48
-72.04
-80.98
-84.83
-80.64
-73.44
-78.68
-69.95
-68.58
-74.63
-81.17
-93.39
-76.53
-83.48
-76.1
-89.73
