-68.21
-69.46
-71.32
-77.08
-77.95
-73.32
-72.09
-89.8
-79.97
-78.33
-87.9
-83.13
-79.84
-76.89
-79.21
-82.98
-85.96
-75.83
-82.01
-81.31
-84.19
-78.57
-83.18
-72.97
-87.71
-88.98
-85.46
-84.61
-82.77
-86.5
-78.4
-82.0
-83.49
-87.11
-83.84
-75.04
-80.2
-80.8
-82.72
-79.23
-75.51
-81.39
-71.84
-71.15
-68.61
-58.18
-79.16
-80.47
-78.5
-70.72
-63.52
-71.1
-79.83
-72.99
-64.72
-75.63
-72.62
-70.91
-78.48
-72.49
-70.32
-68.24
-74.46
-68.49
-65.97
-60.66
-63.99
-60.55
-67.91
-62.9
-68.02
-67.57
-66.49
-63.37
-64.81
-67.0
-74.08
-77.92
-60.29
-70.9
-58.33
-69.33
-64.51
-75.79
-75.04
-73.24
-70.96
-73.61
-58.54
-73.42
-67.66
-68.34
-56.77
-70.49
-69.52
-63.65
-68.0
-69.16
-65.68
-70.61
-68.03
-75.39
-66.14
-65.95
-66.12
-67.44
-62.65
-68.34
-58.83
-67.43
-62.65
-57.49
-57.71
-59.06
-65.38
-69.7
-67.82
-54.12
-64.68
-73.8
-72.46
-64.23
-70.16
-71.46
-70.26
-68.88
-67.85
-74.53
-71.63
-65.44
-72.37
-66.2
-67.04
-65.34
-71.76
-64.12
-59.44
-68.07
-61.78
-66.1
-56.55
-68.19
-71.19
-71.68
-67.78
-63.82
-67.45
-66.98
-70.96
-76.16
-66.27
-75.62
-68.92
-70.91
-62.37
-70.57
-72.56
-66.77
-69.56
-66.65
-67.97
-68.7
-70.28
-71.18
-68.12
-62.06
-56.84
-68.62
-61.77
-69.12
-68.27
-64.98
-70.47
-71.57
-65.08
-73.11
-74.42
-69.64
-69.1
-69.31
-65.03
-78.04
-76.57
-79.81
-79.25
-59.13
-81.44
-77.94
-79.03
-71.15
-77.56
-69.1
-73.56
-78.54
-77.65
-73.62
-74.5
-62.76
-72.79
-73.87
-70.96
