-0.21
-0.228
-0.218
-0.238
-0.33
-0.219
-0.369
-0.364
-0.319
-0.222
-0.243
-0.158
-0.458
-0.257
-0.22
-0.249
-0.261
-0.296
-0.408
-0.393
-0.374
-0.219
-0.308
-0.3
-0.353
-0.287
-0.283
-0.251
-0.341
-0.334
-0.224
-0.222
-0.255
-0.246
-0.263
-0.408
-0.345
-0.347
-0.217
-0.282
-0.535
-0.361
-0.245
-0.307
-0.158
-0.156
-0.301
-0.39
-0.292
-0.239
-0.321
-0.284
-0.172
-0.156
-0.153
-0.133
-0.182
-0.263
-0.187
-0.189
-0.091
-0.128
-0.218
-0.136
-0.223
-0.165
-0.175
-0.116
-0.122
-0.24
-0.161
-0.185
-0.148
-0.073
-0.333
-0.241
-0.21
-0.225
-0.178
-0.21
-0.197
-0.286
-0.187
-0.207
-0.256
-0.219
-0.221
-0.198
-0.161
-0.213
-0.221
-0.308
-0.219
-0.155
-0.185
-0.208
-0.131
-0.245
-0.139
-0.129
-0.273
-0.198
-0.178
-0.141
-0.23
-0.164
-0.191
-0.209
-0.189
-0.1
-0.286
-0.2
-0.212
-0.129
-0.186
-0.233
-0.238
-0.245
-0.192
-0.294
-0.279
-0.246
-0.268
-0.351
-0.262
-0.256
-0.181
-0.167
-0.244
-0.195
-0.161
-0.149
-0.293
-0.17
-0.267
-0.2
-0.231
-0.238
-0.179
-0.186
-0.188
-0.312
-0.265
-0.303
-0.284
-0.299
-0.265
-0.242
-0.238
-0.276
-0.185
-0.156
-0.289
-0.273
-0.205
-0.218
-0.281
-0.251
-0.225
-0.224
-0.175
-0.244
-0.192
-0.185
-0.149
-0.247
-0.152
-0.231
-0.231
-0.286
-0.178
-0.276
-0.201
-0.186
-0.322
-0.233
-0.219
-0.203
-0.261
-0.334
-0.243
-0.259
-0.272
-0.3
-0.284
-0.292
-0.297
-0.298
-0.295
-0.153
-0.281
-0.197
-0.254
-0.173
-0.176
-0.322
-0.3
-0.199
-0.206
-0.344
-0.295
