-495.184
-473.968
-543.047
-497.667
-478.248
-516.03
-537.07
-549.0
-501.166
-560.919
-557.491
-520.382
-601.937
-550.991
-546.346
-507.095
-523.53
-559.661
-559.86
-552.706
-536.785
-545.197
-568.452
-516.303
-524.555
-575.51
-534.839
-536.072
-582.277
-568.83
-496.948
-515.114
-478.0
-554.695
-547.916
-540.634
-511.386
-523.454
-528.551
-561.71
-568.785
-591.607
-502.702
-543.846
-478.851
-459.376
-474.774
-508.316
-515.571
-433.905
-393.883
-462.108
-505.903
-485.014
-476.247
-508.476
-450.868
-493.404
-446.045
-437.828
-442.796
-439.806
-460.728
-441.809
-444.423
-424.84
-440.544
-445.267
-499.057
-499.021
-441.947
-484.747
-480.416
-474.335
-490.208
-495.378
-500.697
-545.867
-504.634
-546.019
-473.751
-502.589
-482.164
-543.7
-478.581
-462.983
-453.525
-525.441
-527.626
-581.289
-488.097
-507.696
-479.622
-512.56
-520.872
-457.492
-476.618
-437.646
-475.357
-485.374
-494.464
-470.316
-468.513
-440.372
-420.001
-458.797
-468.246
-476.405
-474.213
-448.693
-463.402
-434.612
-433.802
-475.643
-435.559
-505.214
-456.453
-423.739
-467.508
-513.088
-496.609
-507.642
-476.797
-492.637
-477.174
-487.127
-491.953
-489.849
-456.785
-498.254
-482.702
-509.181
-462.576
-511.526
-472.148
-505.75
-497.382
-498.426
-461.821
-473.456
-513.649
-496.607
-480.944
-468.342
-526.024
-481.903
-456.179
-526.138
-505.01
-494.641
-469.565
-459.981
-506.007
-506.358
-485.731
-542.396
-502.299
-488.908
-491.069
-523.723
-461.059
-494.785
-473.336
-480.387
-484.368
-474.408
-474.153
-475.058
-452.146
-446.438
-469.658
-480.219
-467.462
-475.961
-511.297
-485.936
-490.3
-494.262
-499.759
-504.814
-466.014
-504.424
-509.632
-514.612
-511.149
-494.207
-552.518
-533.474
-544.084
-499.424
-478.392
-448.828
-499.792
-515.14
-500.441
-534.173
-489.824
-471.386
-483.132
-530.631
-511.088
