-0.747
-0.792
-0.818
-0.854
-0.8
-0.763
-0.838
-0.732
-0.818
-0.652
-0.611
-0.684
-0.63
-0.719
-0.866
-0.596
-0.863
-0.629
-0.667
-0.732
-0.715
-0.686
-0.55
-0.784
-0.734
-0.943
-0.926
-0.686
-0.959
-0.845
-0.761
-0.829
-0.903
-0.633
-0.648
-0.635
-0.632
-0.805
-0.914
-0.807
-0.816
-0.788
-0.763
-0.844
-0.884
-0.793
-0.765
-0.804
-0.664
-0.779
-0.811
-0.59
-0.671
-0.509
-0.56
-0.828
-0.807
-0.784
-0.571
-0.612
-0.75
-0.718
-0.899
-0.765
-0.814
-0.67
-0.576
-0.826
-0.761
-0.652
-0.598
-0.838
-0.742
-0.972
-0.713
-0.796
-0.754
-0.738
-0.766
-0.512
-0.652
-0.797
-0.599
-0.679
-0.752
-0.777
-0.635
-0.523
-0.723
-0.611
-0.708
-0.838
-0.774
-0.772
-0.709
-0.933
-0.675
-0.754
-0.807
-0.674
-0.738
-0.746
-0.56
-0.762
-0.732
-0.896
-0.857
-0.784
-0.914
-0.863
-0.81
-0.906
-0.818
-0.714
-0.716
-0.661
-0.615
-0.691
-0.566
-0.758
-0.829
-0.791
-0.74
-0.558
-0.742
-0.636
-0.627
-0.824
-0.586
-0.567
-0.812
-0.822
-0.592
-0.549
-0.836
-0.817
-0.768
-0.813
-0.653
-0.596
-0.683
-0.923
-0.678
-0.768
-0.822
-0.833
-0.764
-0.679
-0.716
-0.644
-0.906
-0.819
-0.76
-0.734
-0.701
-0.792
-0.65
-0.694
-0.732
-0.798
-0.595
-0.585
-0.824
-0.715
-0.605
-0.587
-0.721
-0.61
-0.573
-0.718
-0.78
-0.748
-0.609
-0.619
-0.918
-0.956
-0.587
-0.768
-0.755
-0.87
-0.849
-0.615
-0.813
-0.852
-0.813
-0.761
-0.646
-0.885
-0.668
-0.568
-0.697
-0.817
-0.767
-0.48
-0.679
-0.752
-0.637
-0.696
-0.721
-0.668
-0.711
-0.641
-0.684
-0.847
-0.784
-0.823
-1.118
-0.809
-0.754
-0.713
-0.664
-0.684
-0.896
-0.629
-0.728
-0.568
-0.828
-0.788
-0.688
-0.674
-0.696
-0.623
-0.688
-0.667
-0.627
-0.565
-0.616
-0.786
-0.757
-0.669
-0.638
-0.8
-0.597
-0.829
-0.828
-0.862
-0.701
-0.812
-0.609
-0.807
-0.476
-0.722
-0.746
-0.751
-0.868
-0.703
-0.677
-0.759
-0.818
-0.753
-0.705
-0.599
-0.804
-0.679
-0.904
-0.839
-0.773
-0.583
-0.804
-0.809
-0.808
-0.724
-0.78
-0.782
-0.595
-0.722
-0.662
-0.6
-0.765
-0.573
-0.716
-0.65
-0.701
-0.77
-0.724
-0.89
-0.605
-0.665
-0.726
-0.717
-0.834
-0.786
-0.851
-0.637
-0.815
-0.752
-0.894
-0.761
-0.64
-0.885
-0.768
-0.642
-0.857
-0.807
-0.46
-0.742
-0.746
-0.586
-0.565
-0.802
-0.781
-0.837
-0.695
-0.892
-0.698
-0.587
-0.677
-0.582
-0.615
-0.666
-0.628
-0.759
-0.788
-0.938
-0.828
-0.902
-1.041
-0.874
-1.038
-0.976
-0.774
-0.865
-0.649
-0.705
-0.705
-0.743
-0.697
-0.537
-0.693
-0.853
-0.967
-0.899
-0.847
-0.69
-0.704
-0.582
-0.814
-0.668
-0.644
-0.644
-0.715
-0.654
-0.649
-0.692
-0.687
-0.779
-0.574
-0.549
-0.566
-0.684
-0.652
-0.536
-0.814
-0.795
-0.554
-0.655
-0.763
-0.655
-0.746
-0.755
-0.723
-0.694
-0.681
-0.684
-0.602
-0.621
-0.5
-0.717
-0.602
-0.619
-0.802
-0.677
-0.627
-0.718
-0.493
-0.748
-0.522
-0.762
-0.715
-0.684
-0.631
-0.56
-0.526
-0.59
-0.704
-0.741
-0.729
-0.61
-0.457
-0.733
-0.656
-0.719
-0.634
-0.713
-0.737
-0.707
-0.582
-0.601
-0.574
-0.602
-0.525
-0.471
-0.512
-0.675
-0.708
-0.571
-0.735
-0.658
-0.671
-0.69
-0.519
-0.706
-0.614
-0.739
-0.715
-0.671
-0.722
-0.624
-0.69
-0.873
-0.746
-0.673
-0.731
-0.638
-0.561
-0.621
-0.752
-0.534
-0.778
-0.522
-0.55
-0.737
-0.501
-0.562
-0.617
-0.58
-0.694
-0.465
-0.514
-0.831
-0.564
-0.533
-0.656
-0.808
-0.648
-0.599
-0.594
-0.692
-0.498
-0.631
-0.576
