-779.625
-791.991
-819.008
-826.533
-776.384
-821.082
-759.995
-766.655
-796.037
-811.722
-809.544
-789.488
-798.773
-815.85
-836.03
-826.999
-833.107
-803.318
-799.519
-798.921
-769.347
-788.314
-797.751
-800.375
-769.849
-869.537
-785.29
-790.87
-825.963
-777.181
-816.387
-763.897
-754.632
-736.95
-740.153
-839.343
-836.66
-815.708
-767.311
-860.02
-812.496
-798.727
-813.693
-817.128
-834.333
-794.705
-848.865
-858.529
-857.997
-836.06
-858.61
-833.727
-802.494
-790.857
-772.518
-842.759
-847.611
-819.503
-805.524
-809.737
-754.487
-798.822
-805.983
-804.335
-840.995
-810.56
-844.483
-794.543
-808.873
-760.094
-790.46
-831.082
-829.794
-789.474
-766.579
-816.678
-810.257
-798.551
-849.794
-744.089
-807.453
-795.242
-818.576
-829.414
-797.64
-811.61
-795.998
-816.329
-793.064
-814.813
-821.238
-761.947
-784.68
-815.995
-809.695
-787.339
-823.749
-774.118
-822.214
-829.31
-803.172
-875.128
-723.205
-794.451
-809.222
-797.255
-833.526
-810.525
-809.261
-820.968
-785.109
-791.146
-781.466
-764.421
-754.678
-782.66
-798.543
-792.385
-804.715
-794.347
-784.873
-836.547
-848.625
-774.093
-758.774
-779.66
-781.895
-790.126
-821.376
-791.02
-824.559
-835.557
-828.644
-787.151
-825.389
-811.155
-780.659
-801.48
-768.236
-761.047
-757.37
-755.435
-811.636
-764.984
-763.658
-762.856
-741.776
-775.297
-794.743
-743.128
-791.148
-801.707
-806.397
-787.983
-778.792
-797.314
-782.079
-811.019
-830.129
-783.831
-800.42
-765.056
-765.48
-780.89
-801.125
-796.611
-831.494
-784.346
-732.309
-789.632
-770.266
-723.329
-783.941
-766.331
-787.499
-758.687
-775.598
-766.704
-762.193
-782.999
-753.56
-744.416
-770.54
-722.3
-750.651
-727.161
-757.063
-753.943
-743.551
-742.809
-762.259
-736.523
-784.389
-737.213
-724.68
-799.479
-716.602
-741.666
-753.431
-775.15
-766.468
-786.034
-777.818
-759.472
-789.287
-828.034
-808.867
-844.221
-811.413
-783.845
-745.714
-767.353
-771.279
-731.709
-793.256
-752.967
-773.18
-770.087
-771.243
-755.975
-722.171
-698.88
-755.746
-757.45
-717.244
-730.886
-733.465
-750.43
-787.566
-687.057
-743.778
-755.789
-804.599
-760.429
-812.621
-799.656
-788.233
-832.939
-780.932
-818.42
-777.57
-795.343
-820.404
-799.85
-841.297
-776.971
-842.763
-845.972
-828.049
-873.045
-873.575
-823.578
-822.292
-809.47
-789.354
-792.997
-826.694
-832.548
-809.041
-861.767
-823.22
-791.422
-763.395
-829.855
-800.17
-799.688
-890.29
-811.337
-820.725
-810.967
-789.624
-856.236
-870.916
-819.537
-785.622
-806.144
-740.024
-778.397
-821.165
-762.401
-796.508
-826.326
-775.722
-766.519
-810.323
-849.601
-833.753
-843.038
-818.089
-833.706
-783.174
-817.479
-793.642
-854.907
-830.235
-880.991
-829.513
-825.026
-812.615
-795.859
-786.234
-815.478
-765.156
-811.319
-784.78
-758.684
-788.825
-801.171
-778.725
-756.706
-831.95
-785.742
-802.14
-801.852
-823.067
-780.893
-802.864
-776.952
-804.806
-746.689
-758.306
-789.014
-817.1
-795.507
-717.222
-769.202
-718.207
-783.938
-808.31
-783.725
-813.965
-810.527
-750.175
-778.428
-771.84
-813.768
-786.931
-829.81
-817.208
-766.026
-781.397
-821.604
-758.281
-770.231
-777.691
-757.584
-762.543
-805.064
-810.644
-752.333
-780.805
-772.074
-796.817
-751.404
-780.845
-833.247
-837.173
-813.199
-836.533
-787.402
-824.824
-847.978
-762.33
-817.907
-807.272
-767.401
-773.497
-785.848
-771.19
-794.827
-798.342
-861.921
-844.786
-867.898
-797.055
-794.251
-798.581
-830.915
-801.364
-830.097
-797.413
-829.755
-783.386
-796.883
-791.447
-797.286
-796.721
-799.232
-807.848
-750.16
-789.587
-812.243
-770.991
-806.069
-788.524
-744.09
-707.077
-784.764
-743.863
-764.788
-778.224
-791.742
-744.208
-727.423
-793.404
-740.542
-845.879
-786.285
-705.272
-771.119
-805.668
-759.948
-757.215
-765.905
-819.794
-816.126
-783.099
-798.838
-774.726
-764.471
-765.28
-775.794
-746.254
-768.281
-772.618
-779.64
-698.509
-772.433
-785.05
-738.982
-776.417
-728.936
-797.022
-772.11
-768.468
-755.426
-805.765
-803.64
-782.979
-834.031
-839.912
-793.496
-770.562
-775.299
-746.6
-780.655
-747.185
-756.702
-733.029
-755.958
-742.812
