-142.08
-136.17
-134.54
-135.42
-133.59
-143.32
-148.78
-145.85
-143.03
-143.29
-136.87
-133.95
-150.46
-129.23
-141.92
-153.15
-152.67
-141.02
-146.51
-142.07
-143.62
-148.81
-151.27
-143.59
-133.61
-127.15
-136.19
-134.2
-126.08
-128.18
-138.82
-139.26
-134.31
-128.84
-130.38
-131.34
-116.93
-136.46
-136.49
-147.24
-137.18
-137.47
-131.71
-139.09
-136.88
-143.34
-135.57
-135.86
-144.88
-137.39
-141.28
-131.21
-127.79
-142.45
-134.42
-115.22
-139.37
-122.81
-133.15
-125.45
-127.64
-129.46
-130.87
-134.03
-137.18
-133.78
-126.91
-118.46
-127.74
-136.21
-142.63
-135.98
-137.21
-147.98
-140.36
-140.69
-130.9
-127.9
-142.57
-130.87
-143.57
-152.44
-140.02
-145.75
-149.59
-146.03
-145.77
-142.15
-136.2
-129.1
-123.89
-131.67
-130.83
-112.15
-128.11
-130.5
-125.74
-123.27
-132.22
-121.87
-120.53
-140.59
-131.87
-137.27
-133.98
-133.22
-132.14
-132.21
-134.88
-133.66
-129.04
-129.1
-141.28
-139.91
-139.07
-131.92
-141.42
-132.13
-122.86
-134.91
-141.03
-123.74
-125.11
-116.2
-130.88
-112.48
-123.63
-115.57
-115.03
-116.6
-128.22
-116.17
-131.52
-122.7
-127.44
-121.22
-120.9
-123.96
-116.32
-124.53
-120.98
-113.39
-114.65
-114.02
-114.01
-125.69
-113.07
-119.03
-118.36
-127.65
