-117.61
-121.15
-120.76
-128.05
-125.61
-114.25
-127.71
-110.95
-124.94
-126.94
-117.89
-125.86
-126.24
-125.49
-124.84
-123.45
-129.66
-131.6
-124.12
-118.01
-128.08
-119.56
-114.77
-126.97
-122.19
-123.26
-123.91
-128.11
-112.02
-117.85
-119.47
-124.77
-136.57
-121.8
-117.91
-113.24
-120.61
-123.43
-115.37
-124.09
-119.38
-123.61
-122.99
-125.57
-126.23
-120.28
-127.89
-127.12
-130.22
-129.87
-120.65
-126.51
-122.61
-112.06
-122.22
-125.54
-124.24
-114.79
-117.96
-116.46
-122.54
-125.3
-127.2
-120.68
-129.08
-132.34
-134.88
-114.01
-116.22
-119.93
-122.58
-122.1
-123.13
-120.47
-115.57
-123.16
-119.55
-119.33
-117.82
-121.48
-111.81
-114.58
-121.89
-115.98
-126.5
-115.88
-117.12
-123.05
-123.69
-116.53
-120.9
-110.46
-123.59
-118.71
-127.28
-119.7
-124.81
-124.75
-122.79
-121.22
-123.09
-119.92
-118.73
-123.4
-114.25
-117.37
-130.87
-111.41
-111.45
-111.24
-119.18
-118.83
-125.67
-117.63
-111.03
-110.68
-115.75
-120.5
-116.15
-112.1
-127.36
-118.17
-120.06
-125.25
-124.46
-122.42
-126.09
-121.01
-125.27
-127.22
-129.65
-130.21
-121.41
-114.24
-133.72
-130.37
-115.59
-124.65
-113.04
-116.33
-115.47
-113.34
-110.54
-109.42
-114.91
-107.0
-104.65
-116.81
-116.47
-112.38
-121.38
-119.02
-121.19
-118.6
-122.54
-116.32
-122.45
-105.85
-110.17
-116.14
-113.62
-118.4
-116.95
-114.74
-116.65
-115.61
-119.56
-113.42
-104.75
-116.84
-111.22
-106.24
-110.89
-109.59
-110.02
-108.31
-116.03
-105.58
-104.48
-106.84
-114.72
-107.23
-115.12
-113.46
-117.43
-113.62
-95.77
-116.14
-103.13
-94.71
-104.34
-103.06
-112.91
-105.5
-110.61
-103.91
-108.32
-101.42
-106.74
-112.98
-101.86
-105.17
-103.67
-104.34
-100.05
-110.77
-123.09
-105.98
-102.14
-118.96
-104.11
-112.13
-114.92
-104.62
-106.12
-112.35
-106.76
-102.29
-111.54
-105.62
-107.13
-106.1
-110.19
-101.96
-108.13
-106.07
-120.54
-117.28
-113.83
-103.43
-116.1
-110.98
-119.91
-117.15
-119.55
-114.77
-114.54
-119.44
-123.26
-110.61
-115.26
-126.98
-127.98
-128.28
-120.02
-121.96
-125.88
-118.91
-123.01
-115.25
-126.05
-125.32
-122.12
-123.76
-132.88
-123.66
-122.1
-119.46
-132.81
-114.53
-121.59
-116.12
-112.81
-117.71
-111.27
-114.6
-120.32
-108.94
-123.66
-118.54
-117.58
-127.91
-123.22
-128.55
-115.57
-117.22
-110.38
-121.37
-127.26
-117.39
-121.76
-120.57
-107.23
-118.9
-120.56
-111.55
-137.79
-126.92
-120.53
-120.75
-122.61
-121.3
-118.27
-125.03
-117.06
-124.13
-123.2
-118.58
-123.47
-127.18
-118.53
-115.17
-110.76
-120.48
-120.12
-116.79
-102.18
-123.67
-120.78
-115.36
-110.14
-111.72
-110.79
-120.18
-120.13
-102.04
-112.69
-113.23
-107.12
-102.98
-112.8
-103.72
-102.62
-113.29
-102.98
-110.54
-111.29
-110.3
-122.8
-107.37
-117.71
-106.8
-114.96
-118.49
-108.07
-99.85
-114.05
-111.03
-127.22
-117.65
-116.34
-115.8
-100.23
-117.1
-110.06
-109.1
-117.58
-114.8
-107.98
-110.84
-120.15
-110.31
-122.19
-118.86
-118.38
-117.75
-126.44
-127.32
-113.19
-123.83
-119.05
-121.86
-121.1
-114.16
-126.41
-109.44
-117.72
-112.57
-100.74
-114.27
-112.34
-112.54
-124.15
-126.35
-117.03
-109.79
-110.18
-115.02
-122.46
-125.0
-124.87
-123.12
-111.88
-116.43
-114.8
-107.34
-110.19
-117.11
-114.35
-113.8
-120.2
-112.49
-118.4
-118.83
-110.15
-109.04
-92.46
-107.78
-115.81
-114.79
-119.72
-114.39
-106.19
-106.56
-109.99
-109.77
-111.97
-117.36
-117.18
-113.4
-118.19
-113.11
-115.5
-112.15
-123.45
-118.15
-105.36
-124.47
-119.66
-113.05
-110.25
-115.32
-115.14
-112.73
-122.16
-102.5
-117.39
-120.91
-121.67
-114.32
-117.73
-112.53
-119.67
-119.12
-117.17
-118.36
-117.57
-108.52
-115.86
-122.5
-129.18
-120.04
-114.6
-122.23
-113.05
-125.89
-119.12
-105.94
-112.43
-107.98
-96.55
