-63.66
-67.77
-76.1
-80.75
-65.06
-82.73
-65.04
-81.43
-72.43
-69.15
-71.32
-77.26
-57.47
-79.35
-81.35
-72.16
-64.92
-83.06
-77.8
-77.55
-77.69
-64.55
-90.51
-75.04
-75.92
-90.54
-87.94
-79.85
-93.6
-86.9
-89.3
-91.0
-93.26
-104.86
-88.55
-101.48
-82.68
-99.17
-87.36
-98.13
-89.6
-78.31
-86.59
-79.95
-76.19
-77.7
-80.67
-73.66
-74.78
-88.09
-91.99
-87.48
-89.39
-83.57
-88.29
-85.19
-90.69
-99.7
-87.76
-92.34
-89.26
-94.27
-93.42
-79.99
-96.41
-91.17
-101.92
-101.18
-94.73
-104.94
-96.85
-87.53
-80.38
-85.87
-84.86
-84.11
-96.34
-90.62
-88.46
-100.17
-86.84
-97.67
-85.46
-82.33
-88.96
-86.92
-76.35
-77.16
-78.22
-86.86
-81.59
-93.04
-81.76
-89.97
-85.44
-87.72
-86.26
-84.15
-99.0
-80.28
-93.65
-78.41
-80.82
-89.04
-88.74
-94.11
-80.99
-92.97
-85.05
-72.04
-86.6
-82.51
-83.97
-78.59
-77.83
-76.69
-84.29
-78.64
-75.32
-77.29
-66.44
-80.67
-71.53
-64.67
-70.64
-63.02
-51.51
-50.31
-67.55
-85.34
-71.81
-74.8
-68.37
-71.32
-77.62
-64.42
-81.5
-78.91
-77.96
-86.82
-81.87
-79.76
-85.7
-75.96
-81.81
-66.05
-62.21
-79.93
-72.92
-71.57
