-474.248
-481.671
-477.158
-514.332
-483.219
-499.598
-505.438
-463.533
-518.085
-445.659
-491.062
-547.725
-494.956
-449.946
-438.681
-458.507
-464.111
-488.336
-481.467
-495.938
-524.287
-473.544
-520.292
-466.569
-464.355
-482.058
-498.599
-513.799
-434.85
-422.635
-468.961
-470.798
-447.296
-513.355
-538.745
-497.592
-522.697
-418.854
-496.226
-452.787
-485.784
-459.515
-431.353
-465.873
-444.633
-472.045
-472.283
-465.255
-491.996
-462.285
-460.148
-479.133
-489.757
-470.164
-469.9
-488.759
-438.094
-485.409
-457.629
-474.242
-449.603
-481.107
-456.092
-450.606
-491.553
-490.627
-474.773
-493.391
-445.222
-487.179
-450.48
-504.73
-495.447
-498.734
-494.957
-532.53
-519.021
-502.444
-590.755
-506.73
-567.02
-564.2
-611.94
-588.419
-589.207
-612.655
-539.255
-566.11
-549.596
-565.065
-566.135
-498.978
-571.761
-554.774
-539.228
-504.183
-517.467
-426.083
-550.665
-553.57
-548.16
-522.006
-524.783
-585.448
-567.327
-601.891
-607.438
-596.601
-571.548
-589.845
-573.68
-625.81
-596.214
-596.022
-615.372
-618.054
-621.624
-603.015
-596.667
-666.611
-626.623
-622.231
-525.349
-583.382
-548.939
-597.745
-618.179
-577.602
-561.15
-553.938
-570.776
-603.334
-596.726
-563.386
-567.786
-567.563
-573.254
-588.973
-560.872
-584.966
-550.592
-578.935
-573.612
-555.281
-548.263
-623.968
-543.873
-572.622
-630.195
-559.852
-586.003
-541.179
-547.206
-553.673
-612.122
-592.605
-587.931
-592.579
-608.66
-526.38
-577.551
-548.641
-527.812
-597.098
-547.131
-541.089
-579.388
-597.582
-534.542
-552.458
-472.288
-538.546
-507.314
-493.155
-568.676
-444.435
-474.662
-458.598
-532.7
-562.787
-512.392
-495.985
-519.69
-529.273
-551.031
-503.908
-545.64
-512.333
-534.49
-537.721
-528.195
-564.973
-543.795
-505.058
-532.665
-484.166
-479.262
-512.014
-517.129
-529.909
-537.131
