-70.89
-72.93
-74.31
-68.79
-69.13
-73.15
-74.04
-68.06
-71.83
-75.52
-74.34
-73.4
-72.81
-76.46
-71.42
-77.05
-71.18
-71.21
-80.45
-74.88
-60.86
-75.11
-63.21
-63.54
-72.34
-72.49
-69.29
-77.16
-72.35
-64.32
-66.36
-55.44
-66.67
-73.51
-76.18
-75.46
-76.94
-66.27
-62.03
-66.65
-63.1
-69.17
-70.84
-72.72
-75.72
-73.73
-70.11
-66.16
-60.97
-66.96
-66.29
-68.56
-72.57
-74.39
-78.6
-74.57
-64.53
-76.02
-59.14
-73.89
-78.42
-68.09
-70.6
-70.23
-77.79
-71.03
-69.02
-77.55
-69.71
-72.84
-75.85
-84.27
-82.7
-69.2
-71.51
-84.75
-76.4
-80.67
-77.67
-81.43
-83.16
-85.73
-90.67
-82.51
-82.03
-94.64
-81.29
-83.49
-86.01
-94.28
-89.51
-86.16
-81.72
-87.75
-77.43
-79.63
-72.2
-79.02
-81.92
-83.68
-86.17
-83.77
-81.09
-81.98
-81.76
-85.27
-78.66
-83.8
-81.69
-81.5
-76.44
-86.39
-92.19
-82.58
-77.05
-86.81
-92.26
-91.5
-92.99
-99.73
-90.43
-76.51
-82.73
-92.76
-86.65
-85.33
-97.96
-91.93
-96.95
-96.51
-85.67
-85.25
-80.23
-84.25
-85.66
-76.64
-78.85
-88.07
-72.14
-83.78
-82.28
-88.71
-74.84
-87.93
-88.28
-84.36
-79.8
-81.66
-92.1
-82.46
-87.81
-87.17
-95.46
-90.98
-81.62
-87.48
-88.93
-87.33
-89.48
-74.61
-78.81
-82.3
-78.22
-87.63
-77.39
-76.76
-81.54
-77.5
-80.99
-77.98
-67.64
-75.04
-70.76
-72.53
-79.12
-65.52
-54.89
-68.87
-70.72
-79.22
-69.53
-70.1
-77.81
-76.24
-82.36
-67.39
-74.12
-82.59
-72.91
-77.24
-81.06
-85.24
-74.4
-73.5
-78.53
-75.87
-70.29
-74.83
-78.76
-69.29
-72.9
