-0.243
-0.105
-0.124
-0.163
-0.279
-0.168
-0.153
-0.231
-0.142
-0.214
-0.215
-0.3
-0.234
-0.177
-0.169
-0.223
-0.285
-0.411
-0.242
-0.24
-0.298
-0.277
-0.291
-0.208
-0.266
-0.293
-0.266
-0.261
-0.276
-0.275
-0.21
-0.226
-0.174
-0.212
-0.223
-0.273
-0.357
-0.3
-0.148
-0.26
-0.368
-0.312
-0.279
-0.184
-0.313
-0.328
-0.34
-0.203
-0.204
-0.313
-0.212
-0.263
-0.267
-0.304
-0.221
-0.301
-0.281
-0.292
-0.249
-0.239
-0.302
-0.357
-0.299
-0.257
-0.23
-0.315
-0.32
-0.231
-0.227
-0.177
-0.254
-0.357
-0.18
-0.196
-0.282
-0.288
-0.298
-0.253
-0.445
-0.21
-0.371
-0.384
-0.325
-0.422
-0.35
-0.419
-0.273
-0.421
-0.421
-0.384
-0.344
-0.319
-0.353
-0.37
-0.302
-0.327
-0.259
-0.34
-0.467
-0.482
-0.439
-0.328
-0.364
-0.435
-0.379
-0.535
-0.446
-0.435
-0.438
-0.362
-0.311
-0.375
-0.405
-0.4
-0.524
-0.484
-0.399
-0.527
-0.488
-0.432
-0.412
-0.617
-0.412
-0.371
-0.202
-0.484
-0.434
-0.334
-0.498
-0.527
-0.408
-0.357
-0.376
-0.522
-0.474
-0.309
-0.369
-0.491
-0.387
-0.406
-0.28
-0.416
-0.439
-0.37
-0.427
-0.432
-0.348
-0.328
-0.37
-0.373
-0.303
-0.329
-0.36
-0.398
-0.35
-0.295
-0.439
-0.401
-0.42
-0.383
-0.331
-0.382
-0.329
-0.366
-0.284
-0.31
-0.383
-0.34
-0.294
-0.326
-0.293
-0.268
-0.254
-0.308
-0.286
-0.209
-0.181
-0.092
-0.161
-0.221
-0.178
-0.166
-0.262
-0.177
-0.228
-0.217
-0.23
-0.311
-0.151
-0.255
-0.218
-0.176
-0.176
-0.257
-0.392
-0.276
-0.203
-0.315
-0.298
-0.239
-0.328
