-131.41
-135.78
-130.78
-113.03
-132.7
-120.69
-101.55
-115.28
-113.69
-126.01
-112.44
-111.04
-124.27
-116.2
-112.27
-108.0
-107.27
-110.98
-106.25
-119.28
-96.63
-115.95
-115.18
-109.76
-118.46
-112.39
-114.11
-112.98
-115.11
-119.69
-119.06
-117.37
-105.5
-109.79
-117.03
-122.65
-118.96
-113.91
-105.08
-129.36
-122.87
-133.26
-120.96
-130.89
-122.38
-119.17
-122.91
-122.56
-120.08
-118.36
-108.51
-124.67
-115.66
-122.3
-119.06
-117.96
-127.34
-124.72
-123.74
-122.31
-92.63
-116.25
-120.74
-100.53
-114.58
-120.1
-106.74
-103.0
-111.91
-107.37
-114.65
-125.79
-115.58
-119.22
-112.72
-129.56
-124.05
-120.21
-115.89
-117.51
-102.27
-112.21
-110.31
-122.69
-121.35
-127.41
-115.46
-110.34
-116.71
-111.91
-115.21
-121.09
-128.06
-129.16
-120.96
-113.02
-127.19
-135.17
-114.02
-135.83
-130.74
-120.21
-120.16
-130.08
-115.88
-133.79
-128.87
-129.63
-121.82
-132.37
-128.49
-113.94
-108.59
-106.43
-117.06
-112.26
-108.02
-116.22
-114.83
-112.62
-118.27
-115.13
-115.63
-118.21
-110.13
-107.61
-104.23
-111.17
-120.69
-123.97
-122.12
-115.38
-116.67
-111.44
-126.56
-123.43
-118.14
-114.19
-115.1
-134.29
-122.83
-122.12
-121.66
-125.05
-117.21
-111.44
-106.76
-111.77
-133.25
-115.1
