-132.03
-128.38
-121.36
-117.85
-127.06
-116.34
-124.48
-117.47
-114.18
-113.34
-123.14
-121.03
-113.06
-110.16
-111.45
-122.01
-105.81
-109.82
-100.21
-130.18
-126.56
-109.88
-100.41
-119.66
-115.78
-108.98
-120.02
-110.8
-120.11
-110.48
-117.88
-112.86
-114.52
-117.19
-117.23
-103.61
-120.83
-115.07
-115.78
-120.85
-119.96
-109.98
-113.59
-102.43
-115.43
-122.96
-127.1
-115.55
-125.09
-105.2
-108.54
-110.18
-108.15
-108.45
-115.98
-98.08
-95.39
-108.22
-97.34
-106.14
-98.44
-111.17
-112.47
-110.06
-104.16
-102.57
-100.38
-102.08
-108.73
-100.06
-97.28
-107.71
-99.37
-86.3
-93.19
-94.45
-95.65
-93.91
-98.25
-93.78
-98.04
-106.99
-94.5
-106.49
-113.33
-98.07
-103.91
-101.44
-108.12
-105.06
-111.62
-109.87
-110.3
-114.32
-98.07
-102.36
-99.47
-103.8
-89.35
-107.06
-99.16
-109.86
-102.91
-102.15
-101.63
-98.61
-95.86
-105.04
-106.45
-109.62
-98.58
-99.55
-100.86
-91.12
-93.98
-106.94
-89.57
-94.0
-108.13
-100.98
-87.4
-103.7
-90.75
-97.79
-103.25
-114.42
-109.86
-114.26
-109.35
-105.99
-98.79
-101.68
-95.65
-92.7
-104.14
-110.65
-96.08
-94.02
-105.41
-96.26
-103.88
-96.84
-104.34
-90.55
-99.27
-94.23
-116.81
-110.11
-104.92
-115.1
-100.71
-103.13
-100.69
-112.29
-99.66
-109.07
-107.35
-104.99
-107.44
-112.98
-106.88
-102.0
-100.47
-97.03
-99.17
-105.89
-110.46
-90.23
-98.91
-104.24
-102.32
-91.14
-100.51
-98.99
-96.98
-105.2
-87.67
-94.61
-98.05
-103.3
-97.24
-102.25
-98.84
-98.52
-96.58
-103.48
-85.72
-98.74
-105.54
-111.08
-104.56
-107.48
-99.03
-102.24
-109.07
-101.7
-99.98
-107.37
-108.89
-90.77
-106.72
-100.31
-97.4
-92.46
-96.11
-96.27
-93.71
-85.24
-97.32
-103.1
-97.92
-109.67
-99.42
-89.67
-106.39
-105.76
-103.25
-96.89
-116.11
-97.51
-96.06
-92.92
-99.27
-97.47
-102.4
-106.34
-96.5
-98.71
-102.43
-95.96
-90.18
-101.1
-97.4
-101.73
-100.07
-103.34
-104.54
-103.58
-91.47
-90.77
-102.94
-104.76
-88.65
-103.79
-96.01
-102.24
-93.31
-84.66
-93.74
-106.23
-99.88
-102.24
-90.39
-93.14
-109.17
-99.93
-101.53
-101.16
-105.57
-114.19
-114.17
-114.38
-111.56
-113.38
-112.87
-108.07
-110.87
-104.46
-102.82
-89.79
-103.44
-101.75
-98.69
-95.94
-107.37
-107.44
-101.3
-105.96
-98.06
-107.27
-117.73
-107.94
-92.59
-108.18
-114.4
-114.85
-100.83
-98.21
-105.03
-106.35
-102.32
-105.47
-99.6
-100.41
-99.51
-94.06
-99.42
-104.84
-94.83
-103.63
-113.22
-111.78
-93.71
-106.12
-94.06
-101.78
-105.02
-89.85
-86.79
-100.64
-109.93
-93.92
-114.79
-94.62
-99.0
-95.49
-103.74
-114.86
-100.42
-102.08
-90.88
-95.17
-85.02
-83.46
-89.06
-105.06
-84.63
-87.86
-90.13
-88.51
-91.17
-101.17
-97.05
-100.28
-102.27
-101.9
-95.85
-81.69
-85.18
-108.46
-90.98
-96.34
-88.34
-91.74
-100.7
-88.31
-101.28
-100.0
-94.88
-104.77
-83.22
-89.54
-84.55
-83.41
-96.09
-94.73
-92.47
-78.52
-92.56
-93.74
-77.22
-77.85
-91.84
-88.04
-93.23
-96.6
-80.09
-94.82
-91.07
-87.31
-83.54
-98.03
-87.84
-96.62
-83.62
-87.42
-86.24
-91.18
-93.13
-100.12
-87.37
-86.96
-95.09
-96.74
-91.63
-89.96
-97.4
-92.89
-100.82
-102.94
-98.17
-98.16
-112.43
-94.76
-91.7
-112.55
-107.73
-105.92
-88.5
-93.57
-98.15
-98.11
-97.88
-81.73
-99.99
-107.21
-106.08
-113.19
-90.56
-85.07
-97.8
-93.32
-84.11
-111.44
-103.9
-97.84
-100.94
-98.2
-91.41
-98.22
-98.85
-91.16
-97.47
-101.01
-106.81
-100.96
-102.96
-95.35
-80.28
-90.8
-102.6
-101.43
-109.59
-91.17
-101.03
-98.44
-104.97
-112.41
-110.08
-106.14
-93.88
-104.03
-98.41
-93.65
-102.71
-114.57
-100.1
-98.2
-106.32
-101.46
-99.96
