-807.144
-794.688
-797.12
-826.276
-830.694
-786.591
-785.596
-790.401
-797.988
-843.153
-846.513
-825.178
-767.782
-759.717
-830.807
-769.809
-759.951
-800.978
-758.897
-840.199
-821.906
-838.967
-796.675
-830.431
-829.423
-777.232
-818.149
-781.963
-771.949
-767.973
-841.117
-794.862
-748.344
-784.361
-799.818
-857.294
-770.791
-826.967
-817.813
-810.259
-808.523
-860.443
-858.936
-782.394
-766.79
-829.128
-793.135
-809.288
-772.848
-820.96
-820.119
-841.842
-776.126
-789.641
-763.291
-747.162
-675.319
-772.847
-768.07
-805.887
-715.795
-755.374
-798.362
-762.151
-777.693
-804.663
-753.36
-765.802
-755.166
-732.9
-701.319
-712.155
-716.89
-710.141
-720.095
-714.89
-709.79
-704.486
-705.045
-721.737
-713.713
-680.349
-741.307
-737.914
-750.743
-768.155
-725.293
-645.99
-687.922
-769.244
-731.106
-751.789
-721.972
-778.036
-745.538
-759.74
-762.476
-696.254
-762.839
-725.769
-736.603
-758.418
-748.663
-732.896
-702.852
-740.649
-748.133
-771.231
-756.736
-735.226
-670.877
-713.727
-719.605
-640.734
-657.684
-693.209
-679.151
-638.32
-700.547
-713.012
-728.868
-696.381
-707.88
-683.088
-669.485
-703.637
-715.753
-717.181
-730.753
-703.623
-653.223
-701.477
-687.164
-730.78
-690.72
-713.017
-710.885
-713.297
-694.979
-715.84
-716.178
-742.594
-806.742
-808.826
-777.28
-736.73
-792.844
-816.763
-750.399
-790.081
-818.001
-779.505
-723.264
-808.217
-790.975
-816.802
-792.729
-766.04
-763.908
-801.985
-777.115
-720.392
-731.381
-740.155
-747.726
-728.901
-709.404
-743.619
-694.096
-726.759
-744.958
-764.536
-709.568
-757.557
-705.182
-715.008
-683.009
-705.715
-761.906
-773.674
-738.157
-769.686
-768.683
-738.252
-720.734
-774.593
-787.424
-754.964
-773.051
-801.897
-807.198
-764.264
-735.139
-787.59
-749.512
-776.528
-743.012
-733.431
-792.9
-744.362
-717.334
-732.228
-714.862
-736.182
-706.866
-717.482
-692.243
-756.008
-675.456
-701.389
-719.791
-777.899
-712.255
-706.342
-758.402
-744.516
-748.56
-734.568
-739.828
-722.567
-740.077
-706.638
-687.096
-712.288
-726.5
-715.381
-734.632
-759.9
-818.789
-756.972
-755.995
-768.49
-718.518
-729.097
-696.325
-743.396
-747.33
-708.227
-720.248
-669.64
-722.139
-705.702
-715.555
-700.851
-715.728
-711.836
-702.155
-727.31
-740.876
-733.564
-717.97
-710.768
-688.833
-740.626
-748.073
-773.346
-756.06
-747.762
-849.964
-781.052
-838.502
-835.684
-796.796
-719.038
-737.639
-685.357
-739.99
-724.567
-691.195
-773.802
-724.479
-694.527
-695.178
-675.452
-695.833
-700.036
-735.214
-767.97
-722.921
-672.352
-749.665
-752.537
-712.242
-786.345
-777.528
-763.563
-708.563
-726.889
-693.016
-602.914
-757.477
-734.399
-736.356
-729.788
-775.305
-679.012
-728.365
-720.994
-785.77
-763.594
-777.596
-752.265
-749.685
-777.306
-696.796
-698.436
-714.918
-653.994
-721.408
-729.127
-704.431
-680.279
-790.918
-714.798
-701.703
-743.935
-729.626
-771.358
-716.496
-686.332
-727.705
-678.542
-669.148
-632.466
-674.726
-681.021
-674.166
-684.261
-650.051
-668.13
-691.866
-668.248
-728.153
-807.644
-758.565
-777.909
-694.471
-691.788
-634.385
-749.306
-715.602
-731.388
-726.571
-706.588
-734.406
-770.208
-784.791
-730.521
-731.106
-778.903
-752.658
-701.698
-685.79
-691.344
-703.171
-659.405
-684.573
-621.015
-718.726
-681.984
-656.314
-669.173
-682.352
-680.36
-724.157
-667.152
-685.43
-650.907
-655.229
-666.813
-688.657
-675.32
-673.632
-682.204
-687.241
-659.726
-665.403
-653.154
-659.438
-695.535
-731.378
-729.762
-706.287
-728.329
-719.283
-691.275
-772.154
-760.679
-700.259
-744.896
-692.92
-736.295
-714.38
-741.057
-728.151
-774.87
-730.802
-704.623
-714.328
-759.252
-684.514
-692.475
-716.233
-720.753
-697.197
-717.428
-751.391
-697.428
-676.997
-731.088
-738.909
-749.797
-683.103
-705.188
-741.613
-723.962
-683.724
-720.841
-702.38
-772.754
-718.455
-725.637
-721.199
-762.87
-740.954
-742.523
-729.953
-726.692
-707.339
-702.612
-755.252
-742.82
-756.006
-706.502
-759.308
-743.828
-801.388
-759.401
-799.294
-813.756
-735.882
-735.838
-740.037
-813.742
-786.982
-772.918
-740.281
-783.204
-811.361
-809.636
-794.471
