-0.847
-0.734
-0.759
-0.749
-0.968
-0.83
-0.713
-0.751
-0.697
-0.766
-0.849
-0.782
-0.666
-0.821
-0.837
-0.669
-0.623
-0.695
-0.73
-0.654
-0.781
-1.037
-0.778
-0.735
-0.883
-0.911
-0.89
-0.769
-0.827
-0.875
-0.807
-0.848
-0.846
-0.831
-0.458
-0.816
-0.926
-1.01
-0.844
-0.914
-0.707
-0.787
-0.851
-0.774
-0.757
-0.886
-0.768
-0.935
-0.976
-0.734
-0.707
-0.85
-0.842
-0.786
-0.894
-0.743
-0.735
-0.747
-0.856
-0.873
-0.689
-0.98
-0.811
-0.744
-0.841
-0.782
-0.752
-0.839
-0.752
-0.727
-0.69
-0.605
-0.706
-0.687
-0.524
-0.564
-0.601
-0.618
-0.59
-0.499
-0.404
-0.777
-0.579
-0.694
-0.858
-0.724
-0.788
-0.656
-0.798
-0.848
-0.574
-0.716
-0.772
-0.597
-0.649
-0.74
-0.568
-0.634
-0.735
-0.712
-0.647
-0.704
-0.662
-0.808
-0.862
-0.611
-0.782
-0.69
-0.612
-0.703
-0.578
-0.729
-0.667
-0.633
-0.583
-0.642
-0.567
-0.564
-0.646
-0.537
-0.56
-0.729
-0.645
-0.664
-0.618
-0.654
-0.69
-0.66
-0.746
-0.585
-0.453
-0.686
-0.574
-0.589
-0.667
-0.735
-0.607
-0.676
-0.823
-0.52
-0.728
-0.733
-0.958
-0.723
-0.673
-0.662
-0.878
-0.923
-0.676
-0.871
-0.693
-0.663
-0.932
-0.64
-0.864
-0.69
-0.881
-0.678
-0.691
-0.746
-0.956
-0.701
-0.86
-0.875
-0.609
-0.712
-0.835
-0.66
-0.822
-0.815
-0.702
-0.677
-0.609
-0.72
-0.673
-0.571
-0.659
-0.566
-0.845
-0.725
-0.551
-0.738
-0.811
-0.766
-0.742
-0.715
-0.833
-0.85
-0.778
-0.872
-0.839
-0.791
-0.732
-0.733
-0.884
-0.725
-0.742
-0.731
-0.854
-0.787
-0.707
-0.6
-0.646
-0.708
-0.802
-0.869
-0.591
-0.663
-0.515
-0.671
-0.63
-0.58
-0.639
-0.611
-0.818
-0.814
-0.786
-0.898
-0.763
-0.709
-0.692
-0.91
-0.649
-0.643
-0.641
-0.884
-0.93
-0.714
-0.748
-0.687
-0.65
-0.778
-0.631
-0.724
-0.671
-0.65
-0.749
-0.607
-0.633
-0.571
-0.566
-0.704
-0.73
-0.63
-0.768
-0.598
-0.671
-0.667
-0.606
-0.625
-0.654
-0.566
-0.538
-0.451
-0.584
-0.522
-0.581
-0.524
-0.525
-0.445
-0.649
-0.82
-0.663
-0.589
-0.438
-0.564
-0.51
-0.59
-0.523
-0.519
-0.411
-0.591
-0.473
-0.417
-0.455
-0.366
-0.519
-0.515
-0.717
-0.598
-0.542
-0.477
-0.493
-0.701
-0.57
-0.51
-0.544
-0.492
-0.414
-0.445
-0.512
-0.533
-0.502
-0.485
-0.721
-0.68
-0.504
-0.614
-0.529
-0.45
-0.574
-0.612
-0.622
-0.743
-0.479
-0.537
-0.495
-0.306
-0.295
-0.526
-0.537
-0.475
-0.552
-0.47
-0.395
-0.479
-0.552
-0.665
-0.378
-0.545
-0.547
-0.341
-0.403
-0.582
-0.487
-0.575
-0.392
-0.511
-0.568
-0.341
-0.56
-0.627
-0.518
-0.796
-0.782
-0.604
-0.67
-0.614
-0.375
-0.485
-0.502
-0.539
-0.477
-0.598
-0.534
-0.555
-0.688
-0.58
-0.76
-0.502
-0.54
-0.507
-0.409
-0.687
-0.672
-0.628
-0.704
-0.673
-0.486
-0.582
-0.456
-0.403
-0.386
-0.552
-0.625
-0.702
-0.562
-0.64
-0.598
-0.382
-0.661
-0.562
-0.609
-0.569
-0.626
-0.477
-0.569
-0.444
-0.605
-0.629
-0.67
-0.711
-0.712
-0.735
-0.85
-0.712
-0.64
-0.775
-0.528
-0.59
-0.783
-0.735
-0.829
-0.699
-0.649
-0.814
-0.759
-0.726
-0.471
-0.71
-0.875
-0.662
-0.72
-0.477
-0.655
-0.832
-0.837
-0.775
-0.555
-0.721
-0.682
-0.815
-0.767
-0.533
-0.98
-0.758
-0.825
-0.807
-0.877
-0.703
-0.914
-0.771
-0.655
-0.971
-0.971
-0.795
-0.675
-0.577
-0.78
-0.705
-0.747
-0.707
-0.807
-0.701
-0.82
-1.05
-1.053
-1.036
-1.074
-0.583
-1.006
-0.844
-0.88
-0.798
-0.782
-0.968
-0.878
-0.716
-0.819
-0.827
-0.957
