-0.395
-0.541
-0.812
-0.599
-0.519
-0.437
-0.535
-0.476
-0.558
-0.529
-0.614
-0.579
-0.439
-0.551
-0.531
-0.525
-0.341
-0.546
-0.508
-0.506
-0.465
-0.645
-0.592
-0.554
-0.45
-0.62
-0.624
-0.539
-0.526
-0.481
-0.494
-0.368
-0.376
-0.392
-0.72
-0.556
-0.582
-0.852
-0.561
-0.597
-0.692
-0.514
-0.503
-0.481
-0.224
-0.48
-0.488
-0.393
-0.495
-0.465
-0.411
-0.543
-0.527
-0.404
-0.495
-0.391
-0.483
-0.292
-0.381
-0.514
-0.456
-0.466
-0.78
-0.507
-0.579
-0.456
-0.499
-0.432
-0.639
-0.489
-0.613
-0.556
-0.654
-0.536
-0.602
-0.467
-0.631
-0.692
-0.68
-0.537
-0.55
-0.577
-0.504
-0.59
-0.593
-0.633
-0.548
-0.655
-0.606
-0.537
-0.592
-0.675
-0.614
-0.433
-0.374
-0.52
-0.441
-0.357
-0.751
-0.578
-0.514
-0.481
-0.606
-0.278
-0.622
-0.674
-0.757
-0.643
-0.68
-0.553
-0.671
-0.479
-0.777
-0.583
-0.504
-0.561
-0.597
-0.676
-0.628
-0.625
-0.814
-0.726
-0.663
-0.795
-0.65
-0.611
-0.655
-0.688
-0.64
-0.602
-0.536
-0.747
-0.617
-0.648
-0.602
-0.757
-0.634
-0.55
-0.752
-0.612
-0.629
-0.429
-0.562
-0.646
-0.528
-0.676
-0.682
-0.509
-0.634
-0.452
-0.444
-0.49
-0.336
-0.587
-0.573
-0.62
-0.652
-0.67
-0.569
-0.538
-0.85
-0.641
-0.551
-0.642
-0.769
-0.585
-0.398
-0.787
-0.595
-0.575
-0.617
-0.596
-0.547
-0.617
-0.661
-0.681
-0.682
-0.675
-0.673
-0.847
-0.795
-0.657
-0.668
-0.706
-0.525
-0.732
-0.332
-0.351
-0.528
-0.63
-0.481
-0.573
-0.664
-0.541
-0.579
-0.582
-0.771
-0.522
-0.633
-0.493
-0.687
-0.691
-0.585
-0.784
-0.475
-0.628
-0.515
-0.67
-0.731
-0.642
-0.654
-0.739
-0.727
-0.615
-0.526
-0.726
-0.694
-0.728
-0.877
-0.756
-0.739
-0.56
-0.686
-0.605
-0.751
-0.924
-0.595
-0.671
-0.48
-0.608
-0.57
-0.608
-0.382
-0.769
-0.406
-0.597
-0.495
-0.709
-0.43
-0.423
-0.547
-0.443
-0.469
-0.468
-0.658
-0.711
-0.448
-0.365
-0.517
-0.714
-0.392
-0.346
-0.469
-0.541
-0.435
-0.526
-0.519
-0.548
-0.454
-0.41
-0.378
-0.751
-0.679
-0.516
-0.484
-0.451
-0.531
-0.639
-0.496
-0.33
-0.486
-0.587
-0.517
-0.574
-0.595
-0.507
-0.487
-0.589
-0.643
-0.475
-0.601
-0.657
-0.454
-0.522
-0.493
-0.497
-0.539
-0.275
-0.664
-0.745
-0.625
-0.694
-0.637
-0.726
-0.491
-0.543
-0.428
-0.635
-0.663
-0.513
-0.617
-0.391
-0.509
-0.587
-0.646
-0.57
-0.563
-0.548
-0.557
-0.636
-0.553
-0.695
-0.781
-0.747
-0.564
-0.728
-0.529
-0.499
-0.546
-0.542
-0.525
-0.532
-0.495
-0.585
-0.496
-0.5
-0.658
-0.455
-0.547
-0.447
-0.418
-0.398
-0.573
-0.207
-0.5
-0.355
-0.43
-0.506
-0.534
-0.397
-0.422
-0.354
-0.335
-0.359
-0.361
-0.467
-0.52
-0.423
-0.284
-0.33
-0.359
-0.381
-0.528
-0.455
-0.515
-0.526
-0.447
-0.631
-0.258
-0.416
-0.707
-0.565
-0.522
-0.411
-0.38
-0.486
-0.522
-0.47
-0.466
-0.439
-0.395
-0.428
-0.358
-0.456
-0.426
-0.478
-0.322
-0.537
-0.463
-0.428
-0.526
-0.565
-0.588
-0.501
-0.627
-0.62
-0.633
-0.55
-0.529
-0.489
-0.444
-0.485
-0.463
-0.359
-0.384
-0.399
-0.357
-0.557
-0.573
-0.559
-0.434
-0.402
-0.491
-0.446
-0.544
-0.513
-0.577
-0.379
-0.529
-0.479
-0.378
-0.491
-0.598
-0.481
-0.391
-0.486
-0.351
-0.453
-0.72
-0.514
-0.455
-0.5
-0.468
-0.496
-0.417
-0.429
-0.394
-0.511
-0.456
-0.446
-0.727
-0.704
-0.552
-0.693
-0.594
-0.786
-0.6
-0.616
-0.733
-0.478
-0.568
-0.539
-0.676
-0.64
-0.702
-0.539
-0.679
-0.818
-0.636
-0.809
-0.521
