-133.49
-118.39
-128.21
-129.76
-124.42
-128.58
-130.6
-137.03
-121.11
-131.61
-137.58
-132.61
-141.91
-126.87
-136.91
-145.26
-133.43
-121.44
-141.18
-152.85
-143.57
-130.63
-129.44
-131.88
-144.75
-126.3
-124.75
-126.22
-125.13
-140.75
-121.52
-131.12
-120.98
-122.79
-125.69
-121.73
-132.12
-129.97
-133.03
-132.7
-125.48
-132.91
-144.28
-134.2
-131.49
-132.07
-122.72
-130.57
-127.73
-133.48
-129.77
-133.37
-142.18
-126.89
-125.23
-122.46
-140.34
-143.11
-133.83
-138.8
-134.85
-134.33
-143.4
-132.22
-142.71
-136.46
-141.2
-133.6
-129.23
-132.27
-126.92
-136.01
-123.09
-125.07
-121.38
-135.36
-135.31
-125.15
-122.4
-136.54
-125.26
-127.59
-126.66
-124.36
-125.88
-138.21
-123.22
-125.77
-129.68
-121.8
-132.6
-137.27
-127.5
-126.9
-127.69
-125.35
-133.94
-125.89
-130.65
-136.17
-124.73
-129.75
-124.05
-124.33
-139.66
-150.32
-136.67
-130.93
-135.62
-130.52
-144.96
-141.48
-140.12
-140.87
-144.33
-126.48
-132.15
-121.56
-123.75
-126.28
-135.88
-142.35
-150.42
-139.24
-138.43
-150.58
-138.91
-137.49
-132.7
-129.66
-149.46
-151.79
-142.78
-146.55
-125.39
-136.73
-124.62
-120.53
-130.62
-125.21
-116.38
-129.89
-136.17
-141.88
-142.88
-125.18
-138.52
-142.63
-150.75
-140.03
