-698.196
-709.66
-745.307
-704.191
-738.818
-732.822
-723.87
-765.13
-736.748
-726.267
-751.742
-750.307
-715.201
-676.654
-749.282
-740.875
-756.753
-741.612
-698.578
-750.531
-721.117
-742.711
-748.416
-725.064
-687.472
-730.854
-693.484
-699.827
-718.476
-714.716
-749.542
-652.2
-716.755
-744.69
-772.982
-681.382
-727.507
-767.962
-714.426
-733.877
-769.354
-737.288
-732.801
-728.294
-685.464
-750.842
-699.494
-684.315
-717.219
-676.263
-749.392
-683.259
-791.847
-678.007
-623.045
-694.732
-701.223
-727.341
-684.934
-678.057
-758.465
-761.116
-779.445
-753.467
-724.752
-763.02
-751.339
-745.935
-753.202
-741.537
-759.643
-727.435
-699.139
-686.195
-717.308
-676.186
-657.483
-662.068
-716.147
-758.375
-741.101
-720.385
-731.112
-682.098
-719.408
-722.366
-705.467
-720.659
-737.988
-781.877
-711.677
-762.977
-793.038
-750.675
-748.18
-686.923
-691.968
-702.25
-730.589
-781.376
-786.058
-741.105
-751.06
-720.094
-679.554
-693.672
-771.156
-693.415
-698.258
-712.04
-714.649
-745.21
-742.496
-728.695
-760.518
-715.028
-717.469
-721.415
-752.035
-709.444
-714.027
-707.441
-691.468
-685.045
-682.159
-677.836
-778.107
-678.36
-676.491
-722.071
-689.49
-687.638
-679.682
-699.701
-651.113
-619.41
-693.313
-697.806
-715.762
-675.256
-682.68
-639.282
-700.569
-643.725
-647.312
-662.694
-713.32
-680.699
-720.008
-723.457
-662.93
-713.64
-663.278
-719.171
-778.408
-787.785
-714.248
-699.99
-760.472
-722.948
-771.754
-729.925
-742.735
-737.169
-739.75
-713.992
-774.421
-659.119
-721.91
-704.141
-697.894
-772.134
-737.799
-759.613
-760.516
-796.357
-770.658
-720.216
-742.475
-788.431
-758.805
-781.47
-777.278
-813.996
-704.423
-759.423
-744.053
-723.765
-722.813
-652.091
-662.538
-726.801
-760.545
-725.464
-776.234
-750.149
-763.124
-793.653
-761.553
-757.424
-763.08
-776.682
-779.783
-806.537
-812.023
-856.472
-789.664
-810.13
-813.833
-782.855
-690.611
-738.635
-727.255
-738.383
-752.29
-794.551
-833.247
-824.368
-790.252
-776.358
-782.931
-772.689
-733.227
-717.827
-756.395
-756.978
-742.212
-756.481
-747.499
-751.301
-729.79
-730.19
-696.708
-739.542
-758.355
-723.13
-684.906
-685.183
-676.737
-718.024
-705.971
-722.069
-682.941
-676.662
-733.763
-671.273
-644.798
-714.427
-714.71
-739.794
-734.633
-729.237
-790.877
-729.328
-733.818
-764.461
-744.987
-734.907
-762.156
-742.925
-751.887
-745.421
-700.415
-733.113
-670.279
-732.512
-749.808
-696.685
-721.633
-723.525
-746.802
-732.287
-761.231
-712.821
-717.204
-752.343
-780.405
-762.204
-782.667
-744.666
-758.941
-825.248
-757.56
-797.235
-760.046
-740.432
-751.726
-735.684
-763.297
-715.347
-768.896
-755.353
-773.018
-839.264
-813.379
-787.599
-750.088
-787.805
-814.167
-768.778
-752.054
-734.826
-756.593
-739.79
-695.651
-631.739
-710.222
-705.388
-724.464
-738.41
-743.153
-792.052
-776.067
-718.873
-795.657
-775.072
-749.977
-761.411
-788.998
-728.125
-759.069
-763.025
-719.765
-768.444
-741.922
-676.086
-724.146
-672.246
-656.415
-689.678
-699.467
-656.745
-670.844
-650.489
-681.529
-680.87
-682.313
-659.879
-652.88
-683.693
-700.377
-668.685
-665.007
-697.826
-703.172
-693.567
-742.465
-779.189
-749.553
-680.732
-712.052
-765.54
-693.244
-782.948
-779.68
-732.302
-752.888
-786.704
-729.658
-671.82
-756.325
-678.904
-706.889
-679.762
-667.176
-742.753
-688.076
-650.02
-690.336
-703.33
-677.871
-672.861
-701.604
-730.878
-750.138
-721.322
-669.78
-664.04
-649.913
-727.287
-708.892
-659.099
-713.321
-652.965
-707.053
-743.273
-730.864
-698.905
-664.888
-707.977
-672.108
-692.881
-726.01
-709.758
-635.501
-691.933
-718.585
-737.588
-650.304
-655.371
-715.888
-690.429
-665.764
-671.485
-700.484
-665.937
-678.736
-712.462
-658.495
-663.77
-659.572
-606.456
-653.873
-648.772
-633.344
-691.281
-657.367
-682.305
-647.891
-675.665
-693.043
-644.043
-646.972
-687.614
-601.752
-610.889
-576.345
-661.793
-626.397
-695.154
-744.847
-739.198
-727.693
-750.101
-780.177
-744.778
-647.974
-722.261
-639.49
-709.527
-719.557
-746.081
-764.829
-761.994
-751.118
-758.915
-760.916
-754.367
-714.115
-732.454
-776.813
