-118.87
-111.73
-124.74
-121.07
-123.37
-115.8
-115.04
-124.91
-127.79
-126.11
-114.87
-119.77
-122.26
-107.64
-124.93
-118.38
-114.89
-117.92
-107.5
-121.73
-114.31
-130.18
-111.05
-114.21
-115.86
-120.6
-118.18
-109.62
-128.47
-130.61
-118.3
-115.1
-113.28
-115.38
-130.45
-117.94
-120.96
-126.54
-121.5
-117.2
-117.43
-115.6
-115.84
-118.6
-108.43
-119.44
-114.81
-110.35
-119.37
-116.91
-105.26
-113.62
-112.76
-114.46
-114.94
-120.08
-112.25
-111.27
-111.42
-106.4
-118.96
-106.96
-111.87
-108.56
-114.15
-115.58
-115.16
-100.1
-118.98
-128.16
-122.15
-121.53
-114.7
-119.06
-131.84
-118.78
-112.12
-113.04
-108.69
-112.25
-110.14
-112.34
-109.91
-110.74
-117.24
-113.31
-119.36
-123.08
-120.03
-114.82
-116.76
-124.55
-125.34
-128.65
-119.67
-117.48
-110.94
-118.45
-128.31
-114.94
-115.25
-121.86
-120.89
-119.07
-112.33
-110.51
-112.72
-117.1
-111.71
-106.87
-111.57
-117.71
-121.42
-122.15
-124.01
-117.93
-117.59
-111.06
-109.7
-132.49
-116.95
-116.76
-114.34
-95.81
-114.37
-123.86
-122.27
-118.06
-104.42
-118.39
-109.35
-108.35
-113.8
-106.19
-114.95
-121.89
-112.39
-116.18
-120.59
-115.71
-117.17
-109.18
-114.65
-110.72
-106.23
-114.11
-114.93
-114.75
-104.46
-120.05
-114.34
-107.5
-106.67
-111.16
-115.37
-126.98
-114.63
-111.26
-118.54
-117.65
-116.76
-127.34
-129.57
-129.49
-126.47
-119.88
-122.44
-120.31
-120.84
-122.89
-121.8
-124.61
-120.74
-123.33
-126.18
-139.07
-116.96
-120.9
-119.28
-118.64
-136.68
-132.34
-130.18
-129.69
-118.71
-123.76
-119.82
-110.39
-114.87
-116.86
-113.61
-119.33
-126.32
-116.4
-126.45
-117.61
-124.31
-126.11
-124.95
-130.28
-129.51
-128.09
-136.15
-116.82
-131.44
-123.97
-134.45
-131.07
-136.34
-124.22
-124.07
-128.29
-113.65
-134.24
-122.84
-127.62
-121.57
-127.59
-133.97
-125.13
-126.4
-126.54
-120.49
-119.04
-131.35
-112.72
-118.93
-121.08
-126.83
-120.95
-118.79
-120.15
-125.44
-125.19
-126.54
-120.82
-122.13
-122.13
-122.19
-127.01
-116.69
-112.0
-115.83
-112.29
-109.47
-104.98
-108.35
-115.56
-119.55
-125.72
-110.51
-109.07
-115.25
-118.61
-120.66
-142.06
-115.64
-112.94
-112.2
-121.63
-120.52
-127.58
-122.15
-119.13
-119.71
-119.18
-113.69
-109.33
-113.28
-116.42
-128.77
-128.83
-120.91
-116.58
-127.48
-131.06
-125.98
-124.17
-127.65
-120.49
-139.24
-139.34
-129.77
-126.44
-121.0
-121.45
-126.55
-123.46
-138.0
-124.9
-125.52
-127.94
-129.5
-125.65
-138.77
-128.72
-130.8
-120.08
-138.33
-129.63
-131.03
-117.43
-127.01
-124.53
-122.74
-116.75
-127.63
-116.06
-120.31
-133.77
-122.64
-123.45
-128.16
-127.12
-127.57
-130.7
-108.55
-124.93
-126.41
-124.31
-116.42
-132.01
-116.1
-122.4
-122.93
-104.08
-126.72
-112.86
-111.59
-107.29
-102.71
-96.92
-104.39
-110.36
-114.03
-109.73
-102.05
-103.63
-109.11
-102.42
-109.86
-108.52
-106.46
-104.86
-111.33
-124.72
-124.82
-126.03
-124.57
-119.59
-116.47
-121.24
-123.88
-104.89
-125.72
-115.48
-131.07
-127.07
-114.23
-117.32
-122.39
-111.56
-118.75
-110.2
-107.53
-114.91
-120.29
-115.28
-113.54
-112.93
-106.44
-103.39
-112.17
-122.64
-122.54
-110.97
-115.19
-118.04
-111.82
-115.31
-110.82
-114.89
-114.53
-114.06
-123.95
-116.32
-111.87
-118.17
-119.51
-116.55
-112.84
-110.72
-116.18
-120.74
-103.32
-115.78
-116.38
-114.83
-115.56
-107.42
-119.78
-119.13
-114.39
-105.36
-110.65
-109.35
-120.64
-108.11
-106.83
-105.33
-103.93
-81.98
-101.31
-102.96
-102.46
-109.73
-100.5
-105.14
-103.28
-96.81
-107.7
-102.49
-106.76
-98.11
-91.0
-91.12
-83.87
-107.3
-109.53
-116.92
-116.25
-113.85
-110.24
-109.58
-117.26
-112.92
-117.62
-108.44
-116.09
-119.16
-116.94
-117.05
-128.58
-126.53
-116.89
-119.92
-121.18
-122.24
-129.34
-117.89
-117.04
