-130.26
-118.27
-128.97
-128.86
-122.44
-124.77
-131.96
-125.66
-122.2
-110.33
-133.18
-124.22
-120.52
-121.13
-152.22
-128.6
-142.53
-158.15
-159.83
-130.95
-137.46
-130.9
-128.92
-125.29
-118.09
-122.73
-120.06
-124.43
-117.49
-116.45
-125.47
-122.97
-128.39
-122.42
-126.15
-126.38
-137.77
-139.09
-119.94
-130.28
-118.87
-123.52
-120.4
-121.87
-127.93
-117.03
-132.64
-127.12
-135.32
-118.7
-123.67
-130.89
-124.79
-131.5
-118.94
-120.24
-124.98
-138.16
-137.01
-135.43
-122.0
-134.79
-133.84
-133.79
-131.92
-143.03
-141.04
-134.1
-140.25
-155.37
-145.94
-139.86
-139.12
-143.48
-143.39
-134.92
-127.57
-124.19
-142.9
-137.81
-128.77
-114.55
-129.59
-127.7
-131.02
-129.84
-130.71
-124.41
-132.17
-145.53
-123.75
-136.37
-141.78
-141.37
-117.82
-128.62
-117.17
-128.5
-129.26
-142.22
-135.16
-140.33
-126.52
-129.37
-114.67
-129.44
-127.13
-104.54
-124.49
-141.67
-133.11
-136.1
-125.06
-114.8
-120.69
-123.2
-124.85
-121.6
-136.06
-134.88
-120.99
-135.8
-131.34
-118.45
-124.15
-131.02
-126.97
-116.59
-141.87
-124.25
-114.07
-127.12
-116.49
-129.82
-123.99
-137.87
-117.26
-117.21
-121.42
-130.79
-124.23
-126.59
-121.97
-132.34
-119.08
-114.19
-117.21
-99.13
-115.89
-109.51
