-743.724
-710.691
-709.369
-751.008
-730.512
-720.821
-753.909
-696.994
-742.916
-694.486
-703.188
-733.388
-703.288
-735.099
-738.467
-714.332
-759.522
-779.907
-695.236
-708.553
-717.577
-671.85
-709.306
-769.195
-693.456
-741.091
-734.386
-720.628
-747.803
-679.269
-721.102
-660.641
-653.725
-695.492
-711.064
-706.406
-703.715
-667.614
-708.619
-747.655
-669.19
-700.706
-716.729
-743.676
-747.806
-729.809
-710.25
-729.095
-734.614
-749.971
-714.742
-678.341
-722.135
-724.236
-704.309
-720.216
-758.387
-716.019
-689.048
-710.086
-759.643
-737.738
-747.17
-710.824
-777.443
-750.2
-783.275
-797.593
-804.573
-800.833
-721.319
-694.052
-656.381
-668.463
-687.176
-717.375
-691.82
-699.812
-642.455
-693.377
-762.959
-727.648
-723.783
-716.201
-669.544
-710.029
-729.648
-728.783
-689.071
-698.292
-736.842
-702.322
-731.0
-706.003
-736.295
-732.74
-763.212
-704.713
-697.881
-721.331
-695.802
-735.017
-737.166
-729.666
-704.672
-727.84
-725.778
-749.388
-715.603
-775.143
-738.272
-747.012
-733.562
-769.408
-720.025
-766.777
-760.062
-804.556
-795.715
-840.526
-805.086
-810.634
-788.219
-829.268
-738.775
-744.019
-730.006
-742.778
-795.624
-776.862
-731.769
-687.329
-747.51
-760.721
-691.766
-744.075
-757.044
-828.743
-774.815
-805.657
-734.322
-770.853
-816.024
-785.778
-668.189
-774.918
-734.829
-774.766
-750.101
-749.241
-788.099
-771.531
-753.788
-739.458
-705.677
-766.061
-714.738
-705.679
-740.69
-720.679
-755.524
-746.448
-705.769
-705.05
-719.426
-702.699
-718.875
-724.078
-749.429
-723.24
-710.19
-756.411
-737.305
-677.723
-743.889
-770.501
-713.829
-708.077
-732.094
-727.876
-723.899
-734.857
-708.403
-707.873
-727.951
-727.717
-663.476
-693.361
-675.787
-719.802
-716.256
-736.42
-693.447
-721.631
-696.848
-640.561
-666.428
-634.609
-713.794
-665.418
-724.759
-731.994
-765.246
-724.761
-758.255
-755.172
-746.912
-733.41
-703.221
-725.048
-722.968
-676.943
-743.387
-713.876
-708.97
-753.592
-713.848
-785.053
-735.098
-687.687
-762.486
-761.497
-829.426
-780.564
-748.637
-710.431
-749.027
-764.626
-765.048
-720.557
-691.245
-741.779
-742.534
-757.642
-729.773
-748.973
-735.866
-717.201
-755.54
-728.519
-787.013
-760.015
-750.325
-675.963
-741.494
-781.829
-763.663
-749.134
-767.828
-785.012
-736.017
-750.968
-728.836
-733.742
-746.048
-761.817
-705.718
-793.678
-761.966
-721.831
-717.435
-751.7
-702.697
-710.073
-656.149
-699.962
-715.753
-687.487
-714.403
-681.892
-679.371
-658.514
-665.561
-656.12
-709.974
-702.467
-710.338
-659.079
-708.446
-659.357
-652.231
-711.173
-635.398
-636.951
-625.19
-626.726
-735.376
-663.814
-665.598
-661.944
-680.252
-671.092
-669.791
-720.54
-697.23
-731.92
-663.691
-695.869
-708.336
-696.701
-698.051
-576.894
-708.685
-716.967
-699.535
-675.519
-712.264
-692.621
-707.737
-693.718
-695.318
-692.853
-727.972
-677.022
-694.529
-693.907
-674.196
-697.472
-668.843
-712.098
-688.38
-673.51
-749.479
-674.408
-746.821
-679.298
-702.116
-713.564
-685.104
-744.466
-643.176
-708.05
-734.352
-743.461
-697.142
-639.781
-667.558
-706.879
-736.1
-720.055
-699.538
-710.999
-709.106
-723.475
-718.823
-679.514
-766.675
-690.958
-706.942
-703.334
-678.849
-725.61
-707.493
-737.445
-700.665
-637.908
-686.275
-660.091
-688.501
-693.23
-648.415
-699.474
-671.207
-670.192
-692.56
-702.173
-672.96
-659.211
-687.431
-681.333
-727.958
-676.837
-643.128
-653.751
-695.172
-718.393
-679.909
-651.261
-647.84
-633.464
-575.409
-689.887
-684.718
-656.953
-690.954
-693.199
-601.478
-657.596
-681.668
-636.174
-687.926
-621.559
-610.925
-667.624
-664.058
-620.521
-672.747
-644.462
-667.821
-726.285
-690.283
-659.053
-636.438
-624.346
-623.854
-582.14
-631.722
-607.414
-672.875
-639.086
-615.596
-627.556
-655.131
-620.388
-638.101
-645.951
-628.95
-636.212
-626.064
-629.281
-620.06
-607.848
-661.847
-638.289
-641.118
-631.022
-679.234
-679.369
-740.292
-749.01
-785.345
-716.419
-714.577
-729.217
-721.223
-660.518
-750.539
-730.356
-724.072
-740.017
-701.008
-709.489
-722.972
-732.636
-704.46
-712.561
-741.935
-700.077
-752.566
-766.515
-731.803
