-0.383
-0.553
-0.585
-0.522
-0.475
-0.392
-0.633
-0.362
-0.573
-0.466
-0.364
-0.556
-0.402
-0.417
-0.588
-0.554
-0.651
-0.587
-0.636
-0.576
-0.522
-0.508
-0.399
-0.485
-0.424
-0.425
-0.484
-0.535
-0.676
-0.545
-0.682
-0.453
-0.531
-0.388
-0.424
-0.599
-0.672
-0.672
-0.535
-0.508
-0.353
-0.531
-0.45
-0.514
-0.651
-0.485
-0.528
-0.461
-0.612
-0.492
-0.341
-0.36
-0.477
-0.557
-0.524
-0.506
-0.465
-0.536
-0.567
-0.604
-0.349
-0.468
-0.524
-0.412
-0.605
-0.581
-0.635
-0.605
-0.596
-0.716
-0.565
-0.424
-0.572
-0.502
-0.484
-0.586
-0.527
-0.444
-0.61
-0.51
-0.65
-0.546
-0.456
-0.457
-0.667
-0.558
-0.513
-0.653
-0.537
-0.593
-0.638
-0.426
-0.39
-0.554
-0.554
-0.529
-0.574
-0.635
-0.727
-0.641
-0.63
-0.614
-0.558
-0.749
-0.78
-0.727
-0.653
-0.569
-0.672
-0.806
-0.514
-0.663
-0.67
-0.464
-0.608
-0.674
-0.744
-0.517
-0.635
-0.728
-0.718
-0.786
-0.577
-0.733
-0.604
-0.618
-0.575
-0.528
-0.584
-0.674
-0.505
-0.65
-0.578
-0.567
-0.797
-0.663
-0.679
-0.672
-0.502
-0.601
-0.665
-0.513
-0.663
-0.513
-0.504
-0.538
-0.628
-0.674
-0.6
-0.571
-0.516
-0.708
-0.582
-0.459
-0.651
-0.583
-0.571
-0.5
-0.584
-0.436
-0.585
-0.56
-0.596
-0.418
-0.314
-0.493
-0.43
-0.432
-0.502
-0.434
-0.408
-0.426
-0.451
-0.54
-0.493
-0.454
-0.507
-0.407
-0.576
-0.421
-0.478
-0.365
-0.328
-0.42
-0.368
-0.505
-0.541
-0.681
-0.359
-0.471
-0.473
-0.612
-0.398
-0.585
-0.548
-0.44
-0.421
-0.275
-0.322
-0.374
-0.414
-0.402
-0.471
-0.522
-0.535
-0.407
-0.589
-0.441
-0.515
-0.371
-0.471
-0.587
-0.4
-0.547
-0.456
-0.481
-0.539
-0.485
-0.637
-0.637
-0.689
-0.395
-0.489
-0.504
-0.656
-0.577
-0.441
-0.378
-0.427
-0.444
-0.366
-0.414
-0.436
-0.53
-0.43
-0.401
-0.703
-0.468
-0.579
-0.536
-0.475
-0.45
-0.539
-0.439
-0.746
-0.546
-0.546
-0.56
-0.622
-0.523
-0.433
-0.563
-0.462
-0.45
-0.557
-0.447
-0.525
-0.549
-0.758
-0.652
-0.65
-0.642
-0.524
-0.463
-0.537
-0.611
-0.51
-0.563
-0.445
-0.503
-0.325
-0.53
-0.514
-0.472
-0.463
-0.626
-0.536
-0.419
-0.557
-0.623
-0.484
-0.482
-0.546
-0.562
-0.387
-0.489
-0.655
-0.563
-0.447
-0.43
-0.511
-0.61
-0.464
-0.575
-0.313
-0.429
-0.563
-0.612
-0.549
-0.54
-0.597
-0.495
-0.551
-0.459
-0.656
-0.452
-0.512
-0.508
-0.511
-0.45
-0.499
-0.522
-0.505
-0.434
-0.421
-0.515
-0.478
-0.6
-0.545
-0.671
-0.581
-0.433
-0.434
-0.504
-0.592
-0.45
-0.284
-0.312
-0.542
-0.464
-0.347
-0.497
-0.317
-0.408
-0.326
-0.444
-0.43
-0.473
-0.578
-0.501
-0.334
-0.49
-0.625
-0.491
-0.585
-0.499
-0.42
-0.465
-0.357
-0.273
-0.308
-0.604
-0.497
-0.547
-0.461
-0.398
-0.398
-0.428
-0.407
-0.366
-0.301
-0.355
-0.177
-0.33
-0.43
-0.405
-0.448
-0.478
-0.598
-0.543
-0.445
-0.43
-0.408
-0.453
-0.425
-0.374
-0.534
-0.486
-0.521
-0.456
-0.486
-0.592
-0.61
-0.519
-0.587
-0.542
-0.419
-0.421
-0.458
-0.609
-0.442
-0.385
-0.379
-0.481
-0.347
-0.287
-0.297
-0.337
-0.483
-0.539
-0.407
-0.437
-0.341
-0.345
-0.408
-0.208
-0.4
-0.38
-0.469
-0.452
-0.462
-0.546
-0.344
-0.331
-0.335
-0.421
-0.503
-0.463
-0.42
-0.385
-0.513
-0.41
-0.322
-0.346
-0.327
-0.447
-0.315
-0.372
-0.511
-0.306
-0.402
-0.394
-0.396
-0.463
-0.473
-0.31
-0.401
-0.404
-0.306
-0.463
-0.311
-0.227
-0.418
-0.467
-0.394
-0.589
-0.395
-0.312
-0.326
-0.317
-0.313
