-124.87
-120.88
-120.41
-120.19
-121.33
-121.03
-133.16
-113.48
-121.5
-122.2
-121.76
-124.71
-115.51
-125.51
-122.95
-115.3
-127.18
-128.12
-122.88
-122.12
-115.46
-111.95
-114.63
-122.96
-120.7
-124.67
-129.83
-117.94
-130.03
-119.18
-123.09
-120.17
-111.19
-121.28
-118.3
-119.71
-117.64
-113.5
-114.32
-115.04
-112.9
-123.64
-120.84
-115.05
-117.23
-116.89
-113.37
-118.2
-122.82
-118.59
-116.29
-121.1
-118.62
-120.1
-114.37
-121.06
-118.26
-119.28
-123.45
-116.48
-121.55
-115.6
-122.81
-117.22
-125.27
-112.83
-119.77
-126.02
-133.8
-125.59
-121.97
-121.59
-123.86
-120.11
-118.49
-118.72
-109.89
-120.61
-115.64
-118.38
-115.12
-120.3
-117.65
-109.2
-120.91
-114.07
-124.13
-132.22
-123.54
-119.34
-118.11
-113.57
-112.86
-115.52
-115.73
-101.9
-117.13
-115.22
-124.2
-121.37
-116.15
-125.06
-110.55
-126.07
-112.87
-116.92
-120.24
-125.03
-124.27
-117.01
-119.56
-122.17
-127.23
-124.61
-123.38
-123.73
-115.53
-131.66
-126.75
-132.17
-122.29
-123.44
-125.48
-130.38
-115.19
-118.84
-106.63
-116.72
-131.19
-118.19
-117.31
-113.79
-114.92
-116.88
-120.36
-120.42
-131.13
-123.4
-128.57
-131.88
-124.13
-127.76
-135.51
-126.86
-122.1
-119.3
-124.94
-118.83
-125.19
-125.22
-124.66
-123.47
-130.99
-115.6
-118.09
-119.74
-116.67
-107.13
-116.63
-115.13
-119.62
-119.14
-115.39
-120.7
-113.75
-115.53
-130.39
-121.33
-119.76
-124.56
-119.53
-120.88
-129.79
-120.76
-119.21
-116.81
-119.12
-109.94
-127.14
-118.54
-116.42
-118.67
-126.17
-118.92
-114.67
-127.75
-116.17
-113.53
-110.67
-123.45
-114.78
-121.78
-113.34
-113.07
-118.35
-114.54
-113.0
-101.51
-110.94
-110.65
-112.67
-118.82
-116.21
-119.09
-114.89
-121.98
-127.56
-120.94
-124.98
-118.66
-121.92
-126.27
-121.84
-131.56
-127.56
-122.2
-124.97
-122.5
-127.2
-122.85
-129.01
-131.61
-132.84
-126.45
-128.7
-131.35
-129.85
-126.07
-132.55
-123.95
-124.41
-116.42
-125.72
-128.33
-132.14
-124.29
-124.46
-115.06
-124.32
-127.85
-126.93
-120.04
-117.6
-110.95
-116.8
-129.37
-127.99
-124.81
-136.47
-120.24
-113.79
-125.0
-117.27
-122.85
-117.19
-125.55
-113.89
-123.43
-131.91
-128.66
-120.49
-120.46
-101.6
-112.72
-112.86
-122.22
-119.23
-113.35
-123.95
-121.5
-119.85
-119.54
-119.03
-113.98
-124.01
-118.54
-113.25
-116.69
-122.11
-117.35
-115.97
-113.29
-118.29
-120.92
-120.06
-116.46
-118.33
-117.47
-110.17
-112.41
-117.71
-115.79
-109.51
-125.28
-116.21
-117.62
-118.05
-129.0
-115.64
-116.43
-114.99
-110.38
-117.5
-123.41
-119.79
-113.21
-111.89
-118.04
-118.96
-115.82
-113.59
-107.36
-116.57
-114.57
-120.12
-113.08
-118.95
-122.73
-122.04
-125.74
-117.29
-118.45
-124.14
-114.41
-119.33
-107.12
-109.72
-121.18
-123.35
-116.38
-112.58
-115.8
-113.75
-126.89
-117.89
-125.21
-121.49
-119.04
-121.5
-113.94
-110.55
-118.62
-126.09
-125.04
-118.86
-111.37
-118.04
-113.55
-114.47
-109.11
-117.92
-127.43
-107.76
-118.5
-115.83
-105.99
-110.5
-117.34
-106.7
-104.87
-113.53
-115.65
-118.49
-112.54
-114.9
-112.84
-118.66
-113.77
-110.35
-106.31
-104.01
-107.57
-92.53
-109.47
-114.75
-106.0
-108.96
-98.99
-99.6
-94.88
-108.21
-109.1
-112.68
-108.72
-108.99
-103.32
-96.75
-114.11
-105.66
-111.28
-107.72
-106.04
-108.53
-113.54
-104.71
-105.26
-103.49
-101.43
-103.83
-108.19
-99.13
-101.14
-98.69
-107.24
-102.12
-88.52
-99.63
-99.55
-104.64
-104.7
-101.59
-91.84
-99.31
-93.62
-98.46
-107.76
-104.38
-94.33
-104.64
-103.32
-95.3
-103.84
-108.73
-96.26
-111.59
-115.62
-101.85
-110.37
-110.48
-115.95
-122.21
-116.0
-111.43
-121.52
-119.38
-105.85
-117.62
-120.14
-114.76
-119.26
-92.15
-112.68
-114.31
-121.0
-119.64
-121.6
-114.54
-116.73
-109.99
-114.55
-117.01
