-46.87
-47.46
-46.52
-42.36
-47.77
-45.25
-45.15
-49.47
-44.91
-43.88
-43.15
-37.69
-45.28
-49.78
-41.07
-44.57
-46.06
-46.01
-48.23
-40.85
-48.88
-41.47
-52.5
-45.18
-49.16
-50.31
-42.19
-49.76
-47.26
-50.77
-43.82
-34.46
-45.46
-51.9
-43.2
-45.64
-46.9
-44.75
-45.74
-40.16
-41.72
-38.37
-41.21
-39.86
-49.55
-43.55
-46.15
-40.17
-42.77
-45.57
-47.39
-49.03
-44.02
-45.14
-44.16
-42.11
-38.65
-33.26
-29.32
-31.96
-42.71
-42.98
-39.03
-37.41
-45.85
-48.88
-49.44
-50.24
-53.97
-49.52
-53.03
-51.63
-53.32
-52.73
-50.67
-48.14
-49.14
-40.18
-44.11
-47.64
-48.19
-48.72
-50.3
-52.44
-49.09
-46.86
-42.85
-54.17
-47.3
-49.13
-47.45
-43.37
-43.68
-48.9
-40.51
-44.19
-45.43
-41.74
-42.96
-42.27
-46.82
-43.99
-46.58
-44.15
-45.06
-41.25
-42.31
-46.03
-42.72
-37.98
-36.08
-39.11
-45.73
-47.12
-43.1
-41.75
-46.19
-41.11
-37.98
-45.03
-47.43
-41.79
-46.9
-45.85
-46.43
-46.71
-49.16
-46.48
-46.0
-44.71
-50.67
-48.33
-41.63
-42.22
-42.73
-43.7
-45.29
-46.86
-47.3
-44.13
-39.57
-45.43
-47.16
-46.37
-51.18
-52.94
-42.14
-48.53
-50.77
-47.33
-47.87
-55.57
-54.1
-50.92
-50.44
-46.83
-52.68
-52.19
-48.54
-53.68
-47.78
-54.9
-56.48
-54.03
-53.8
-53.32
-55.32
-55.8
-51.34
-47.3
-51.91
-47.52
-45.06
-48.09
-50.57
-53.23
-44.26
-48.94
-46.95
-47.79
-46.81
-42.7
-39.32
-44.38
-49.3
-51.55
-47.02
-44.72
-39.14
-46.5
-49.7
-43.14
-42.73
-45.48
-46.47
-43.35
-52.25
-41.51
-52.2
-45.1
-46.77
-51.77
-48.38
-50.6
-54.18
-49.81
-54.28
-46.7
-47.3
-46.71
-44.54
-45.4
-45.41
-51.3
-44.03
-36.66
-44.67
-48.26
-41.52
-42.49
-39.81
-44.51
-48.44
-41.33
-48.82
-48.54
-55.17
-55.31
-45.47
-53.3
-54.51
-55.66
-53.27
-58.7
-54.4
-57.51
-48.35
-46.88
-40.56
-43.67
-47.62
-48.25
-49.3
-50.8
-52.28
-45.1
-54.32
-42.1
-50.18
-46.42
-50.15
-61.85
-58.48
-58.64
-60.67
-60.5
-65.32
-61.21
-59.29
-58.39
-63.64
-62.43
-61.37
-60.74
-54.67
-56.25
-60.74
-60.65
-61.43
-54.17
-59.42
-64.37
-61.27
-62.86
-60.21
-53.45
-59.85
-53.47
-56.21
-60.08
-64.06
-61.76
-59.05
-63.55
-67.42
-63.84
-59.31
-63.89
-69.64
-62.6
-67.25
-69.01
-64.67
-65.45
-64.69
-56.12
-57.59
-63.29
-64.92
-58.44
-56.61
-68.21
-56.65
-61.7
-64.03
-58.43
-63.35
-59.21
-62.33
-63.54
-67.57
-69.84
-68.27
-64.08
-63.47
-59.87
-63.92
-62.66
-64.3
-59.62
-58.43
-60.2
-55.31
-58.81
-65.2
-68.8
-66.1
-62.81
-60.04
-69.64
-59.98
-70.79
-65.39
-69.15
-62.11
-62.84
-59.05
-62.39
-61.48
-63.06
-65.22
-65.47
-69.18
-66.85
-67.97
-67.1
-65.01
-65.45
-64.09
-63.55
-63.41
-60.78
-71.86
-69.78
-68.04
-65.72
-65.1
-65.21
-63.21
-58.21
-65.85
-65.78
-70.08
-56.69
-58.96
-64.68
-62.3
-58.04
-63.2
-61.47
-67.07
-66.08
-61.98
-57.75
-59.86
-56.84
-59.96
-60.26
-68.82
-57.59
-58.97
-67.85
-53.62
-57.77
-56.19
-60.83
-64.15
-61.56
-67.9
-58.27
-62.57
-60.74
-63.55
-64.89
-66.59
-60.26
-65.14
-63.83
-64.54
-57.73
-67.48
-52.92
-57.93
-53.48
-61.44
-54.22
-58.06
-61.22
-59.2
-51.89
-58.27
-58.54
-47.85
-63.24
-66.15
-58.41
-61.99
-56.6
-54.3
-65.17
-59.36
-60.64
-68.49
-63.28
-58.6
-62.16
-64.93
-69.88
-59.01
-59.39
-59.74
-52.38
-59.35
-57.69
-53.83
-55.24
-61.45
-62.33
-54.07
-57.82
-53.6
-52.7
-58.38
-59.95
-51.96
-55.82
-53.79
-64.6
-53.52
-54.36
-54.71
-55.23
-60.84
-57.0
-54.46
-55.27
-60.64
-60.39
-53.31
-52.55
-60.54
-59.98
-59.4
-52.33
-56.04
-58.12
-62.56
-64.26
-62.46
-59.76
-60.46
-56.14
-59.29
-53.41
-61.04
-55.1
-50.85
-52.7
-60.26
-59.25
-57.22
-55.2
-48.94
-60.16
-58.8
-58.39
-55.16
-52.44
-53.5
-54.1
-60.45
-58.73
-64.11
-58.63
-47.4
-61.77
-61.46
-57.57
-58.8
-55.78
-57.63
-57.68
-54.87
-55.82
-61.0
-54.84
-56.36
-52.06
-57.89
-61.59
-59.72
-57.51
-63.57
-55.55
-55.33
-62.43
-63.8
-60.1
-55.61
-61.01
-63.17
-60.42
-58.54
-61.81
-62.44
-60.94
-63.82
-57.12
-59.24
-60.52
-63.77
-58.54
-60.19
-58.43
-58.59
-62.91
-56.67
-61.9
-55.63
-59.39
-59.43
-60.79
-48.82
-56.04
-60.35
-55.78
-61.26
-57.28
-59.23
-61.26
-61.09
-61.66
-63.89
-64.58
-64.25
-56.62
-61.56
-66.35
-60.58
-60.31
-61.13
-57.14
-62.99
-62.16
-59.29
-59.61
-53.22
-54.74
-61.61
-58.16
-56.72
-66.88
-61.81
-60.13
-60.18
-55.1
-58.61
-55.52
-58.67
-62.53
-52.92
-58.39
-58.49
-55.14
-56.3
-54.44
-59.47
-61.67
-56.54
-54.19
-58.95
-57.95
-64.47
-61.24
-57.69
-58.86
-57.39
-53.75
-55.85
-59.47
-60.18
-57.66
-56.56
-57.41
-56.43
-64.89
-51.16
-56.41
-56.23
-57.16
-61.29
-61.33
-62.94
-60.81
-61.6
-61.09
-62.36
-56.25
-59.5
-58.89
-54.43
-70.23
-60.51
-61.71
-58.44
-61.91
-56.28
-58.38
-58.93
-64.23
-59.15
-57.28
-56.39
-59.43
-62.41
-58.54
-57.62
-57.77
-57.09
-61.31
-55.49
-62.4
-62.94
-59.99
-60.83
-62.35
-63.71
-60.37
-64.87
-61.77
-64.18
-59.34
-57.0
-58.89
-58.27
-58.21
-64.74
-60.69
-63.13
-62.67
-60.99
-61.57
-60.84
-65.58
-63.81
-64.41
-63.45
-68.46
-61.34
-61.76
-62.89
-59.94
-63.21
-52.97
-61.13
-62.39
-67.22
-65.27
-57.19
-57.65
-61.69
-62.3
-64.16
-65.63
-58.26
-65.39
-59.87
-64.64
-65.51
-60.87
-62.71
-65.18
-61.37
-58.82
-64.43
-57.82
-64.46
-57.26
-57.98
-59.74
-63.63
-60.44
-59.62
-57.31
-60.96
-61.4
-61.77
-58.11
-63.1
-59.44
-55.51
-53.22
-57.98
-58.31
-52.61
-51.01
-50.8
-49.53
-57.12
-58.09
-58.29
-57.83
-55.46
-54.41
-50.97
-51.26
-55.56
-53.72
-57.42
-52.39
-56.17
-61.11
-65.26
-58.8
-57.92
-58.43
-61.81
-61.23
-53.07
-58.23
-58.47
-50.79
-61.45
-54.49
-60.26
-59.47
-56.06
-62.01
-61.68
-62.83
-63.94
-64.41
-59.49
-62.81
-59.73
-58.99
-57.65
-61.43
-63.32
-66.81
-60.07
-67.18
-65.08
-61.7
-63.85
-62.23
-59.63
-57.1
-59.32
-65.25
-66.56
-57.68
-63.14
-60.39
-65.95
-60.91
-63.84
-58.18
-62.47
-65.91
-64.22
-61.26
-56.06
-55.99
-55.67
-59.83
-54.24
-59.61
-52.49
-53.73
-50.07
-63.91
-60.96
-59.47
-63.83
-58.24
-61.35
-54.95
-57.41
-64.85
-55.0
-62.08
-66.28
-56.58
-56.87
-56.84
-57.85
-58.81
-61.5
-59.96
-60.76
-54.84
-59.77
-57.1
-59.06
-65.39
-60.16
-62.77
-56.63
-62.7
-61.33
-62.7
-55.93
-57.88
-59.25
-56.55
-60.76
-64.81
-63.26
-58.6
-60.54
-59.34
-59.39
-66.81
-65.18
-63.83
-60.07
-58.48
-52.51
-53.72
-57.92
-53.3
-60.9
-62.72
-57.37
-59.05
-62.17
-54.96
-55.18
-56.59
-53.01
-49.89
-55.8
-58.96
-59.25
-64.63
-57.64
-53.11
-57.24
-60.79
-55.33
-53.72
-57.79
-59.12
-63.89
-54.54
-51.29
-56.37
-56.58
-56.6
-59.44
-57.77
-60.71
-57.17
-60.59
-57.67
-57.83
-59.47
-60.79
-60.8
-60.34
-59.04
-61.52
-62.55
-60.23
-63.24
-59.48
-62.91
-57.7
-64.77
-60.18
-61.07
-55.11
-56.8
-61.78
-53.5
-61.1
-56.17
-58.57
-56.49
-54.93
-57.28
-61.57
-59.56
-59.83
-59.54
-57.16
-56.8
-55.56
-59.85
-56.77
-58.9
-62.16
-57.26
-62.97
-61.89
-64.66
-64.43
-58.4
-59.51
-64.47
-65.79
-64.47
-59.31
-61.12
-61.37
-59.58
-58.57
-57.07
-58.53
-59.15
-57.58
-63.34
-56.21
-62.31
-60.6
-58.11
-64.98
-59.33
-60.32
-54.33
-60.53
-55.41
-60.64
-56.71
-55.07
-55.76
-57.09
-53.49
-54.42
-53.43
