-31.82
-27.55
-24.8
-34.96
-29.7
-24.01
-37.49
-26.22
-26.43
-0.86
-20.22
-15.38
-18.67
-22.8
-27.36
-19.83
-27.39
-25.44
-30.35
-33.08
-32.84
-28.38
-27.46
-36.96
-29.13
-30.32
-30.44
-34.11
-31.58
-28.03
-33.78
-28.46
-36.77
-31.81
-32.23
-32.07
-38.33
-21.01
-28.31
-25.71
-23.95
-30.91
-22.39
-23.5
-24.03
-9.07
-16.19
-16.51
-20.9
-17.08
-22.18
-19.42
-17.79
-18.88
-22.98
-24.03
-29.13
-27.63
-33.23
-25.4
-19.0
-18.03
-16.95
-27.89
-24.52
-12.5
-14.81
-25.34
-13.85
-14.26
-21.69
-25.8
-20.96
-28.93
-25.81
-21.7
-24.79
-23.14
-29.19
-24.26
-27.35
-30.75
-27.86
-27.75
-26.42
-30.29
-25.36
-27.95
-26.22
-26.02
-25.82
-24.91
-25.95
-38.42
-33.15
-38.09
-35.7
-24.04
-30.82
-36.79
-32.51
-44.04
-33.71
-35.77
-42.57
-37.24
-33.95
-32.13
-46.29
-35.74
-40.15
-35.69
-43.32
-42.39
-39.21
-44.35
-31.58
-33.77
-42.57
-34.59
-31.73
-30.21
-28.45
-29.85
-34.55
-30.82
-29.97
-24.98
-34.37
-28.22
-33.5
-27.66
-18.15
-21.66
-31.69
-29.23
-34.97
-32.28
-30.03
-24.48
-35.83
-30.7
-28.39
-32.94
-27.45
-27.3
-38.91
-30.15
-30.73
-38.39
-36.75
