-337.572
-362.483
-399.548
-358.118
-366.905
-353.09
-379.78
-376.147
-395.141
-374.513
-362.664
-340.471
-369.713
-387.193
-365.091
-354.787
-372.271
-357.875
-350.625
-335.566
-323.214
-349.799
-382.51
-348.033
-369.531
-382.438
-386.267
-359.658
-356.034
-348.412
-330.573
-363.448
-371.435
-364.924
-352.113
-347.715
-352.639
-315.638
-328.352
-344.168
-369.416
-338.093
-364.823
-324.549
-340.707
-362.063
-333.007
-351.851
-319.836
-330.52
-340.221
-330.654
-351.888
-283.056
-340.662
-359.629
-329.852
-312.798
-254.67
-295.182
-279.945
-302.033
-325.404
-338.716
-320.801
-354.124
-332.071
-362.408
-327.575
-350.097
-343.902
-354.938
-358.467
-382.252
-342.48
-365.804
-353.076
-267.15
-336.518
-337.15
-384.536
-355.216
-348.464
-379.841
-336.152
-347.548
-367.108
-391.276
-321.549
-306.028
-328.28
-293.282
-276.18
-279.073
-301.653
-276.497
-325.491
-307.641
-309.464
-322.436
-307.127
-295.838
-284.224
-292.032
-327.684
-331.653
-330.738
-322.551
-325.705
-300.754
-294.941
-275.031
-305.262
-274.417
-299.301
-326.723
-284.945
-269.866
-299.724
-298.438
-289.172
-309.175
-322.559
-282.861
-267.996
-306.45
-315.058
-318.572
-299.925
-329.13
-354.444
-317.562
-334.397
-326.317
-372.585
-305.035
-323.835
-307.115
-339.389
-320.82
-319.478
-332.975
-400.633
-385.462
-378.801
-366.082
-302.805
-367.649
-398.641
-340.75
-391.536
-364.482
-359.271
-367.656
-380.726
-288.083
-337.521
-391.948
-327.056
-381.237
-346.217
-358.443
-389.178
-364.347
-339.843
-290.776
-353.374
-390.707
-356.824
-326.86
-350.772
-341.147
-341.003
-339.223
-335.637
-343.615
-324.262
-333.204
-341.987
-306.497
-319.402
-303.925
-292.168
-318.674
-323.53
-354.03
-311.538
-320.371
-291.741
-304.497
-343.883
-294.217
-343.582
-299.951
-312.25
-336.088
-326.78
-317.426
-340.477
-308.041
-324.231
-360.13
-282.777
-371.477
-346.512
-325.973
-345.642
-312.868
-313.617
-289.794
-317.305
-366.99
-323.108
-347.152
-347.514
-320.204
-347.172
-318.369
-304.99
-309.354
-283.432
-326.534
-315.207
-325.227
-384.082
-358.25
-401.94
-378.962
-358.434
-388.248
-354.809
-393.033
-381.406
-418.396
-385.241
-367.463
-338.412
-329.055
-309.772
-320.701
-328.825
-351.77
-311.63
-348.336
-334.219
-332.308
-367.374
-334.246
-328.873
-348.71
-330.675
-387.081
-423.511
-429.699
-440.692
-423.107
-409.425
-462.561
-385.375
-452.236
-452.434
-425.84
-429.437
-424.618
-415.018
-412.237
-413.333
-453.323
-434.39
-436.583
-467.523
-454.794
-459.923
-426.656
-444.416
-431.198
-445.008
-462.54
-441.487
-434.786
-435.83
-487.564
-429.924
-444.541
-451.006
-429.982
-449.125
-444.198
-444.081
-434.771
-442.066
-455.014
-457.65
-457.807
-478.779
-436.625
-411.802
-463.681
-475.949
-469.249
-420.607
-446.87
-396.638
-415.736
-422.568
-427.218
-428.966
-454.301
-432.005
-413.544
-433.031
-447.59
-431.237
-440.224
-426.608
-442.163
-405.183
-452.629
-429.067
-435.369
-428.648
-464.834
-493.477
-413.438
-452.675
-466.371
-486.703
-446.794
-469.023
-483.452
-451.487
-480.3
-448.11
-492.868
-485.434
-429.952
-459.92
-457.003
-467.153
-453.144
-439.129
-464.614
-459.922
-431.929
-474.764
-418.867
-474.689
-460.895
-405.332
-453.302
-462.67
-402.695
-459.089
-455.978
-422.333
-430.891
-432.025
-447.97
-436.063
-485.789
-450.228
-465.609
-460.638
-424.092
-433.709
-416.503
-389.445
-470.092
-482.696
-466.666
-489.903
-430.966
-458.139
-492.543
-470.094
-483.48
-492.933
-463.685
-472.309
-453.391
-456.469
-437.877
-444.299
-400.143
-452.028
-454.298
-419.461
-442.92
-428.659
-456.046
-512.581
-481.301
-471.94
-446.944
-482.431
-414.13
-439.711
-429.886
-426.682
-406.403
-442.047
-419.668
-436.003
-397.326
-417.994
-434.371
-442.355
-437.555
-385.511
-431.293
-433.105
-400.013
-445.977
-341.86
-452.584
-416.597
-406.599
-454.282
-404.412
-402.401
-427.584
-434.38
-424.086
-411.138
-439.635
-416.635
-452.204
-390.091
-412.314
-435.335
-437.106
-446.68
-431.233
-433.429
-417.379
-410.354
-403.042
-451.374
-411.556
-456.541
-404.55
-406.226
-410.515
-422.901
-415.65
-433.648
-412.355
-413.45
-401.207
-421.191
-419.728
-432.508
-416.868
-404.242
-405.986
-380.772
-355.638
-430.637
-452.158
-403.46
-404.224
-386.885
-385.167
-415.81
-359.343
-416.733
-443.832
-447.426
-392.436
-408.934
-442.464
-402.166
-374.861
-400.992
-383.996
-413.375
-410.676
-426.479
-423.698
-419.669
-402.905
-420.198
-386.492
-448.432
-403.612
-402.181
-446.231
-422.316
-372.836
-367.686
-415.172
-381.466
-424.451
-410.243
-442.062
-422.339
-425.745
-372.576
-405.711
-413.162
-397.577
-412.007
-374.685
-393.995
-423.822
-386.093
-404.096
-426.407
-423.381
-458.046
-416.776
-403.462
-440.862
-385.513
-420.487
-427.33
-411.886
-458.226
-417.429
-451.641
-454.488
-431.053
-440.775
-452.2
-385.957
-395.405
-413.089
-384.364
-390.667
-409.435
-426.082
-427.773
-416.978
-407.733
-405.866
-443.181
-437.462
-441.15
-426.62
-472.541
-399.314
-410.274
-392.965
-394.176
-417.071
-451.964
-427.493
-443.212
-412.099
-413.31
-392.961
-438.012
-444.511
-424.716
-453.694
-437.056
-442.903
-454.234
-434.936
-458.01
-503.841
-448.66
-423.582
-369.174
-440.777
-443.217
-367.467
-420.118
-459.649
-414.822
-405.898
-458.959
-439.93
-443.299
-427.891
-469.072
-409.026
-380.499
-429.628
-417.098
-399.003
-459.205
-467.034
-413.547
-396.219
-424.1
-447.848
-444.958
-403.051
-431.993
-450.757
-462.807
-440.606
-407.67
-413.86
-359.708
-421.145
-437.804
-434.54
-415.865
-398.861
-432.645
-440.418
-403.378
-398.102
-404.617
-382.094
-404.032
-403.408
-431.359
-404.269
-418.394
-442.942
-442.021
-448.378
-422.898
-430.12
-414.083
-382.164
-407.293
-386.1
-428.528
-408.234
-388.534
-381.867
-397.479
-378.981
-414.986
-362.741
-406.855
-406.042
-410.715
-411.11
-414.912
-419.154
-399.525
-416.952
-372.265
-410.573
-405.998
-414.168
-399.99
-412.236
-395.043
-387.588
-377.706
-426.72
-429.064
-387.348
-417.698
-421.636
-403.953
-412.444
-385.512
-384.219
-376.256
-409.758
-393.78
-433.114
-410.805
-347.545
-411.2
-416.882
-416.41
-393.773
-435.918
-386.691
-394.134
-439.15
-420.776
-423.477
-400.842
-421.936
-414.37
-415.126
-391.987
-424.261
-430.84
-392.641
-405.665
-423.91
-440.392
-409.256
-421.135
-438.603
-451.416
-439.764
-410.871
-420.808
-419.807
-411.806
-435.753
-423.694
-392.252
-442.288
-401.241
-409.821
-446.802
-396.239
-440.062
-400.375
-376.555
-387.878
-391.467
-429.522
-400.891
-431.99
-409.62
-419.299
-450.723
-410.174
-449.527
-414.682
-413.302
-407.467
-361.353
-341.626
-352.029
-423.806
-413.74
-437.815
-389.73
-391.055
-369.598
-397.29
-380.61
-400.762
-395.556
-418.502
-410.363
-385.146
-420.583
-455.373
-380.007
-421.354
-450.85
-372.616
-405.793
-422.815
-442.162
-349.837
-391.251
-436.298
-457.274
-441.636
-413.365
-414.624
-394.022
-339.526
-420.524
-460.667
-451.291
-419.147
-449.194
-443.986
-429.594
-404.845
-418.361
-438.316
-434.044
-406.445
-436.454
-426.99
-424.663
-436.837
-424.993
-389.459
-391.069
-397.283
-444.494
-422.995
-336.302
-400.017
-401.341
-402.186
-403.451
-414.911
-428.3
-407.014
-420.306
-422.46
-402.115
-392.284
-404.056
-445.63
-436.569
-424.625
-395.235
-395.911
-374.957
-414.272
-440.436
-443.701
-409.909
-402.245
-429.315
-428.819
-384.324
-416.909
-429.111
-401.317
-411.573
-437.23
-393.851
-400.562
-421.998
-432.385
-390.937
-417.641
-417.358
-344.283
-419.357
-387.672
-353.023
-383.503
-418.22
-413.058
-441.213
-394.168
-405.087
-393.789
-393.124
-380.149
-402.271
-383.341
-383.715
-414.288
-432.514
-401.208
-411.297
-404.486
-420.179
-389.526
-428.692
-403.135
-402.181
-427.003
-366.512
-379.252
-384.422
-407.961
-390.479
-366.529
-412.142
-398.865
-369.107
-388.14
-417.542
-397.316
-399.752
-360.6
-349.188
-377.038
-412.663
-397.219
-413.796
-409.489
-414.2
-407.939
-411.486
-401.625
-391.8
-399.866
-363.624
-403.956
-339.315
-350.762
-368.051
-395.933
-386.052
-366.735
-395.798
-414.109
-418.676
-429.706
-434.001
-442.341
-429.238
-422.587
-396.228
-407.687
-399.092
-420.81
-390.586
-415.825
-434.716
-427.839
-437.103
-433.91
-431.838
-421.513
-407.08
-401.024
-427.156
-401.66
-392.206
-398.85
-411.714
-412.595
-379.78
-403.648
-374.692
-381.053
-396.245
-383.349
-407.15
-383.822
-391.351
-387.933
-414.668
-422.09
-371.878
-396.078
-408.956
-397.572
-351.917
-411.125
-407.484
-435.066
-415.951
-410.67
-387.187
-416.62
-417.377
-404.991
-430.024
-392.237
-434.583
-406.55
-345.688
-362.428
-418.85
-397.902
-406.065
-387.362
-375.493
-434.221
-401.774
-405.79
-380.9
-357.765
-405.296
-380.998
-404.657
-345.09
-391.272
-384.765
-383.78
-357.521
-342.397
-395.149
