-0.08
-0.169
-0.186
-0.203
-0.001
-0.06
-0.156
-0.137
-0.16
-0.156
-0.089
-0.16
-0.082
-0.18
-0.217
-0.058
-0.237
-0.213
-0.181
-0.211
-0.078
-0.143
-0.162
-0.157
-0.199
-0.153
-0.192
-0.184
-0.209
-0.166
-0.167
-0.141
-0.1
-0.076
-0.123
-0.179
-0.2
-0.152
-0.063
-0.186
-0.046
-0.172
-0.133
-0.096
-0.125
-0.098
-0.138
-0.136
-0.168
-0.065
-0.174
-0.066
-0.099
-0.077
-0.176
-0.229
-0.045
-0.036
-0.012
-0.108
-0.139
-0.061
-0.146
-0.116
-0.048
-0.184
-0.213
-0.092
-0.227
-0.172
-0.117
-0.089
-0.136
-0.039
-0.09
-0.031
-0.074
-0.132
-0.269
-0.183
-0.217
-0.139
-0.152
-0.225
-0.178
-0.318
-0.306
-0.156
-0.102
-0.167
-0.317
-0.266
-0.213
-0.238
-0.165
-0.081
-0.162
-0.198
-0.25
-0.203
-0.262
-0.22
-0.288
-0.18
-0.206
-0.236
-0.243
-0.185
-0.275
-0.228
-0.177
-0.099
-0.188
-0.101
-0.205
-0.203
-0.144
-0.181
-0.21
-0.121
-0.17
-0.178
-0.165
-0.211
-0.245
-0.316
-0.228
-0.302
-0.342
-0.261
-0.298
-0.195
-0.252
-0.261
-0.237
-0.212
-0.289
-0.397
-0.194
-0.311
-0.271
-0.221
-0.36
-0.258
-0.312
-0.298
-0.29
-0.277
-0.303
-0.221
-0.246
-0.362
-0.295
-0.331
-0.201
-0.178
-0.202
-0.195
-0.194
-0.229
-0.351
-0.269
-0.327
-0.317
-0.386
-0.26
-0.229
-0.257
-0.265
-0.285
-0.156
-0.257
-0.194
-0.294
-0.232
-0.145
-0.248
-0.234
-0.14
-0.123
-0.18
-0.153
-0.21
-0.196
-0.266
-0.124
-0.2
-0.283
-0.137
-0.223
-0.175
-0.243
-0.176
-0.116
-0.161
-0.204
-0.118
-0.138
-0.041
-0.287
-0.252
-0.089
-0.131
-0.222
-0.277
-0.141
-0.263
-0.206
-0.154
-0.222
-0.274
-0.246
-0.189
-0.277
-0.274
-0.186
-0.248
-0.052
-0.312
-0.171
-0.116
-0.204
-0.238
-0.237
-0.2
-0.227
-0.294
-0.269
-0.256
-0.19
-0.201
-0.212
-0.207
-0.238
-0.204
-0.256
-0.199
-0.243
-0.107
-0.139
-0.127
-0.256
-0.22
-0.148
-0.15
-0.143
-0.127
-0.12
-0.072
-0.157
-0.086
-0.216
-0.244
-0.227
-0.176
-0.26
-0.315
-0.257
-0.256
-0.222
-0.305
-0.331
-0.301
-0.341
-0.239
-0.22
-0.347
-0.259
-0.244
-0.308
-0.296
-0.233
-0.261
-0.236
-0.266
-0.146
-0.277
-0.264
-0.158
-0.252
-0.243
-0.267
-0.257
-0.385
-0.245
-0.233
-0.366
-0.309
-0.374
-0.329
-0.242
-0.357
-0.31
-0.256
-0.34
-0.353
-0.282
-0.281
-0.353
-0.24
-0.228
-0.231
-0.264
-0.192
-0.209
-0.219
-0.303
-0.199
-0.26
-0.25
-0.218
-0.264
-0.304
-0.235
-0.236
-0.256
-0.238
-0.2
-0.277
-0.291
-0.226
-0.257
-0.287
-0.223
-0.263
-0.174
-0.24
-0.253
-0.302
-0.153
-0.187
-0.183
-0.259
-0.272
-0.189
-0.388
-0.176
-0.244
-0.395
-0.267
-0.321
-0.313
-0.277
-0.204
-0.245
-0.23
-0.213
-0.255
-0.245
-0.241
-0.273
-0.116
-0.25
-0.201
-0.277
-0.283
-0.183
-0.176
-0.106
-0.225
-0.241
-0.22
-0.285
-0.141
-0.363
-0.178
-0.27
-0.288
-0.197
-0.257
-0.171
-0.265
-0.173
-0.349
-0.249
-0.283
-0.286
-0.319
-0.285
-0.286
-0.217
-0.214
-0.205
-0.176
-0.108
-0.234
-0.208
-0.236
-0.203
-0.267
-0.218
-0.301
-0.315
-0.336
-0.294
-0.227
-0.279
-0.258
-0.262
-0.241
-0.256
-0.316
-0.185
-0.222
-0.246
-0.228
-0.198
-0.137
-0.345
-0.314
-0.225
-0.222
-0.345
-0.228
-0.21
-0.194
-0.214
-0.215
-0.276
-0.2
-0.137
-0.239
-0.253
-0.369
-0.166
-0.208
-0.276
-0.118
-0.215
-0.235
-0.195
-0.286
-0.215
-0.372
-0.207
-0.239
-0.152
-0.273
-0.207
-0.349
-0.305
-0.332
-0.233
-0.289
-0.248
-0.28
-0.25
-0.335
-0.316
-0.267
-0.256
-0.238
-0.319
-0.261
-0.3
-0.208
-0.192
-0.243
-0.231
-0.184
-0.262
-0.234
-0.247
-0.226
-0.275
-0.319
-0.288
-0.259
-0.327
-0.371
-0.263
-0.279
-0.301
-0.32
-0.377
-0.271
-0.183
-0.202
-0.232
-0.217
-0.333
-0.262
-0.298
-0.261
-0.241
-0.305
-0.326
-0.181
-0.289
-0.244
-0.158
-0.154
-0.265
-0.249
-0.206
-0.139
-0.238
-0.231
-0.245
-0.217
-0.275
-0.247
-0.159
-0.247
-0.29
-0.266
-0.149
-0.252
-0.246
-0.295
-0.211
-0.188
-0.236
-0.205
-0.237
-0.26
-0.34
-0.35
-0.211
-0.32
-0.288
-0.223
-0.24
-0.238
-0.29
-0.293
-0.239
-0.254
-0.224
-0.272
-0.265
-0.278
-0.232
-0.189
-0.246
-0.305
-0.246
-0.211
-0.157
-0.206
-0.313
-0.268
-0.358
-0.209
-0.195
-0.257
-0.289
-0.147
-0.26
-0.164
-0.194
-0.308
-0.142
-0.087
-0.271
-0.278
-0.3
-0.135
-0.246
-0.132
-0.318
-0.298
-0.217
-0.148
-0.277
-0.331
-0.166
-0.203
-0.206
-0.3
-0.224
-0.23
-0.257
-0.16
-0.242
-0.375
-0.299
-0.328
-0.292
-0.25
-0.291
-0.265
-0.265
-0.181
-0.139
-0.199
-0.216
-0.253
-0.238
-0.337
-0.323
-0.309
-0.204
-0.164
-0.296
-0.197
-0.252
-0.226
-0.337
-0.245
-0.261
-0.145
-0.227
-0.202
-0.133
-0.166
-0.219
-0.377
-0.277
-0.307
-0.166
-0.315
-0.184
-0.335
-0.269
-0.195
-0.237
-0.347
-0.321
-0.17
-0.241
-0.327
-0.214
-0.196
-0.347
-0.258
-0.192
-0.187
-0.176
-0.271
-0.146
-0.312
-0.142
-0.358
-0.224
-0.292
-0.245
-0.232
-0.252
-0.386
-0.27
-0.302
-0.198
-0.255
-0.153
-0.248
-0.284
-0.282
-0.232
-0.333
-0.303
-0.155
-0.229
-0.256
-0.223
-0.183
-0.352
-0.189
-0.207
-0.31
-0.328
-0.333
-0.28
-0.349
-0.336
-0.253
-0.267
-0.251
-0.267
-0.306
-0.253
-0.318
-0.305
-0.384
-0.28
-0.298
-0.347
-0.263
-0.294
-0.266
-0.18
-0.17
-0.286
-0.318
-0.218
-0.291
-0.169
-0.285
-0.201
-0.286
-0.312
-0.348
-0.338
-0.249
-0.247
-0.237
-0.235
-0.312
-0.192
-0.32
-0.342
-0.268
-0.25
-0.302
-0.213
-0.263
-0.17
-0.217
-0.245
-0.185
-0.234
-0.251
-0.196
-0.174
-0.07
-0.147
-0.183
-0.111
-0.19
-0.265
-0.257
-0.172
-0.129
-0.234
-0.115
-0.15
-0.227
-0.242
-0.206
-0.245
-0.298
-0.239
-0.33
-0.198
-0.15
-0.162
-0.206
-0.206
-0.158
-0.191
-0.243
-0.13
-0.174
-0.087
-0.307
-0.205
-0.186
-0.141
-0.133
-0.16
-0.269
-0.224
-0.247
-0.343
-0.266
-0.298
-0.225
-0.24
-0.164
-0.285
-0.265
-0.241
-0.309
-0.263
-0.144
-0.281
-0.229
-0.23
-0.221
-0.314
-0.236
-0.237
-0.213
-0.213
-0.267
-0.305
-0.227
-0.221
-0.174
-0.218
-0.272
-0.156
-0.212
-0.206
-0.175
-0.187
-0.322
-0.153
-0.229
-0.109
-0.26
-0.23
-0.257
-0.158
-0.155
-0.304
-0.128
-0.165
-0.268
-0.194
-0.218
-0.136
-0.201
-0.189
-0.106
-0.202
-0.181
-0.126
-0.156
-0.139
-0.139
-0.205
-0.155
-0.135
-0.1
-0.217
-0.165
-0.298
-0.235
-0.194
-0.263
-0.248
-0.199
-0.234
-0.272
-0.164
-0.294
-0.284
-0.206
-0.27
-0.241
-0.255
-0.259
-0.246
-0.203
-0.312
-0.23
-0.093
-0.108
-0.172
-0.262
-0.097
-0.109
-0.189
-0.23
-0.199
-0.17
-0.185
-0.276
-0.138
-0.195
-0.192
-0.173
-0.246
-0.3
-0.254
-0.343
-0.159
-0.225
-0.126
-0.215
-0.293
-0.256
-0.246
-0.255
-0.201
-0.139
-0.135
-0.248
-0.299
-0.265
-0.137
-0.153
-0.213
-0.252
-0.285
-0.329
-0.283
-0.182
-0.199
-0.237
-0.188
-0.2
-0.231
-0.201
-0.268
-0.2
-0.284
-0.298
-0.23
-0.305
-0.285
-0.303
-0.265
-0.293
-0.286
-0.206
-0.25
-0.278
-0.189
-0.238
-0.162
-0.271
-0.109
-0.22
-0.248
-0.229
-0.238
-0.221
-0.262
-0.204
-0.249
-0.353
-0.2
-0.218
-0.19
-0.298
-0.214
-0.156
-0.2
-0.251
-0.229
-0.089
-0.048
-0.084
-0.181
-0.258
-0.213
-0.183
-0.256
-0.212
-0.051
-0.299
-0.21
-0.251
-0.155
-0.244
-0.229
-0.334
-0.178
-0.304
-0.19
-0.087
-0.195
-0.251
-0.297
-0.272
-0.264
-0.15
-0.204
-0.257
