-92.08
-89.31
-96.59
-93.79
-88.11
-89.67
-91.77
-88.07
-87.73
-95.3
-94.94
-108.28
-79.37
-91.2
-86.52
-89.42
-86.26
-92.02
-84.76
-107.43
-90.68
-85.71
-83.51
-82.84
-91.28
-85.75
-86.64
-84.01
-85.04
-97.26
-81.33
-98.83
-97.4
-86.6
-103.45
-95.4
-98.9
-94.13
-88.02
-102.11
-83.76
-93.84
-103.43
-97.41
-92.04
-78.29
-84.0
-89.46
-82.52
-90.98
-84.76
-80.89
-80.12
-87.3
-95.12
-77.83
-91.09
-88.1
-90.82
-92.22
-85.81
-90.35
-96.7
-85.62
-84.96
-88.59
-100.5
-89.8
-80.84
-87.61
-94.62
-87.49
-90.74
-92.26
-95.28
-112.93
-104.26
-105.38
-90.06
-96.7
-104.19
-111.49
-115.74
-107.55
-91.18
-115.38
-112.95
-102.49
-109.25
-104.09
-101.43
-89.73
-100.08
-107.53
-94.87
-110.73
-96.99
-101.45
-97.96
-90.54
-88.7
-99.27
-101.68
-87.16
-90.7
-91.5
-96.94
-94.64
-87.67
-121.58
-101.29
-107.83
-95.74
-103.76
-104.28
-97.8
-97.41
-87.31
-83.0
-99.55
-92.22
-103.45
-102.25
-97.48
-107.02
-100.21
-95.44
-118.63
-104.45
-113.96
-94.2
-108.64
-102.81
-103.25
-93.25
-102.04
-88.96
-94.76
-93.96
-96.95
-89.33
-101.01
-98.59
-104.48
-93.23
-93.18
-91.07
-94.76
-102.05
-88.15
