-0.533
-0.562
-0.508
-0.372
-0.4
-0.401
-0.506
-0.33
-0.181
-0.49
-0.474
-0.442
-0.386
-0.425
-0.274
-0.424
-0.366
-0.313
-0.353
-0.336
-0.217
-0.326
-0.357
-0.402
-0.472
-0.37
-0.276
-0.366
-0.395
-0.164
-0.375
-0.388
-0.446
-0.474
-0.396
-0.302
-0.503
-0.405
-0.471
-0.36
-0.423
-0.415
-0.398
-0.476
-0.377
-0.339
-0.34
-0.299
-0.357
-0.236
-0.248
-0.312
-0.414
-0.399
-0.391
-0.379
-0.396
-0.363
-0.275
-0.466
-0.365
-0.41
-0.338
-0.499
-0.319
-0.347
-0.379
-0.342
-0.245
-0.372
-0.594
-0.448
-0.485
-0.493
-0.503
-0.356
-0.406
-0.49
-0.567
-0.489
-0.452
-0.402
-0.283
-0.51
-0.337
-0.366
-0.34
-0.196
-0.37
-0.332
-0.381
-0.432
-0.31
-0.374
-0.418
-0.373
-0.371
-0.317
-0.299
-0.453
-0.298
-0.344
-0.231
-0.293
-0.373
-0.344
-0.344
-0.465
-0.178
-0.307
-0.3
-0.183
-0.324
-0.402
-0.266
-0.301
-0.149
-0.221
-0.347
-0.449
-0.31
-0.298
-0.309
-0.349
-0.283
-0.329
-0.259
-0.495
-0.291
-0.275
-0.483
-0.386
-0.388
-0.361
-0.239
-0.365
-0.438
-0.415
-0.419
-0.314
-0.478
-0.348
-0.329
-0.309
-0.403
-0.356
-0.236
-0.377
-0.39
-0.379
-0.497
-0.381
-0.315
-0.433
-0.312
-0.316
-0.407
-0.323
-0.27
-0.492
-0.569
-0.46
-0.292
-0.431
-0.355
-0.311
-0.237
-0.254
-0.305
-0.318
-0.365
-0.242
-0.283
-0.381
-0.285
-0.27
-0.386
-0.305
-0.426
-0.31
-0.459
-0.331
-0.198
-0.288
-0.179
-0.513
-0.338
-0.261
-0.355
-0.281
-0.303
-0.339
-0.275
-0.28
-0.35
-0.308
-0.188
-0.265
-0.343
-0.384
-0.428
-0.404
-0.297
-0.492
-0.346
-0.332
-0.268
-0.464
-0.389
-0.324
-0.341
-0.36
-0.469
-0.477
-0.292
-0.405
-0.461
-0.472
-0.443
-0.521
-0.501
-0.333
-0.503
-0.386
-0.474
-0.426
-0.295
-0.596
-0.543
-0.414
-0.524
-0.443
-0.462
-0.347
-0.386
-0.416
-0.254
-0.301
-0.283
-0.341
-0.357
-0.31
-0.338
-0.402
-0.28
-0.345
-0.359
-0.453
-0.31
-0.423
-0.4
-0.361
-0.283
-0.373
-0.353
-0.364
-0.467
-0.289
-0.358
-0.299
-0.418
-0.35
-0.432
-0.345
-0.401
-0.469
-0.505
-0.462
-0.418
-0.667
-0.599
-0.504
-0.629
-0.671
-0.482
-0.224
-0.529
-0.611
-0.473
-0.511
-0.597
-0.452
-0.485
-0.591
-0.606
-0.417
-0.645
-0.647
-0.425
-0.576
-0.459
-0.586
-0.534
-0.606
-0.517
-0.585
-0.508
-0.544
-0.381
-0.325
-0.567
-0.381
-0.459
-0.353
-0.458
-0.47
-0.383
-0.497
-0.506
-0.413
-0.509
-0.404
-0.531
-0.478
-0.291
-0.378
-0.565
-0.45
-0.383
-0.405
-0.298
-0.351
-0.435
-0.418
-0.497
-0.625
-0.564
-0.594
-0.49
-0.498
-0.781
-0.556
-0.579
-0.479
-0.539
-0.608
-0.728
-0.628
-0.536
-0.581
-0.537
-0.364
-0.53
-0.634
-0.529
-0.63
-0.511
-0.6
-0.653
-0.605
-0.644
-0.617
-0.641
-0.583
-0.569
-0.598
-0.545
-0.682
-0.735
-0.551
-0.681
-0.424
-0.561
-0.555
-0.508
-0.532
-0.682
-0.693
-0.592
-0.363
-0.626
-0.537
-0.484
-0.6
-0.549
-0.632
-0.479
-0.312
-0.583
-0.495
-0.524
-0.508
-0.648
-0.448
-0.504
-0.487
-0.611
-0.412
-0.566
-0.631
-0.434
-0.666
-0.699
-0.549
-0.435
-0.595
-0.575
-0.473
-0.515
-0.529
-0.45
-0.577
-0.56
-0.61
-0.43
-0.517
-0.416
-0.526
-0.438
-0.522
-0.609
-0.726
-0.639
-0.737
-0.704
-0.712
-0.846
-0.737
-0.757
-0.598
-0.65
-0.607
-0.601
-0.78
-0.66
-0.632
-0.632
-0.72
-0.67
-0.73
-0.749
-0.646
-0.514
-0.517
-0.626
-0.47
-0.595
-0.532
-0.633
-0.73
-0.566
-0.842
-0.829
-0.565
-0.748
-0.517
-0.593
-0.642
-0.709
-0.698
-0.646
