-612.577
-585.148
-600.057
-605.155
-634.527
-638.237
-666.907
-656.238
-603.249
-658.444
-602.341
-596.585
-614.386
-586.578
-628.218
-584.562
-564.713
-626.758
-641.58
-603.095
-593.86
-624.355
-621.658
-641.556
-626.834
-611.228
-594.912
-578.764
-597.535
-623.399
-609.973
-653.485
-584.682
-639.623
-604.068
-606.307
-578.775
-553.882
-579.188
-549.101
-561.87
-601.823
-588.486
-627.224
-523.16
-534.475
-607.609
-551.46
-561.399
-574.415
-564.672
-552.996
-582.909
-580.272
-565.721
-548.058
-590.951
-559.791
-582.781
-562.445
-525.613
-559.181
-541.768
-540.072
-587.053
-505.758
-514.735
-577.218
-554.994
-622.402
-605.413
-566.199
-570.998
-547.476
-577.54
-539.68
-545.226
-512.987
-551.896
-571.632
-524.866
-596.114
-594.791
-568.1
-628.996
-593.59
-603.609
-581.015
-647.658
-638.754
-586.342
-549.955
-583.532
-554.175
-543.746
-522.185
-476.406
-544.66
-519.747
-539.803
-536.752
-543.38
-533.47
-555.057
-537.225
-560.047
-543.484
-549.84
-558.772
-601.717
-588.859
-583.449
-597.67
-541.437
-500.295
-566.391
-546.985
-544.246
-535.134
-530.593
-529.746
-527.134
-496.69
-570.946
-567.034
-651.855
-568.172
-553.291
-510.504
-585.109
-631.737
-665.002
-664.805
-643.341
-615.262
-661.556
-650.078
-637.877
-624.2
-606.645
-659.634
-626.98
-590.142
-601.945
-583.51
-666.33
-640.577
-624.671
-611.557
-633.766
-596.574
-619.82
-645.448
-620.854
-650.92
-593.508
-634.668
-615.367
-601.711
-628.486
-607.463
-593.493
-547.039
-599.197
-637.768
-610.371
-537.076
-541.79
-571.09
-579.277
-575.009
-603.398
-611.131
-611.065
-588.004
-561.883
-586.387
-605.704
-530.486
-627.478
-567.036
-624.183
-623.749
-602.257
-555.661
-599.989
-552.882
-600.513
-595.647
-606.698
-619.48
-611.557
-604.092
-638.518
-584.22
-609.099
-628.981
-630.323
-603.611
-621.811
-620.147
-643.209
-636.565
-604.551
-584.099
-635.447
-568.061
-619.503
-571.907
-582.704
-582.862
-602.145
-624.099
-668.227
-647.697
-597.957
-593.598
-596.547
-581.935
-601.583
-600.472
-566.029
-490.202
-615.019
-642.758
-615.112
-597.998
-564.578
-571.685
-589.23
-623.584
-626.566
-606.197
-608.33
-672.397
-564.384
-599.943
-591.324
-639.956
-537.966
-584.414
-563.547
-622.209
-612.727
-558.065
-589.674
-622.567
-586.717
-566.587
-575.372
-589.383
-592.923
-613.229
-539.062
-581.575
-589.817
-605.802
-569.297
-558.981
-577.892
-561.287
-625.952
-565.599
-601.567
-614.715
-575.541
-600.509
-581.43
-591.726
-618.334
-625.333
-627.949
-665.823
-638.221
-585.882
-626.577
-560.179
-605.737
-592.289
-528.819
-565.191
-607.622
-585.121
-640.528
-628.051
-629.4
-620.413
-537.221
-593.461
-625.94
-570.836
-624.778
-577.818
-609.914
-598.348
-585.329
-590.316
-637.15
-589.943
-558.859
-630.005
-618.631
-595.618
-628.628
-645.493
-603.555
-577.203
-623.271
-552.79
-597.486
-594.485
-650.0
-635.772
-576.917
-521.777
-576.322
-600.89
-613.419
-678.362
-641.248
-633.252
-585.123
-630.445
-576.155
-607.516
-598.803
-606.842
-631.508
-606.958
-631.527
-623.388
-586.073
-589.501
-598.416
-637.777
-629.581
-678.512
-552.372
-641.823
-591.556
-637.996
-633.995
-612.757
-625.993
-650.633
-634.864
-607.002
-625.52
-615.173
-667.643
-609.99
-579.519
-610.827
-617.334
-626.245
-565.279
-569.498
-626.451
-659.884
-632.605
-567.667
-591.776
-579.423
-572.897
-573.675
-625.081
-611.831
-590.037
-577.985
-594.243
-579.37
-580.779
-528.705
-557.069
-622.641
-605.291
-578.524
-582.189
-569.705
-587.258
-607.438
-589.453
-581.286
-626.929
-638.07
-627.111
-629.632
-628.374
-640.132
-633.123
-630.456
-686.205
-633.68
-625.155
-613.709
-636.959
-623.508
-601.9
-623.255
-630.143
-663.686
-592.424
-619.771
-619.376
-673.88
-616.678
-618.746
-602.472
-590.526
-655.768
-634.937
-636.495
-677.15
-543.423
-605.518
-625.676
-567.688
-585.839
-582.883
-590.459
-605.695
-595.144
-599.024
-642.669
-637.244
-624.201
-621.247
-639.488
-566.984
-637.614
-615.476
-635.78
-631.107
-597.589
-643.702
-641.402
-639.399
-625.687
-636.649
-621.708
-650.533
-617.467
-656.683
-620.608
-674.506
-663.971
-621.749
-617.54
-682.531
-695.674
-592.299
