-106.44
-110.28
-107.78
-109.59
-109.64
-109.9
-111.43
-104.42
-110.56
-107.73
-107.84
-106.66
-104.14
-104.61
-106.43
-105.4
-88.01
-103.9
-107.74
-109.77
-100.36
-113.74
-107.55
-103.64
-100.67
-100.78
-99.93
-100.36
-111.35
-101.85
-113.11
-107.16
-112.88
-104.33
-111.79
-101.72
-108.64
-97.47
-100.05
-88.76
-97.94
-101.17
-96.27
-93.26
-97.29
-100.49
-100.63
-89.03
-89.22
-99.26
-100.5
-93.55
-93.07
-94.8
-99.78
-94.76
-98.44
-86.71
-99.87
-101.26
-87.2
-97.27
-78.81
-98.71
-86.58
-91.37
-88.46
-97.9
-85.93
-100.23
-87.01
-91.26
-90.96
-92.8
-93.76
-94.87
-93.97
-91.65
-99.6
-101.62
-88.02
-103.02
-99.9
-97.72
-103.37
-102.51
-96.96
-106.77
-100.07
-101.84
-105.51
-104.03
-106.69
-97.02
-100.41
-94.15
-97.07
-96.36
-89.89
-94.94
-88.24
-89.71
-93.19
-97.69
-87.98
-87.99
-97.65
-100.05
-100.66
-94.12
-91.65
-84.05
-99.9
-93.31
-92.2
-95.25
-93.19
-98.04
-84.93
-92.69
-97.46
-93.4
-95.91
-94.7
-94.7
-114.15
-90.44
-97.58
-91.71
-99.5
-100.14
-109.07
-104.42
-98.39
-106.08
-104.36
-102.19
-105.15
-109.3
-100.11
-109.69
-91.55
-105.64
-99.44
-95.1
-100.76
-107.58
-103.16
-104.7
-98.82
-96.03
-95.83
-96.39
-102.31
-94.18
-102.74
-95.15
-93.13
-85.12
-106.68
-93.44
-101.68
-96.85
-100.5
-100.93
-102.73
-102.84
-98.92
-89.42
-99.13
-96.41
-94.24
-103.69
-108.09
-96.34
-97.94
-99.98
-114.89
-103.54
-97.54
-103.65
-102.69
-96.66
-98.28
-103.49
-105.65
-95.71
-95.83
-101.24
-93.82
-97.26
-105.36
-92.61
-99.51
-98.11
-92.36
-98.0
-104.28
-101.54
-97.37
-107.28
-104.15
-89.0
-100.52
-100.41
-101.4
-91.87
-95.52
-89.39
-97.91
-93.37
-89.07
-106.95
-104.4
-103.04
-96.94
-94.28
-102.29
-100.41
-103.89
-97.36
-92.66
-103.21
-101.26
-97.91
-101.14
-99.07
-92.75
-96.43
-96.52
-107.22
-100.54
-91.24
-100.47
-104.51
-99.6
-90.97
-91.26
-96.8
-94.31
-93.75
-94.56
-100.54
-90.37
-99.74
-93.1
-101.76
-92.46
-97.28
-94.57
-98.43
-83.5
-101.72
-96.24
-94.81
-101.26
-103.41
-98.15
-99.06
-93.93
-105.58
-105.86
-100.8
-96.76
-106.59
-96.4
-96.98
-95.74
-100.08
-106.28
-109.7
-100.77
-105.54
-103.02
-100.72
-87.82
-97.9
-104.59
-96.97
-92.88
-103.14
-97.6
-92.5
-109.34
-96.63
-91.74
-101.74
-106.95
-94.96
-99.12
-96.83
-100.74
-90.05
-95.59
-98.89
-100.51
-85.32
-102.66
-92.29
-91.89
-103.93
-105.54
-100.17
-103.08
-99.41
-105.18
-97.74
-110.3
-105.42
-95.32
-94.36
-109.15
-90.46
-98.11
-91.92
-98.86
-110.4
-96.44
-102.15
-98.31
-100.89
-99.0
-98.26
-86.15
-99.1
-96.51
-102.85
-99.28
-93.57
-89.93
-104.74
-94.13
-97.72
-95.4
-99.07
-105.4
-103.53
-96.36
-101.6
-96.33
-98.31
-94.73
-94.77
-104.33
-99.31
-99.38
-98.74
-106.01
-106.1
-105.22
-109.01
-93.05
-91.88
-96.07
-92.19
-96.19
-101.08
-102.07
-100.97
-97.88
-95.78
-96.01
-95.25
-98.4
-98.65
-91.66
-95.59
-93.11
-89.75
-95.24
-87.34
-94.3
-96.09
-95.04
-93.12
-94.69
-86.84
-91.53
-91.81
-91.01
-91.31
-94.29
-90.35
-95.04
-96.27
-88.83
-99.28
-95.3
-96.99
-96.34
-108.22
-106.06
-98.34
-94.41
-102.39
-104.86
-94.08
-101.84
-100.84
-104.91
-100.88
-100.52
-102.8
-92.68
-96.61
-97.88
-106.16
-99.01
-106.35
-95.95
-101.43
-101.53
-103.49
-94.95
-98.18
-99.87
-91.14
-102.53
-93.06
-108.13
-107.06
-109.83
-98.81
-99.61
-103.82
-92.12
-103.3
-103.59
-99.46
-102.25
-92.94
-103.03
-95.36
-100.84
-101.01
-103.78
-97.27
-105.82
-97.44
-95.76
-98.19
-103.19
-105.85
-107.56
-106.2
-107.22
-99.69
-103.69
-95.55
-104.75
-99.6
