-0.325
-0.353
-0.331
-0.34
-0.374
-0.242
-0.402
-0.439
-0.357
-0.283
-0.326
-0.34
-0.419
-0.417
-0.356
-0.382
-0.382
-0.334
-0.363
-0.289
-0.5
-0.325
-0.431
-0.289
-0.32
-0.345
-0.234
-0.329
-0.304
-0.319
-0.484
-0.231
-0.218
-0.33
-0.138
-0.303
-0.271
-0.33
-0.159
-0.449
-0.253
-0.495
-0.386
-0.318
-0.312
-0.272
-0.213
-0.343
-0.372
-0.302
-0.239
-0.408
-0.186
-0.299
-0.303
-0.26
-0.269
-0.271
-0.283
-0.257
-0.293
-0.306
-0.348
-0.356
-0.35
-0.245
-0.178
-0.338
-0.401
-0.303
-0.325
-0.333
-0.349
-0.391
-0.371
-0.302
-0.313
-0.31
-0.269
-0.253
-0.244
-0.446
-0.314
-0.345
-0.33
-0.266
-0.267
-0.322
-0.315
-0.411
-0.453
-0.297
-0.303
-0.406
-0.405
-0.423
-0.26
-0.286
-0.214
-0.216
-0.343
-0.392
-0.344
-0.335
-0.394
-0.188
-0.285
-0.358
-0.269
-0.318
-0.439
-0.491
-0.495
-0.479
-0.326
-0.349
-0.432
-0.386
-0.291
-0.39
-0.333
-0.293
-0.301
-0.384
-0.355
-0.283
-0.25
-0.339
-0.293
-0.346
-0.341
-0.283
-0.218
-0.26
-0.377
-0.439
-0.354
-0.443
-0.371
-0.346
-0.217
-0.306
-0.357
-0.49
-0.298
-0.282
-0.23
-0.251
-0.259
-0.412
-0.289
-0.225
-0.415
-0.184
-0.265
-0.247
-0.338
-0.33
-0.324
-0.278
-0.296
-0.36
-0.31
-0.343
-0.472
-0.385
-0.349
-0.402
-0.447
-0.544
-0.428
-0.414
-0.445
-0.459
-0.376
-0.189
-0.493
-0.245
-0.439
-0.354
-0.495
-0.375
-0.342
-0.397
-0.31
-0.268
-0.464
-0.371
-0.323
-0.314
-0.404
-0.501
-0.326
-0.293
-0.371
-0.379
-0.35
-0.336
-0.239
-0.288
-0.281
-0.406
-0.354
-0.492
-0.21
-0.4
-0.351
-0.443
-0.289
-0.388
-0.417
-0.395
-0.289
-0.23
-0.288
-0.32
-0.414
-0.402
-0.275
-0.345
-0.332
-0.301
-0.349
-0.328
-0.28
-0.272
-0.193
-0.19
-0.312
-0.362
-0.446
-0.288
-0.272
-0.357
-0.33
-0.277
-0.2
-0.339
-0.196
-0.402
-0.354
-0.224
-0.318
-0.458
-0.228
-0.419
-0.304
-0.335
-0.271
-0.357
-0.366
-0.26
-0.361
-0.324
-0.32
-0.363
-0.148
-0.361
-0.3
-0.222
-0.228
-0.26
-0.459
-0.39
-0.297
-0.44
-0.306
-0.308
-0.279
-0.304
-0.201
-0.261
-0.225
-0.204
-0.349
-0.231
-0.329
-0.373
-0.333
-0.282
-0.338
-0.344
-0.337
-0.401
-0.244
-0.366
-0.352
-0.286
-0.453
-0.304
-0.407
-0.355
-0.429
-0.534
-0.371
-0.264
-0.305
-0.399
-0.277
-0.273
-0.403
-0.318
-0.243
-0.178
-0.322
-0.272
-0.3
-0.334
-0.367
-0.248
-0.317
-0.267
-0.26
-0.28
-0.301
-0.444
-0.26
-0.233
-0.266
-0.399
-0.295
-0.376
-0.324
-0.324
-0.262
-0.338
-0.216
-0.28
-0.472
-0.369
-0.405
-0.309
-0.464
-0.317
-0.289
-0.339
-0.502
-0.277
-0.347
-0.361
-0.397
-0.45
-0.404
-0.482
-0.412
-0.47
-0.408
-0.521
-0.413
-0.461
-0.411
-0.425
-0.446
-0.42
-0.323
-0.492
-0.418
-0.37
-0.414
-0.391
-0.281
-0.282
-0.242
-0.301
-0.441
-0.534
-0.407
-0.332
-0.316
-0.211
-0.376
-0.339
-0.349
-0.527
-0.374
-0.459
-0.32
-0.406
-0.307
-0.279
-0.221
-0.321
-0.285
-0.361
-0.295
-0.332
-0.279
-0.488
-0.391
-0.428
-0.435
-0.321
-0.477
-0.311
-0.388
-0.351
-0.367
-0.568
-0.323
-0.419
-0.384
-0.296
-0.433
-0.564
-0.384
-0.453
-0.465
-0.476
-0.401
-0.37
-0.346
-0.441
-0.445
-0.503
-0.498
-0.483
-0.358
-0.446
-0.402
-0.5
-0.519
-0.554
-0.327
-0.475
-0.305
-0.523
-0.379
-0.385
-0.303
-0.387
-0.478
-0.412
-0.321
-0.523
-0.256
-0.384
-0.611
-0.376
-0.457
-0.323
-0.664
-0.526
-0.318
-0.421
-0.406
-0.495
-0.449
-0.305
-0.357
-0.254
-0.284
