-122.32
-119.9
-130.27
-141.19
-151.28
-140.95
-143.29
-127.72
-115.86
-121.18
-125.09
-141.79
-143.37
-146.7
-143.07
-137.1
-136.83
-135.36
-144.4
-127.96
-132.71
-120.29
-130.24
-132.38
-132.34
-124.48
-120.23
-125.98
-117.44
-141.16
-136.04
-136.15
-135.23
-123.75
-125.68
-119.7
-129.27
-126.46
-136.67
-129.52
-144.61
-130.98
-121.85
-133.65
-131.23
-127.75
-130.36
-127.29
-139.83
-128.69
-138.22
-127.12
-126.58
-137.05
-123.33
-125.68
-112.54
-132.05
-139.34
-132.82
-145.6
-140.24
-139.78
-129.71
-125.09
-123.6
-140.54
-128.79
-126.95
-108.98
-133.01
-125.76
-133.51
-116.17
-120.24
-124.93
-120.85
-133.23
-120.27
-119.82
-113.33
-120.37
-120.32
-121.36
-130.36
-116.62
-115.3
-136.55
-104.01
-111.45
-126.12
-132.43
-113.95
-127.93
-128.92
-129.6
-133.26
-127.96
-121.73
-122.85
-125.97
-126.21
-118.49
-127.48
-114.03
-116.61
-118.16
-116.21
-120.47
-109.02
-117.61
-109.13
-119.13
-119.02
-123.17
-116.93
-124.63
-115.87
-137.63
-122.95
-105.22
-113.76
-128.46
-116.78
-117.42
-98.43
-105.23
-123.09
-117.14
-117.18
-102.98
-108.01
-122.24
-120.77
-117.46
-115.2
-109.38
-94.53
-111.63
-93.04
-111.72
-107.71
-99.74
-103.84
-95.07
-112.46
-109.19
-101.93
-103.93
-110.17
