-731.427
-703.478
-701.845
-694.895
-778.919
-686.424
-721.672
-772.828
-730.917
-778.878
-773.737
-762.773
-787.865
-775.76
-759.734
-728.359
-703.791
-759.475
-755.836
-746.104
-728.464
-794.692
-796.082
-740.93
-717.837
-744.687
-709.601
-672.682
-684.946
-750.865
-729.168
-757.423
-771.431
-758.214
-719.129
-711.45
-693.114
-726.287
-765.53
-746.349
-713.278
-732.224
-799.233
-699.62
-718.899
-728.39
-690.677
-703.457
-742.452
-737.473
-740.232
-725.044
-719.464
-783.892
-727.462
-718.897
-785.487
-690.164
-715.307
-704.535
-713.384
-759.96
-744.244
-740.603
-745.694
-753.228
-731.002
-702.87
-765.496
-743.447
-723.601
-705.969
-669.001
-719.611
-706.366
-709.008
-719.251
-693.003
-708.739
-789.024
-785.682
-755.992
-735.539
-722.34
-696.996
-719.767
-699.099
-704.907
-722.203
-695.41
-777.764
-740.85
-695.709
-701.817
-654.434
-719.308
-694.128
-709.371
-735.122
-677.63
-700.543
-690.708
-650.67
-679.416
-692.615
-685.838
-643.87
-731.091
-700.074
-688.806
-672.997
-731.917
-744.138
-738.929
-684.334
-694.777
-700.358
-682.78
-707.066
-646.374
-654.686
-725.966
-717.864
-654.807
-701.02
-676.536
-710.688
-721.089
-679.956
-676.171
-674.631
-710.439
-720.808
-701.364
-712.517
-682.619
-681.81
-724.313
-677.99
-728.388
-693.73
-745.969
-714.248
-749.222
-710.047
-727.277
-684.927
-672.498
-636.665
-668.053
-680.406
-656.418
-644.843
-677.428
-645.938
-638.456
-691.578
-686.002
-701.039
-625.474
-700.103
-679.32
-687.619
-684.946
-694.333
-654.505
-679.781
-673.269
-722.202
-694.067
-692.134
-696.655
-698.454
-688.569
-703.156
-673.772
-644.706
-708.156
-695.593
-705.544
-639.148
-644.478
-627.169
-713.395
-717.696
-688.243
-626.058
-665.385
-641.69
-589.656
-653.616
-625.86
-599.104
-566.743
-649.604
-604.817
-674.0
-604.193
-649.923
-630.446
-613.711
-659.281
-673.154
-658.372
-689.815
-673.915
-653.587
-712.737
-658.154
-672.362
-631.928
-631.332
-681.909
-639.798
-636.435
-655.152
-683.792
-597.076
-626.469
-607.829
-589.941
-619.391
-638.34
-711.169
-668.41
-614.352
-599.775
-588.651
-592.738
-594.177
-658.386
-588.577
-572.337
-625.914
-572.233
-656.086
-653.594
-609.422
-638.025
-657.753
-606.313
-582.272
-635.855
-627.699
-558.175
-588.412
-547.956
-588.453
-574.478
-617.581
-620.203
-620.364
-587.044
-615.696
-651.554
-633.665
-550.64
-591.683
-606.013
-662.821
-616.674
-589.931
-614.181
-630.441
-667.704
-621.037
-666.907
-605.702
-654.243
-642.446
-646.385
-614.174
-620.066
-565.899
-587.974
-635.478
-590.491
-660.918
-640.528
-654.064
-659.404
-644.041
-628.673
-672.084
-636.522
-740.639
-683.412
-668.996
-647.209
-677.429
-666.686
-642.466
-634.608
-634.844
-668.949
-638.173
-635.038
-597.537
-557.397
-593.541
-600.35
-632.392
-619.56
-622.718
-620.429
-606.229
-617.285
-638.037
-610.448
-580.061
-597.798
-697.919
-643.666
-664.044
-629.726
-639.1
-622.233
-623.297
-746.275
-663.413
-688.822
-678.517
-625.316
-666.577
-667.749
-686.2
-686.395
-683.83
-702.509
-655.516
-629.887
-647.285
-710.201
-685.955
-705.384
-738.341
-674.845
-695.047
-740.436
-719.13
-659.868
-667.09
-682.82
-656.835
-636.199
-677.883
-717.259
-705.097
-667.757
-714.939
-588.453
-651.907
-667.086
-669.235
-657.812
-682.356
-684.03
-759.319
-719.677
-758.675
-677.087
-697.639
-720.054
-684.628
-706.133
-716.572
-737.828
-697.766
-709.423
-692.998
-692.094
-654.984
-695.292
-702.851
-664.235
-685.443
-680.918
-653.441
-653.839
-654.339
-662.99
-649.967
-681.366
-682.898
-662.514
-653.309
-618.535
-663.848
-693.914
-684.594
-710.851
-730.127
-725.719
-754.239
-737.735
-746.406
-740.997
-748.726
-751.364
-738.308
-721.554
-633.559
-742.245
-773.862
-742.927
-740.915
-792.677
-812.991
-761.241
-745.019
-774.774
-768.63
-800.01
-823.147
-871.376
-731.431
-834.245
-830.045
-788.044
-834.173
-816.942
-790.302
-747.516
-760.139
-752.895
-768.385
-754.08
-750.673
-749.676
-740.499
-719.52
-708.613
-743.54
-741.859
-764.036
-735.649
-722.618
-770.59
-747.091
-755.452
-766.094
-807.301
-746.3
-789.29
-702.863
-709.754
-737.757
-726.18
-720.169
-714.478
-712.036
