-118.37
-109.19
-117.88
-122.08
-118.58
-110.25
-126.95
-114.51
-108.61
-113.73
-115.1
-111.01
-125.0
-124.45
-120.07
-110.68
-115.55
-118.66
-118.92
-108.34
-113.85
-120.12
-126.26
-105.18
-106.02
-114.3
-111.17
-103.12
-106.14
-112.47
-105.86
-115.04
-113.43
-118.48
-103.14
-112.77
-108.45
-113.03
-116.75
-105.94
-110.03
-113.45
-119.28
-105.7
-108.59
-103.02
-109.27
-104.27
-112.89
-110.75
-100.81
-113.89
-114.14
-111.01
-115.71
-120.52
-111.6
-113.7
-102.61
-109.52
-119.71
-115.53
-121.76
-119.2
-112.69
-118.44
-110.98
-115.52
-125.83
-116.3
-110.62
-113.12
-105.83
-116.54
-108.29
-107.8
-106.17
-109.78
-105.67
-129.51
-112.59
-106.85
-114.23
-102.25
-111.06
-112.69
-114.08
-111.28
-113.65
-111.53
-112.5
-109.4
-109.6
-113.99
-107.26
-109.84
-112.36
-112.5
-114.23
-117.45
-112.6
-111.43
-108.49
-103.48
-105.56
-109.51
-107.69
-115.29
-119.73
-114.32
-113.41
-113.51
-126.06
-114.81
-116.6
-117.95
-114.42
-112.65
-126.74
-109.26
-107.52
-111.52
-111.77
-116.46
-110.98
-104.95
-116.92
-121.58
-105.26
-111.71
-101.68
-111.71
-116.01
-110.85
-115.12
-110.74
-108.31
-127.49
-106.1
-106.91
-111.52
-113.53
-109.53
-110.88
-117.53
-115.78
-116.06
-117.56
-106.89
-111.25
-115.33
-107.37
-113.18
-105.77
-102.6
-98.31
-101.21
-101.8
-113.3
-109.6
-111.18
-107.28
-102.11
-104.81
-102.94
-103.93
-107.3
-109.42
-117.78
-113.59
-109.58
-104.47
-121.99
-106.59
-90.87
-109.52
-109.69
-100.7
-98.02
-105.89
-101.55
-111.91
-114.82
-108.23
-102.23
-103.74
-111.1
-96.51
-97.72
-100.08
-91.24
-93.69
-96.59
-104.89
-97.83
-93.59
-97.71
-91.26
-97.33
-102.77
-98.8
-106.7
-108.29
-108.39
-91.94
-101.05
-106.37
-108.13
-111.54
-102.48
-109.28
-108.66
-104.67
-94.05
-97.88
-100.92
-91.53
-91.81
-99.76
-98.06
-96.43
-99.11
-107.3
-92.5
-106.76
-90.01
-85.89
-89.99
-90.16
-97.91
-99.13
-91.02
-93.31
-90.27
-94.73
-102.67
-98.36
-105.67
-99.0
-94.34
-83.36
-97.61
-87.0
-94.2
-86.46
-94.83
-96.63
-94.93
-86.95
-88.67
-87.57
-90.31
-95.73
-94.19
-98.26
-100.09
-98.73
-92.1
-94.6
-87.26
-91.29
-87.51
-92.74
-91.88
-88.77
-94.72
-102.62
-88.22
-93.37
-97.52
-98.96
-93.91
-89.68
-84.41
-92.8
-88.33
-94.31
-95.64
-99.72
-100.88
-100.44
-99.66
-108.18
-100.61
-107.74
-114.61
-101.8
-91.07
-103.34
-98.44
-102.09
-96.64
-96.87
-97.34
-106.69
-97.72
-88.75
-91.59
-83.13
-89.71
-87.64
-83.53
-92.97
-94.53
-88.34
-86.59
-91.9
-94.82
-91.63
-88.35
-93.79
-97.33
-95.94
-94.27
-93.44
-90.2
-93.18
-93.15
-97.03
-100.11
-96.25
-98.41
-104.67
-93.99
-93.74
-100.9
-104.43
-102.77
-107.59
-100.23
-89.67
-89.62
-102.76
-112.69
-100.53
-104.89
-96.1
-99.36
-112.67
-106.75
-103.01
-108.36
-105.43
-103.37
-99.82
-102.51
-100.43
-105.59
-93.5
-90.99
-86.35
-101.99
-104.89
-109.16
-104.44
-97.16
-99.27
-111.57
-113.72
-106.41
-100.17
-103.19
-111.58
-110.86
-105.6
-109.8
-97.95
-104.29
-92.88
-100.29
-100.03
-99.41
-101.08
-101.94
-105.11
-103.04
-104.67
-101.42
-91.98
-98.22
-101.42
-97.38
-106.73
-99.33
-97.49
-96.55
-104.68
-102.9
-103.61
-108.72
-113.1
-110.67
-109.96
-110.88
-100.65
-113.14
-118.36
-115.52
-116.19
-111.34
-116.77
-107.71
-102.71
-112.49
-112.39
-111.53
-107.78
-111.86
-108.56
-113.01
-114.13
-107.25
-113.82
-112.35
-107.16
-110.9
-116.33
-110.82
-103.04
-118.59
-109.09
-109.05
-112.09
-105.17
-92.18
-107.66
-108.07
-108.99
-108.48
-107.95
-100.28
-103.08
-103.14
-116.19
-114.44
-94.48
-108.16
-111.92
-102.76
-102.08
-113.16
-114.36
-105.05
-106.11
-97.36
-112.79
-99.37
-110.56
-106.68
-107.19
-85.73
