-109.24
-111.3
-123.64
-116.77
-127.28
-116.15
-119.42
-125.88
-127.01
-125.95
-125.64
-112.18
-117.59
-126.8
-113.16
-118.39
-119.23
-130.74
-121.73
-123.89
-123.17
-131.99
-124.15
-116.05
-127.29
-123.16
-121.01
-124.43
-109.29
-113.94
-119.87
-107.65
-118.07
-121.46
-124.47
-133.49
-123.04
-120.78
-115.51
-130.54
-124.94
-129.6
-122.15
-119.8
-128.71
-105.66
-102.05
-124.73
-125.58
-114.34
-119.66
-135.01
-123.0
-122.58
-128.71
-112.18
-127.65
-129.74
-118.88
-104.63
-114.52
-120.99
-122.05
-120.99
-106.64
-99.49
-117.22
-113.56
-130.77
-121.87
-123.11
-122.85
-120.24
-128.44
-120.22
-116.5
-116.34
-123.15
-117.96
-119.34
-124.69
-130.51
-115.53
-123.25
-118.41
-114.28
-112.78
-120.16
-119.31
-121.27
-106.57
-122.79
-126.58
-115.59
-119.88
-114.2
-125.97
-115.43
-110.85
-124.98
-108.79
-113.9
-117.98
-125.77
-123.44
-122.31
-115.55
-120.55
-124.31
-132.47
-124.1
-121.62
-116.61
-124.93
-120.64
-110.49
-109.02
-110.75
-116.6
-123.76
-125.89
-123.35
-111.12
-126.91
-117.3
-121.78
-122.19
-109.68
-110.12
-104.36
-114.77
-111.03
-129.87
-118.99
-116.72
-106.17
-99.65
-113.81
-120.77
-115.7
-123.48
-116.71
-135.86
-128.76
-117.7
-120.57
-127.96
-128.72
-122.79
-129.07
