-100.42
-99.17
-116.57
-114.88
-109.0
-110.24
-116.17
-116.33
-114.97
-118.74
-121.3
-101.41
-123.54
-114.38
-104.63
-107.89
-106.96
-113.48
-123.91
-107.04
-115.27
-111.53
-111.69
-116.31
-112.18
-117.74
-109.07
-110.97
-105.31
-101.8
-115.87
-117.1
-117.21
-122.67
-116.25
-107.35
-87.72
-109.32
-110.47
-106.53
-104.74
-104.47
-110.07
-108.56
-104.62
-102.33
-107.96
-106.52
-102.45
-106.81
-105.41
-106.0
-107.11
-110.46
-98.79
-108.35
-107.16
-107.29
-104.13
-112.17
-107.12
-98.4
-95.77
-112.28
-107.32
-110.34
-107.27
-110.46
-100.58
-102.67
-101.07
-105.6
-107.55
-99.47
-105.62
-106.56
-105.77
-108.63
-104.07
-103.97
-99.39
-94.28
-111.97
-108.07
-94.28
-114.78
-107.75
-106.44
-104.2
-108.76
-107.82
-111.89
-108.58
-92.11
-105.51
-111.19
-96.5
-102.27
-107.07
-105.54
-101.11
-102.01
-99.36
-105.92
-99.37
-98.16
-107.43
-110.5
-101.44
-110.2
-100.23
-108.5
-111.12
-100.26
-96.46
-98.27
-103.28
-108.28
-109.39
-99.97
-115.72
-109.14
-91.42
-95.94
-98.88
-111.16
-109.4
-101.48
-103.74
-110.72
-107.94
-109.0
-115.49
-108.38
-99.6
-110.72
-104.89
-104.04
-105.27
-98.44
-104.85
-103.01
-111.15
-99.62
-103.52
-101.0
-102.49
-107.26
-101.32
-104.87
-106.07
-110.79
-112.68
-109.62
-111.36
-107.2
-104.75
-114.2
-108.59
-106.94
-110.2
-107.49
-104.48
-105.48
-104.38
-92.83
-100.58
-94.55
-99.04
-100.98
-112.66
-111.74
-99.04
-104.4
-106.51
-103.12
-99.82
-102.99
-103.85
-90.78
-97.61
-99.58
-108.29
-107.93
-103.92
-103.21
-102.49
-108.37
-101.05
-97.25
-98.55
-105.22
-114.21
-111.64
-111.95
-110.08
-102.39
-102.04
-108.89
-112.89
-111.96
-113.87
-115.61
-103.15
-115.19
-109.57
-102.15
-111.21
-107.31
-101.03
-104.64
-115.81
-112.59
-108.86
-112.58
-118.36
-110.16
-109.54
-106.26
-104.43
-119.01
-114.64
-114.12
-104.1
-104.24
-111.66
-111.22
-94.07
-93.54
-102.46
-110.11
-102.54
-99.06
-99.38
-102.11
-94.27
-105.1
-102.08
-107.39
-106.13
-99.76
-105.37
-105.56
-104.29
-102.88
-96.59
-116.52
-113.34
-105.2
-100.04
-109.21
-106.33
-97.06
-107.79
-109.35
-95.46
-105.06
-106.29
-99.7
-119.09
-106.01
-112.69
-114.47
-119.63
-116.24
-111.22
-112.74
-93.46
-101.62
-100.91
-115.52
-101.67
-114.83
-114.52
-101.29
-110.02
-116.43
-111.3
-93.14
-101.24
-101.06
-107.73
-117.12
-104.76
-112.59
-113.09
-111.59
-96.73
-109.78
-116.74
-106.45
-107.85
-118.5
-108.88
-120.08
-110.51
-112.4
-109.18
-111.97
-106.97
-115.89
-108.14
-107.99
-104.46
-106.1
-98.5
-108.58
-102.11
-99.35
-100.88
-99.78
-108.24
-103.85
-112.22
-119.28
-111.6
-101.8
-102.69
-105.58
-111.56
-89.63
-107.39
-99.31
-99.33
-111.97
-104.4
-100.97
-106.88
-104.2
-110.49
-108.37
-117.44
-112.92
-119.19
-103.49
-104.79
-112.9
-103.52
-104.6
-114.93
-113.31
-118.68
-112.4
-102.93
-120.86
-112.4
-113.08
-121.63
-112.51
-106.22
-111.35
-109.69
-110.94
-118.27
-116.11
-119.75
-96.96
-114.89
-115.57
-119.1
-115.56
-103.89
-117.47
-125.98
-108.77
-106.72
-105.02
-107.43
-111.53
-109.33
-114.5
-106.95
-122.51
-123.72
-129.26
-123.04
-116.51
-115.99
-107.88
-115.91
-108.45
-109.96
-110.13
-114.46
-117.25
-114.42
-112.56
-115.04
-112.02
-120.01
-119.04
-107.73
-112.92
-101.91
-106.85
-101.04
-112.22
-108.01
-118.02
-112.15
-116.6
-125.2
-117.12
-125.6
-114.03
-108.75
-113.94
-108.15
-122.59
-114.7
-112.12
-116.81
-112.92
-109.99
-118.4
-110.58
-108.47
-108.4
-122.12
-114.65
-109.93
-109.0
-120.29
-117.88
-120.91
-115.66
-106.0
-106.5
-108.75
-112.8
-117.88
-107.1
-111.32
-120.72
-118.21
-113.15
-109.07
-119.58
-111.53
-114.35
-106.13
-111.16
-105.08
-110.63
-109.93
-109.05
-105.65
-108.44
-110.39
-102.47
-111.4
