-0.631
-0.797
-0.769
-0.929
-0.947
-0.968
-0.791
-0.878
-0.826
-1.009
-0.827
-1.107
-0.971
-0.964
-1.033
-0.993
-1.032
-1.024
-0.911
-0.928
-1.183
-0.955
-0.914
-0.995
-0.972
-0.726
-1.064
-1.021
-1.092
-0.996
-0.98
-0.87
-0.893
-1.007
-1.23
-0.798
-0.884
-0.803
-0.872
-0.713
-0.83
-0.833
-0.98
-0.825
-0.793
-0.668
-0.808
-0.693
-0.897
-0.932
-1.048
-0.718
-0.795
-0.777
-0.939
-0.982
-0.797
-0.848
-0.831
-0.648
-0.802
-0.564
-0.784
-0.818
-0.735
-1.049
-0.932
-0.848
-0.697
-0.811
-0.789
-0.831
-0.932
-0.791
-0.791
-0.735
-0.917
-0.862
-0.788
-0.556
-0.644
-0.847
-0.787
-0.995
-0.841
-1.192
-0.668
-0.974
-0.886
-1.129
-0.784
-0.779
-0.6
-0.675
-1.009
-0.857
-0.91
-0.944
-0.919
-0.791
-0.894
-0.874
-1.079
-1.124
-0.934
-0.93
-0.769
-0.754
-0.917
-0.775
-0.716
-0.65
-0.828
-0.826
-0.82
-0.725
-0.716
-0.865
-0.88
-0.973
-0.891
-0.927
-0.712
-0.818
-0.834
-0.871
-0.648
-0.644
-0.878
-0.969
-0.785
-0.586
-0.689
-0.902
-1.213
-0.923
-0.863
-0.815
-0.77
-1.02
-0.927
-1.009
-0.868
-0.531
-0.54
-0.764
-0.673
-0.671
-0.581
-0.731
-0.784
-0.745
-0.66
-0.692
-0.728
-0.749
-0.646
-0.627
-0.594
-0.695
-0.906
-0.834
-0.724
-0.782
-0.753
-0.73
-0.713
-0.776
-0.853
-1.056
-0.962
-0.921
-0.901
-0.727
-1.028
-0.742
-0.733
-0.856
-0.751
-0.828
-0.721
-0.716
-0.656
-0.681
-0.678
-0.794
-0.7
-0.859
-0.781
-0.841
-0.705
-0.957
-1.019
-1.183
-0.891
-0.87
-0.91
-0.953
-0.88
-0.732
-0.78
-0.725
-0.784
-0.938
-0.844
-0.856
-0.75
-1.013
-1.057
-0.774
-0.824
-0.862
-0.672
-0.649
-0.702
-0.719
-0.919
-1.033
-0.773
-0.663
-0.816
-1.042
-0.752
-0.94
-0.448
-1.002
-1.046
-0.764
-0.949
-0.827
-0.778
-0.841
-0.612
-0.667
-0.985
-0.807
-0.732
-0.922
-0.692
-0.636
-0.539
-0.689
-1.159
-0.825
-0.94
-0.671
-0.805
-0.852
-0.835
-0.979
-0.899
-0.757
-0.856
-0.798
-0.716
-0.745
-0.925
-0.833
-0.877
-0.644
-0.941
-0.789
-0.92
-0.984
-0.789
-0.621
-0.838
-0.828
-0.985
-1.088
-0.872
-0.964
-0.856
-0.825
-0.961
-0.747
-0.953
-1.055
-0.785
-0.75
-1.006
-0.797
-0.692
-0.634
-0.648
-0.652
-0.648
-1.026
-0.699
-0.743
-0.832
-0.581
-0.901
-0.662
-0.881
-0.805
-0.759
-0.674
-0.693
-0.785
-1.124
-0.82
-0.861
-0.84
-0.763
-0.93
-0.794
-0.74
-0.894
-0.843
-0.829
-0.813
-0.757
-0.671
-0.918
-0.981
-0.647
-0.929
-0.736
-1.097
-0.751
-0.714
-0.786
-0.773
-0.739
-0.741
-0.937
-0.995
-0.756
-0.833
-0.721
-0.733
-0.668
-0.489
-0.565
-0.668
-0.962
-0.842
-1.06
-0.834
-1.035
-0.804
-0.728
-0.752
-1.064
-0.837
-0.799
-0.731
-0.652
-0.65
-0.747
-0.597
-0.657
-0.786
-0.761
-0.804
-0.58
-0.789
-0.597
-0.575
-0.675
-0.707
-0.771
-0.48
-0.657
-0.988
-0.61
-0.79
-0.758
-0.72
-0.886
-1.002
-0.895
-0.944
-0.775
-0.926
-0.682
-0.563
-0.765
-0.931
-0.497
-0.774
-0.96
-0.593
-0.836
-0.749
-0.854
-0.842
-1.02
-0.788
-0.695
-0.94
-1.032
-0.738
-0.792
-0.727
-0.753
-0.756
-0.664
-0.74
-0.598
-0.801
-0.623
-0.761
-0.861
-0.655
-0.583
-0.722
-0.93
-0.987
-1.019
-0.854
-0.738
-0.746
-0.734
-0.887
-0.782
-0.75
-0.87
-0.653
-0.729
-0.68
-0.782
-0.724
-1.063
-0.568
-0.797
-0.869
-0.782
-0.73
-0.536
-0.55
-0.757
-0.474
-0.645
-0.569
-0.898
-0.643
-0.8
-0.808
-0.726
-0.837
-0.567
-0.722
-0.465
-0.935
-0.411
-0.454
-0.555
-0.633
-0.502
