-747.825
-739.119
-750.77
-771.225
-752.919
-775.828
-759.353
-790.2
-777.385
-780.764
-798.494
-795.421
-806.597
-733.507
-814.699
-773.587
-826.625
-860.709
-796.61
-819.786
-827.762
-818.89
-793.387
-809.56
-744.312
-824.997
-822.406
-797.24
-774.608
-772.321
-771.479
-802.15
-807.112
-796.599
-801.796
-766.539
-738.333
-767.338
-732.518
-722.653
-776.694
-762.815
-766.994
-747.554
-750.671
-740.868
-739.631
-738.934
-744.017
-761.346
-721.179
-735.294
-772.849
-766.383
-810.825
-771.303
-779.125
-762.745
-795.938
-782.036
-766.024
-746.969
-738.133
-786.718
-704.012
-800.863
-774.744
-794.311
-755.515
-748.487
-769.782
-793.279
-770.84
-758.828
-728.793
-755.158
-774.614
-743.519
-749.15
-758.042
-752.572
-745.387
-758.098
-722.925
-788.378
-778.753
-733.922
-738.64
-770.369
-798.493
-751.146
-802.288
-769.27
-756.141
-746.113
-755.369
-732.167
-775.165
-705.285
-743.4
-761.985
-785.065
-773.169
-789.445
-763.223
-727.511
-797.839
-711.496
-765.568
-781.722
-722.844
-774.532
-693.631
-729.619
-749.142
-693.026
-698.938
-763.764
-759.504
-810.794
-753.633
-741.13
-709.798
-746.258
-717.739
-725.808
-712.281
-751.781
-751.494
-744.45
-740.343
-766.379
-723.336
-722.422
-736.268
-707.896
-678.051
-726.681
-730.712
-767.085
-688.88
-759.476
-765.086
-718.395
-735.717
-756.577
-749.093
-702.914
-741.47
-750.05
-739.601
-750.121
-728.41
-772.876
-745.943
-748.546
-752.921
-767.673
-731.173
-701.045
-775.957
-746.149
-702.873
-715.383
-715.341
-750.088
-717.089
-720.291
-723.515
-776.391
-735.568
-750.427
-736.495
-744.886
-763.535
-761.378
-751.086
-717.506
-752.286
-720.786
-666.681
-726.103
-716.753
-730.474
-737.798
-725.099
-667.845
-715.977
-687.769
-719.362
-717.89
-709.198
-739.821
-696.276
-723.274
-767.253
-790.715
-725.001
-763.754
-729.129
-754.139
-763.158
-764.83
-697.01
-769.096
-778.994
-691.501
-767.608
-776.332
-769.867
-750.842
-787.967
-768.165
-750.362
-762.043
-779.542
-780.983
-766.665
-751.322
-696.636
-769.099
-722.402
-753.841
-682.463
-711.12
-753.032
-734.728
-696.181
-676.979
-754.51
-741.046
-753.824
-678.154
-743.275
-723.524
-696.044
-695.118
-746.805
-718.388
-742.885
-733.923
-745.641
-725.506
-739.968
-761.953
-692.633
-765.154
-742.573
-758.062
-691.876
-710.357
-770.694
-723.942
-778.584
-721.311
-707.919
-768.877
-768.662
-771.701
-755.409
-752.376
-833.731
-775.823
-770.369
-806.495
-772.864
-749.588
-737.903
-672.693
-757.436
-746.678
-798.002
-725.283
-749.579
-745.521
-806.18
-735.968
-725.125
-741.543
-712.955
-744.846
-769.598
-781.459
-700.814
-750.532
-768.756
-743.824
-658.866
-752.898
-740.739
-758.645
-733.965
-766.161
-726.052
-785.99
-760.499
-724.107
-722.957
-767.269
-749.786
-745.847
-714.811
-778.196
-739.045
-686.091
-709.908
-720.772
-702.513
-698.184
-712.216
-755.267
-720.303
-706.752
-757.262
-767.082
-785.714
-732.233
-761.004
-786.167
-791.708
-740.297
-691.192
-753.075
-705.336
-658.282
-670.635
-740.661
-772.922
-732.185
-709.512
-691.328
-806.673
-696.528
-708.755
-721.463
-743.679
-733.209
-746.697
-790.33
-794.854
-785.189
-782.234
-764.207
-741.013
-744.429
-743.906
-777.063
-814.315
-740.351
-748.596
-750.176
-733.443
-734.804
-734.473
-748.545
-744.931
-719.239
-782.614
-837.326
-781.454
-759.356
-760.587
-811.316
-784.37
-751.366
-760.485
-760.651
-788.057
-771.689
-759.323
-814.556
-768.819
-799.907
-841.993
-799.028
-777.196
-753.593
-795.373
-768.496
-753.702
-707.77
-745.579
-718.668
-765.882
-801.106
-779.438
-762.292
-746.06
-817.087
-762.75
-748.639
-768.71
-747.406
-731.217
-737.332
-814.958
-774.205
-724.185
-767.243
-742.958
-742.395
-755.931
-787.95
-788.412
-769.97
-790.947
-782.005
-766.34
-787.887
-784.922
-779.084
-733.635
-773.71
-768.991
-738.809
-779.567
-759.805
-800.634
-799.252
-741.382
-749.596
-759.491
-754.589
-744.191
-763.126
-784.195
-733.41
-743.504
-735.852
-754.017
-761.449
-686.035
-769.539
-722.97
-762.823
-742.643
-749.226
-730.066
-791.435
-709.452
-705.104
-766.018
-790.206
-738.747
-762.833
-751.466
-775.176
-728.596
-763.174
-726.78
-739.789
