-84.6
-81.42
-75.98
-79.63
-81.34
-86.1
-79.54
-74.18
-81.9
-72.67
-85.96
-86.24
-76.71
-82.28
-75.22
-79.38
-81.3
-84.22
-81.16
-76.78
-66.82
-73.59
-83.6
-86.46
-67.1
-77.94
-71.07
-79.92
-86.87
-69.4
-81.09
-72.43
-76.99
-78.37
-68.86
-71.34
-76.03
-79.12
-87.44
-78.64
-86.29
-78.98
-76.26
-79.92
-70.43
-73.14
-75.07
-79.22
-76.28
-80.2
-78.74
-81.55
-72.2
-76.69
-74.75
-79.69
-82.5
-74.61
-69.83
-69.11
-89.15
-85.73
-75.35
-64.63
-71.93
-80.71
-73.72
-84.01
-77.29
-82.37
-85.3
-95.68
-86.4
-81.65
-85.49
-75.75
-71.59
-74.36
-68.96
-82.01
-74.75
-84.1
-67.68
-71.84
-81.3
-64.99
-67.17
-72.15
-72.04
-74.38
-70.52
-75.35
-66.6
-74.98
-75.46
-70.58
-70.62
-73.5
-73.38
-75.69
-76.29
-77.99
-66.6
-73.33
-68.46
-66.44
-79.77
-81.56
-78.71
-73.46
-71.89
-88.46
-76.85
-76.54
-78.59
-87.45
-74.9
-74.36
-79.43
-76.87
-92.51
-80.69
-82.83
-74.06
-79.73
-74.49
-83.47
-92.27
-81.77
-78.68
-82.49
-84.61
-78.78
-80.76
-87.11
-74.27
-78.05
-69.68
-76.94
-68.82
-87.44
-78.57
-76.7
-84.8
-70.71
-80.04
-81.92
-86.62
-89.73
-87.76
-83.0
-94.57
-86.1
-84.85
-88.87
-77.13
-86.31
-86.33
-84.34
-82.0
-73.73
-83.39
-78.87
-76.89
-90.0
-89.18
-93.08
-81.18
-89.79
-94.23
-95.84
-91.04
-87.94
-92.62
-91.1
-85.81
-91.36
-93.43
-89.67
-84.83
-93.9
-87.57
-79.75
-89.6
-81.13
-98.47
-77.97
-92.84
-80.18
-86.01
-85.36
-78.03
-86.21
-88.2
-98.44
-90.5
-80.37
-84.31
-75.46
-86.65
-85.57
