-0.349
-0.474
-0.519
-0.416
-0.391
-0.419
-0.425
-0.393
-0.414
-0.347
-0.387
-0.341
-0.367
-0.266
-0.292
-0.428
-0.53
-0.388
-0.476
-0.262
-0.279
-0.471
-0.273
-0.345
-0.286
-0.274
-0.318
-0.282
-0.285
-0.28
-0.254
-0.437
-0.258
-0.266
-0.219
-0.301
-0.233
-0.379
-0.389
-0.34
-0.449
-0.603
-0.357
-0.299
-0.287
-0.375
-0.287
-0.379
-0.332
-0.437
-0.279
-0.291
-0.297
-0.194
-0.213
-0.277
-0.261
-0.222
-0.376
-0.336
-0.299
-0.279
-0.218
-0.352
-0.499
-0.36
-0.442
-0.451
-0.474
-0.538
-0.522
-0.383
-0.479
-0.49
-0.483
-0.367
-0.446
-0.353
-0.273
-0.424
-0.361
-0.33
-0.37
-0.286
-0.288
-0.248
-0.202
-0.282
-0.333
-0.347
-0.307
-0.455
-0.205
-0.343
-0.192
-0.301
-0.306
-0.361
-0.431
-0.424
-0.362
-0.491
-0.389
-0.494
-0.303
-0.403
-0.433
-0.308
-0.402
-0.318
-0.373
-0.509
-0.439
-0.637
-0.399
-0.519
-0.487
-0.426
-0.428
-0.5
-0.591
-0.343
-0.421
-0.464
-0.387
-0.437
-0.465
-0.506
-0.503
-0.62
-0.485
-0.57
-0.495
-0.391
-0.531
-0.382
-0.562
-0.339
-0.375
-0.284
-0.303
-0.394
-0.324
-0.39
-0.49
-0.531
-0.448
-0.324
-0.529
-0.333
-0.366
-0.387
-0.416
-0.335
-0.508
-0.465
-0.477
-0.477
-0.424
-0.502
-0.4
-0.468
-0.458
-0.409
-0.431
-0.42
-0.419
-0.423
-0.475
-0.402
-0.609
-0.388
-0.503
-0.63
-0.583
-0.445
-0.476
-0.592
-0.568
-0.516
-0.45
-0.488
-0.396
-0.499
-0.575
-0.559
-0.535
-0.457
-0.374
-0.402
-0.493
-0.425
-0.578
-0.475
-0.517
-0.474
-0.506
-0.337
-0.441
-0.445
-0.48
