-77.74
-83.99
-68.51
-75.58
-81.92
-82.08
-67.28
-70.69
-63.89
-59.07
-83.36
-79.45
-78.01
-60.03
-74.13
-75.34
-76.07
-84.73
-82.45
-93.18
-91.87
-79.17
-86.64
-72.26
-81.21
-68.39
-67.58
-75.85
-69.63
-85.51
-79.96
-79.71
-71.25
-81.55
-76.28
-63.4
-56.06
-64.24
-63.01
-67.38
-61.96
-75.17
-50.76
-76.55
-60.76
-66.74
-68.38
-71.58
-76.45
-79.2
-73.71
-62.37
-72.21
-68.39
-62.26
-65.39
-81.77
-70.98
-87.73
-71.11
-75.17
-94.8
-74.2
-72.19
-76.38
-74.29
-77.48
-72.74
-72.79
-77.78
-79.68
-86.61
-72.46
-84.28
-68.41
-87.42
-84.5
-83.86
-83.88
-83.81
-84.28
-85.96
-83.4
-90.3
-93.44
-82.01
-84.74
-75.48
-74.67
-78.89
-91.27
-86.74
-79.39
-86.71
-72.02
-67.01
-83.79
-94.06
-89.23
-78.83
-92.12
-84.48
-81.05
-81.9
-79.22
-86.92
-84.76
-97.05
-74.53
-83.53
-82.34
-94.13
-87.82
-82.55
-73.02
-85.81
-104.06
-102.45
-103.2
-97.38
-90.24
-99.06
-100.97
-98.74
-94.5
-95.98
-102.66
-105.73
-107.1
-86.06
-97.78
-97.38
-80.86
-96.49
-78.18
-100.28
-92.55
-103.71
-84.81
-99.03
-94.84
-88.75
-97.35
-91.09
-106.57
-95.8
-84.93
-89.56
-89.69
-92.0
