-511.169
-507.628
-486.002
-499.925
-527.181
-564.781
-537.649
-514.378
-571.819
-515.797
-532.364
-546.26
-516.44
-565.801
-544.224
-513.271
-508.606
-498.18
-515.173
-429.91
-467.345
-510.112
-524.439
-476.216
-485.163
-447.127
-524.423
-482.646
-495.676
-451.648
-516.894
-468.795
-472.567
-493.18
-433.629
-449.095
-524.66
-505.85
-513.404
-495.759
-496.763
-526.022
-516.07
-547.673
-528.065
-444.146
-490.585
-515.93
-548.934
-545.765
-559.034
-566.945
-576.808
-564.443
-544.71
-577.074
-538.396
-562.159
-486.932
-473.152
-569.488
-585.939
-560.351
-457.246
-530.886
-562.411
-594.643
-581.56
-592.814
-620.201
-626.274
-583.947
-637.135
-594.013
-602.701
-572.846
-575.715
-537.411
-507.36
-560.084
-545.485
-585.193
-570.492
-555.355
-530.549
-531.944
-450.449
-459.68
-509.47
-541.44
-467.231
-548.489
-483.222
-518.133
-489.616
-544.217
-553.296
-509.929
-533.353
-503.469
-524.629
-532.907
-516.312
-502.5
-524.933
-492.592
-546.59
-535.749
-589.037
-581.403
-595.53
-599.244
-555.882
-580.648
-547.687
-613.362
-603.126
-580.29
-596.798
-573.887
-603.943
-521.191
-552.452
-573.235
-522.634
-589.346
-632.047
-634.782
-633.689
-579.412
-559.975
-592.556
-588.445
-632.287
-577.66
-531.659
-550.141
-533.296
-502.076
-560.006
-601.591
-595.988
-557.222
-542.836
-542.432
-564.741
-551.819
-571.418
-563.951
-525.688
-611.448
-573.477
-560.945
-576.087
-495.054
-524.893
-549.206
-583.805
-551.187
-585.212
-538.516
-550.28
-489.194
-537.54
-533.45
-567.329
-582.196
-579.93
-581.807
-587.958
-588.21
-540.431
-569.84
-579.971
-611.494
-583.698
-634.803
-649.52
-641.866
-569.589
-630.984
-634.773
-572.354
-621.925
-607.193
-650.319
-599.737
-645.248
-571.758
-577.958
-562.851
-572.712
-557.412
-595.643
-638.1
-629.105
-583.684
-587.841
-612.779
-624.905
-613.049
