-127.53
-128.36
-118.78
-126.33
-124.03
-113.01
-125.05
-135.82
-124.47
-120.41
-119.72
-114.11
-130.91
-117.38
-117.28
-99.03
-125.13
-111.17
-96.59
-113.7
-107.99
-124.71
-126.29
-125.4
-132.03
-114.36
-121.79
-120.01
-106.7
-131.52
-112.78
-123.55
-118.83
-129.29
-100.92
-118.96
-119.81
-119.04
-132.95
-136.88
-124.75
-124.62
-128.71
-109.7
-130.2
-120.98
-114.55
-117.62
-122.3
-125.57
-126.97
-128.48
-119.49
-118.45
-126.67
-119.2
-113.99
-114.91
-129.86
-107.47
-115.86
-126.97
-119.1
-119.6
-111.39
-122.98
-122.22
-130.49
-126.99
-121.08
-115.79
-116.09
-114.0
-98.36
-120.4
-120.92
-117.3
-118.39
-118.76
-124.18
-126.21
-122.14
-122.06
-131.56
-106.19
-120.11
-126.51
-107.39
-128.79
-131.46
-117.94
-125.24
-119.79
-130.1
-119.06
-121.23
-124.81
-133.75
-127.7
-123.59
-115.86
-118.65
-122.57
-130.7
-115.79
-110.7
-118.92
-129.46
-123.04
-110.27
-129.77
-127.02
-128.27
-121.29
-124.9
-108.38
-132.99
-119.61
-127.83
-138.62
-122.48
-111.49
-99.12
-126.39
-115.99
-119.38
-110.1
-132.56
-102.39
-108.87
-115.82
-122.47
-108.69
-129.8
-112.5
-136.6
-130.27
-119.12
-116.7
-118.36
-122.61
-127.99
-113.91
-127.31
-114.92
-122.32
-121.32
-126.65
-121.16
-114.75
