-0.669
-0.522
-0.516
-0.529
-0.73
-0.507
-0.428
-0.407
-0.352
-0.593
-0.523
-0.474
-0.495
-0.624
-0.499
-0.523
-0.44
-0.666
-0.652
-0.402
-0.373
-0.502
-0.571
-0.569
-0.582
-0.569
-0.483
-0.403
-0.39
-0.596
-0.384
-0.535
-0.254
-0.47
-0.506
-0.46
-0.456
-0.684
-0.532
-0.344
-0.387
-0.575
-0.479
-0.493
-0.375
-0.572
-0.554
-0.667
-0.682
-0.5
-0.639
-0.557
-0.461
-0.303
-0.67
-0.578
-0.653
-0.637
-0.611
-0.656
-0.67
-0.552
-0.345
-0.541
-0.475
-0.329
-0.326
-0.382
-0.425
-0.479
-0.416
-0.516
-0.437
-0.587
-0.459
-0.568
-0.627
-0.431
-0.512
-0.556
-0.662
-0.624
-0.483
-0.772
-0.674
-0.602
-0.645
-0.798
-0.514
-0.515
-0.605
-0.52
-0.591
-0.383
-0.645
-0.51
-0.495
-0.554
-0.61
-0.729
-0.605
-0.628
-0.597
-0.553
-0.556
-0.37
-0.455
-0.477
-0.55
-0.488
-0.638
-0.751
-0.684
-0.736
-0.622
-0.749
-0.592
-0.636
-0.771
-0.672
-0.553
-0.789
-0.619
-0.487
-0.498
-0.551
-0.624
-0.464
-0.551
-0.495
-0.574
-0.469
-0.639
-0.616
-0.623
-0.466
-0.398
-0.467
-0.614
-0.531
-0.625
-0.505
-0.556
-0.645
-0.592
-0.46
-0.52
-0.54
-0.545
-0.625
-0.579
-0.7
-0.544
-0.52
-0.677
-0.649
-0.576
-0.642
-0.406
-0.43
-0.561
-0.497
-0.529
-0.617
-0.669
-0.489
-0.678
-0.659
-0.591
-0.744
-0.658
-0.596
-0.625
-0.397
-0.579
-0.753
-0.769
-0.649
-0.56
-0.416
-0.681
-0.621
-0.475
-0.822
-0.594
-0.693
-0.791
-0.675
-0.515
-0.605
-0.473
-0.557
-0.364
-0.573
-0.45
-0.388
-0.634
-0.468
-0.45
-0.614
-0.471
-0.526
-0.583
-0.508
-0.661
-0.318
-0.577
-0.7
-0.633
-0.563
-0.647
-0.522
-0.559
-0.539
-0.472
-0.653
-0.694
-0.538
-0.404
-0.521
-0.788
-0.581
-0.734
-0.54
-0.499
-0.556
-0.348
-0.471
-0.533
-0.525
-0.667
-0.534
-0.485
-0.752
-0.487
-0.512
-0.581
-0.751
-0.568
-0.642
-0.558
-0.512
-0.65
-0.666
-0.602
-0.636
-0.696
-0.595
-0.613
-0.479
-0.585
-0.515
-0.747
-0.752
-0.634
-0.448
-0.728
-0.518
-0.609
-0.659
-0.376
-0.58
-0.55
-0.39
-0.449
-0.541
-0.662
-0.526
-0.634
-0.557
-0.517
-0.494
-0.433
-0.455
-0.72
-0.679
-0.624
-0.724
-0.589
-0.664
-0.533
-0.685
-0.478
-0.72
-0.621
-0.589
-0.468
-0.416
-0.673
-0.627
-0.415
-0.498
-0.5
-0.672
-0.434
-0.307
-0.472
-0.574
-0.58
-0.524
-0.724
-0.61
-0.439
-0.468
-0.495
-0.552
-0.565
-0.663
-0.365
-0.479
-0.516
-0.469
-0.333
-0.72
-0.634
-0.63
-0.537
-0.498
-0.591
-0.549
-0.334
-0.408
-0.638
-0.501
-0.58
-0.571
-0.614
-0.334
-0.573
-0.536
-0.64
-0.653
-0.459
-0.611
-0.428
-0.54
-0.47
-0.496
-0.445
-0.246
-0.629
-0.608
-0.468
-0.668
-0.564
-0.596
-0.575
-0.542
-0.584
-0.571
-0.577
-0.445
-0.621
-0.494
-0.484
-0.45
-0.491
-0.512
-0.448
-0.501
-0.497
-0.545
-0.514
-0.619
-0.411
-0.638
-0.598
-0.328
-0.693
-0.456
-0.737
-0.456
-0.592
-0.437
-0.572
-0.508
-0.618
-0.401
-0.445
-0.526
-0.456
-0.331
-0.607
-0.606
-0.634
-0.554
-0.607
-0.491
-0.526
-0.509
-0.642
-0.529
-0.587
-0.461
-0.65
-0.622
-0.463
-0.309
-0.422
-0.473
-0.48
-0.512
-0.613
-0.586
-0.59
-0.62
-0.35
-0.483
-0.511
-0.617
-0.504
-0.505
-0.649
-0.581
-0.509
-0.52
-0.64
-0.61
-0.578
-0.663
-0.616
-0.544
-0.599
-0.414
-0.687
-0.542
-0.324
-0.547
-0.699
-0.693
-0.623
-0.688
-0.647
-0.666
-0.667
-0.768
-0.635
-0.784
-0.545
-0.673
-0.589
-0.769
-0.522
-0.62
-0.39
-0.588
-0.579
-0.73
-0.63
-0.875
-0.683
