-99.25
-102.56
-110.01
-94.64
-112.91
-110.54
-109.15
-111.72
-106.0
-105.8
-100.91
-109.51
-109.35
-108.04
-107.38
-105.68
-107.71
-112.69
-105.22
-115.08
-105.74
-115.94
-97.28
-100.03
-109.9
-109.77
-114.57
-106.08
-116.24
-104.98
-107.67
-103.81
-102.57
-105.12
-120.4
-110.82
-111.42
-104.14
-112.21
-108.06
-113.0
-114.99
-107.35
-106.51
-100.03
-96.83
-112.32
-110.48
-110.54
-108.58
-106.94
-108.78
-111.23
-103.33
-107.98
-100.77
-102.28
-122.16
-117.85
-117.47
-105.19
-115.58
-108.68
-107.48
-103.96
-103.97
-107.09
-108.94
-101.47
-104.94
-103.46
-94.15
-101.7
-109.44
-107.58
-103.17
-102.55
-110.67
-106.16
-112.89
-111.21
-102.01
-108.99
-103.75
-102.89
-107.88
-100.27
-106.34
-115.63
-118.4
-113.36
-114.14
-118.3
-108.02
-118.69
-113.16
-103.84
-109.27
-106.63
-113.89
-107.38
-116.06
-107.47
-112.11
-114.62
-107.77
-108.27
-103.18
-110.73
-107.08
-114.42
-109.02
-112.87
-113.83
-112.59
-120.87
-115.15
-114.17
-111.65
-107.01
-121.91
-115.58
-102.98
-100.67
-111.41
-113.57
-115.95
-108.52
-110.1
-107.48
-109.65
-109.81
-114.29
-119.74
-111.77
-115.12
-115.92
-111.22
-111.13
-113.06
-117.02
-112.84
-107.68
-112.47
-113.59
-117.39
-117.38
-114.71
-112.53
-110.48
-116.5
-115.66
-111.74
-116.11
-116.52
-109.32
-106.62
-119.1
-105.45
-113.05
-120.15
-111.61
-119.65
-112.06
-117.04
-108.31
-117.5
-118.6
-118.95
-125.14
-105.72
-111.08
-104.93
-110.09
-118.98
-115.68
-113.66
-123.38
-112.08
-109.98
-108.55
-121.87
-124.0
-122.08
-108.42
-125.06
-118.06
-107.29
-117.93
-115.09
-108.69
-118.21
-103.17
-110.65
-101.59
-113.18
-115.83
-110.23
-109.39
-116.39
-111.62
-115.52
-111.32
-106.57
-108.05
-117.04
-110.3
-100.35
-99.38
-112.36
-113.54
-119.67
-112.01
-101.04
-106.05
-115.45
-111.78
-115.47
-105.77
-107.94
-122.42
-120.22
-104.46
-107.74
-102.26
-110.24
-100.66
-103.49
-113.63
-101.54
-117.36
-106.34
-104.29
-112.53
-105.08
-106.41
-103.74
-113.51
-95.68
-105.88
-119.51
-115.0
-120.62
-116.98
-119.08
-115.48
-118.54
-111.31
-114.2
-118.69
-110.06
-120.35
-122.23
-115.27
-121.38
-116.21
-113.62
-123.4
-117.56
-116.57
-118.28
-104.91
-125.5
-105.54
-118.78
-109.95
-119.49
-119.83
-114.45
-111.37
-107.16
-114.14
-108.79
-112.79
-117.12
-106.92
-104.17
-120.65
-101.7
-120.31
-108.43
-116.21
-110.98
-113.57
-120.71
-126.78
-115.96
-115.48
-108.15
-112.19
-103.88
-110.45
-112.68
-108.31
-107.04
-108.1
-107.22
-110.59
-116.02
-111.16
-112.34
-112.98
-108.45
-112.97
-105.95
-109.01
-107.67
-109.69
-108.68
-113.47
-108.33
-108.75
-110.85
-115.99
-117.28
-116.96
-115.87
-115.89
-107.97
-109.67
-110.97
-109.19
-112.62
-109.19
-105.1
-97.4
-106.3
-104.9
-115.23
-114.34
-125.55
-112.67
-112.51
-116.17
-113.81
-110.9
-116.17
-120.06
-113.28
-117.8
-110.84
-120.6
-112.03
-111.09
-107.02
-126.33
-108.45
-106.05
-99.82
-110.87
-100.82
-118.69
-116.23
-115.0
-119.09
-100.79
-114.89
-113.45
-110.76
-115.15
-116.61
-109.96
-115.0
-113.52
-112.67
-111.86
-117.01
-109.06
-104.02
-113.93
-123.31
-111.8
-122.64
-123.08
-126.46
-121.18
-118.83
-107.27
-103.94
-120.71
-110.25
-123.37
-117.88
-109.9
-104.55
-112.76
-115.83
-128.46
-116.77
-113.13
-112.93
-115.8
-116.66
-118.63
-117.38
-114.31
-110.94
-117.87
-120.52
-119.61
-115.01
-118.27
-115.8
-112.3
-106.66
-111.8
-121.66
-110.94
-116.12
-120.38
-117.5
-112.59
-105.84
-110.11
-112.7
-109.02
-107.28
-110.44
-98.71
-107.97
-102.15
-109.38
-106.98
-105.3
-108.91
-108.24
-115.08
-103.35
-116.04
-109.43
-103.35
-100.06
-113.29
-111.46
-117.48
-107.43
-112.27
-113.9
-108.57
-112.36
-103.91
-117.98
-99.88
-111.49
-109.9
-105.01
-109.3
-91.17
-102.24
-92.86
-115.03
