-672.422
-679.217
-675.107
-643.313
-641.754
-641.129
-693.388
-688.226
-635.005
-638.317
-677.763
-625.929
-649.565
-672.988
-694.229
-700.192
-658.343
-702.806
-729.834
-685.588
-687.327
-708.722
-667.46
-668.622
-681.953
-712.339
-691.299
-658.91
-675.06
-711.278
-667.763
-677.131
-622.591
-670.564
-731.124
-736.217
-686.68
-667.29
-707.858
-711.159
-670.929
-662.026
-639.422
-575.721
-590.531
-642.729
-628.147
-657.243
-690.106
-661.677
-687.662
-711.257
-625.839
-658.391
-657.067
-670.497
-652.715
-674.769
-678.406
-693.12
-660.187
-681.39
-681.199
-663.753
-671.24
-649.452
-701.807
-637.306
-644.743
-648.452
-636.481
-689.864
-675.613
-661.873
-685.206
-649.004
-659.659
-659.741
-633.436
-699.791
-668.439
-668.195
-691.145
-729.769
-648.35
-679.54
-703.382
-685.451
-704.996
-741.411
-667.771
-680.0
-739.661
-704.643
-689.043
-721.003
-670.339
-686.827
-702.217
-684.234
-647.497
-685.047
-685.416
-694.174
-673.088
-644.84
-675.998
-660.708
-696.991
-637.755
-670.126
-703.929
-721.643
-683.128
-659.364
-695.873
-698.171
-670.566
-708.243
-660.598
-653.821
-668.476
-671.052
-624.867
-690.58
-679.517
-646.057
-647.738
-660.471
-668.988
-670.296
-709.958
-667.416
-718.194
-649.13
-690.516
-642.956
-692.233
-734.497
-800.381
-742.818
-672.731
-663.079
-760.267
-676.357
-719.527
-692.883
-744.313
-699.149
-702.715
-710.912
-650.091
-696.328
-736.788
-700.54
-679.822
-677.055
-692.671
-639.119
-643.19
-655.427
-669.947
-729.006
-708.712
-680.374
-670.165
-712.715
-707.615
-693.444
-742.314
-712.138
-731.367
-723.151
-721.595
-684.681
-669.287
-714.403
-729.759
-695.093
-720.988
-680.388
-762.742
-714.61
-734.222
-690.231
-763.839
-734.499
-705.159
-691.172
-687.457
-711.073
-683.343
-643.123
-685.71
-706.888
-668.413
-700.682
-710.38
-692.27
-654.401
-657.879
-676.575
-701.413
-696.638
-670.972
-678.799
-661.28
-645.049
-616.805
-603.734
-664.154
-683.805
-642.863
-658.006
-664.671
-658.032
-642.545
-637.782
-647.704
-697.236
-729.713
-653.35
-634.799
-664.348
-638.281
-658.019
-687.974
-658.654
-660.136
-631.409
-656.992
-658.16
-641.074
-672.561
-686.189
-618.319
-697.001
-684.014
-632.996
-655.243
-689.558
-730.404
-711.405
-719.455
-700.747
-773.519
-725.716
-719.966
-673.466
-704.924
-761.261
-733.788
-719.133
-682.81
-691.137
-706.326
-700.09
-695.055
-709.781
-719.281
-699.321
-688.312
-765.237
-708.206
-673.758
-712.636
-697.82
-689.776
-676.336
-677.497
-657.688
-722.123
-651.384
-681.056
-700.965
-594.753
-642.772
-686.886
-631.571
-625.985
-656.086
-687.129
-667.026
-664.29
-679.635
-684.167
-655.147
-702.141
-652.995
-714.133
-707.345
-673.207
-681.806
-644.215
-697.881
-683.602
-684.806
-645.166
-665.427
-645.384
-666.411
-696.181
-717.573
-692.857
-690.942
-655.55
-605.445
-643.494
-681.658
-661.52
-664.158
-674.701
-688.418
-733.192
-650.768
-681.749
-622.052
-587.048
-679.833
-673.809
-731.933
-693.681
-702.369
-658.156
-616.749
-673.265
-697.01
-653.094
-672.626
-676.468
-695.763
-712.47
-679.682
-729.597
-636.862
-678.461
-700.743
-716.562
-678.584
-712.009
-704.677
-686.656
-716.699
-699.309
-709.343
-723.602
-715.588
-703.631
-701.731
-691.767
-655.446
-673.235
-674.273
-689.615
-679.605
-647.628
-676.192
-667.145
-667.293
-666.106
-713.768
-714.376
-739.241
-707.345
-665.618
-679.658
-681.087
-655.487
-642.306
-675.063
-691.369
-660.803
-697.148
-677.741
-674.89
-673.946
-714.142
-668.566
-629.947
-685.028
-691.982
-657.787
-714.349
-672.918
-706.954
-713.441
-665.476
-721.411
-680.795
-703.788
-714.398
-708.821
-692.623
-709.764
-697.11
-713.896
-701.708
-700.081
-695.237
-699.207
-736.711
-676.395
-689.762
-683.662
-678.73
-676.088
-695.057
-704.099
-707.517
-688.211
-708.883
-692.333
-634.659
-683.497
-646.654
-659.49
-635.918
-626.145
-603.053
-669.76
-652.167
-621.251
-668.675
-656.131
-690.001
-669.709
-681.624
-666.105
-703.888
-656.787
-672.301
-648.615
-685.851
-679.94
-742.479
-682.221
-653.692
-719.293
-666.925
-654.004
-660.609
-677.107
-633.437
-650.097
-705.726
-676.414
-670.494
-688.801
-624.921
-616.042
-661.048
