-843.948
-817.742
-852.471
-829.082
-834.114
-905.386
-837.338
-782.436
-891.635
-782.562
-800.42
-817.311
-825.086
-830.061
-814.16
-879.208
-819.829
-846.425
-841.362
-786.363
-833.15
-825.208
-811.835
-862.157
-905.171
-885.588
-877.482
-873.701
-880.789
-892.796
-866.07
-833.337
-874.919
-882.52
-881.424
-899.766
-874.672
-783.822
-913.424
-859.496
-798.866
-836.581
-895.623
-829.839
-828.478
-801.294
-825.871
-864.818
-882.826
-897.285
-872.734
-860.292
-843.515
-913.16
-885.619
-892.587
-852.372
-838.575
-826.354
-781.508
-832.251
-775.382
-841.52
-840.985
-873.551
-812.702
-788.161
-795.702
-818.835
-862.934
-893.709
-772.462
-826.462
-823.699
-823.223
-898.487
-849.009
-868.561
-854.081
-844.995
-882.339
-837.441
-810.517
-869.639
-829.258
-898.476
-823.408
-809.872
-880.298
-823.218
-827.429
-805.831
-851.522
-840.668
-846.647
-854.655
-849.928
-817.429
-825.444
-810.938
-835.628
-836.118
-759.632
-820.449
-825.324
-832.174
-786.143
-809.478
-763.994
-769.049
-834.47
-727.778
-795.329
-734.451
-837.489
-774.347
-761.109
-848.071
-791.721
-820.479
-865.529
-785.082
-820.401
-812.475
-818.298
-834.504
-849.702
-845.961
-811.631
-820.874
-753.918
-790.494
-838.946
-820.856
-792.736
-830.902
-823.395
-867.814
-855.62
-790.568
-812.865
-797.662
-792.526
-816.397
-776.971
-823.383
-796.214
-773.539
-854.227
-810.638
-832.359
-846.076
-772.855
-786.502
-771.102
-777.916
-795.611
-819.674
-786.635
-847.79
-820.423
-863.86
-789.708
-812.776
-850.637
-769.923
-816.905
-832.601
-823.76
-828.563
-830.565
-812.743
-802.37
-837.717
-800.643
-797.753
-816.949
-811.514
-798.062
-737.09
-819.993
-809.377
-816.363
-795.205
-815.249
-842.229
-826.961
-817.683
-791.943
-813.184
-805.213
-812.19
-777.87
-778.721
-812.89
-787.555
-831.878
-832.276
-803.437
-811.69
-852.816
-816.907
-840.406
-793.882
-792.958
-804.329
-775.692
-840.432
-795.938
-741.791
-756.976
-796.986
-758.101
-814.625
-752.192
-832.792
-857.963
-844.543
-822.184
-865.264
-826.619
-748.844
-804.314
-826.39
-826.542
-832.072
-809.931
-808.457
-864.578
-803.013
-809.417
-823.115
-811.432
-790.581
-810.834
-781.34
-822.405
-832.966
-803.521
-811.737
-813.1
-844.935
-799.076
-751.621
-792.365
-818.12
-822.205
-832.216
-846.055
-846.249
-848.339
-816.217
-825.243
-810.544
-775.296
-828.854
-817.384
-858.521
-805.277
-824.98
-798.945
-843.104
-796.671
-754.352
-775.378
-802.177
-792.658
-831.091
-790.286
-817.358
-822.64
-844.111
-824.249
-813.163
-784.083
-840.261
-823.822
-802.223
-807.792
-841.816
-807.945
-879.549
-827.609
-865.854
-790.688
-826.755
-810.395
-752.495
-737.792
-733.414
-801.122
-769.74
-771.542
-778.257
-777.744
-799.628
-772.645
-769.35
-751.816
-764.851
-763.255
-780.624
-830.013
-789.539
-873.264
-808.133
-780.094
-820.214
-793.483
-832.071
-842.356
-858.6
-804.405
-841.996
-849.302
-820.711
-842.149
-817.41
-834.58
-787.964
-800.806
-783.45
-760.838
-786.532
-810.922
-845.242
-840.342
-770.049
-858.315
-796.152
-778.498
-861.865
-844.191
-759.418
-804.386
-811.196
-809.175
-781.198
-716.652
-764.178
-804.836
-707.352
-808.613
-839.682
-817.285
-801.78
-883.687
-853.771
-836.857
-883.605
-845.434
-857.395
-831.204
-860.527
-815.52
-844.805
-878.52
-874.577
-877.92
-856.069
-911.758
-861.999
-844.045
-895.79
-859.877
-875.602
-815.332
-785.153
-843.759
-852.816
-803.779
-872.514
-805.623
-812.768
-872.432
-831.493
-797.802
-815.81
-857.342
-814.783
-895.889
-820.172
-805.085
-867.412
-829.261
-821.436
-812.664
-900.147
-878.824
-833.246
-834.413
-820.495
-778.095
-826.364
-829.167
-806.04
-832.252
-834.2
-868.878
-856.143
-831.21
-858.658
-807.892
-839.343
-800.822
-870.158
-816.231
-775.884
-813.958
-860.152
-852.516
-867.938
-840.686
-887.612
-868.41
-852.72
-835.746
-813.246
-822.895
-848.757
-818.928
-817.965
-844.064
-832.953
-836.0
-827.796
-855.356
-837.158
-831.171
-876.649
-898.17
-820.73
-835.322
-823.318
-837.988
-834.276
-815.841
-807.376
-830.766
-826.123
-830.64
-809.787
-862.631
-816.863
-826.331
-810.594
-751.329
-782.821
-776.126
-759.971
-803.531
