-0.98
-1.035
-0.923
-1.043
-0.858
-1.079
-0.967
-1.106
-1.124
-1.082
-1.082
-1.124
-0.97
-0.935
-1.006
-1.019
-0.795
-1.046
-0.895
-0.919
-0.883
-1.05
-0.863
-0.878
-1.007
-0.988
-0.866
-1.026
-1.163
-1.077
-0.803
-0.956
-0.848
-1.163
-1.096
-1.134
-1.105
-0.913
-1.225
-1.005
-0.911
-0.811
-1.168
-0.829
-0.963
-1.054
-1.049
-1.159
-0.993
-0.985
-1.031
-1.019
-0.769
-0.935
-0.699
-1.015
-0.967
-0.858
-0.837
-0.694
-0.813
-0.947
-0.97
-1.017
-1.094
-0.981
-0.942
-0.789
-0.942
-0.978
-0.943
-0.927
-0.845
-0.81
-0.864
-0.921
-0.891
-0.93
-0.91
-0.963
-1.115
-0.966
-0.86
-0.86
-1.049
-1.0
-0.786
-0.863
-0.951
-0.903
-0.825
-0.813
-0.92
-1.054
-0.931
-0.605
-1.091
-0.791
-1.053
-0.85
-0.874
-1.059
-0.94
-0.828
-0.953
-0.841
-0.879
-0.922
-0.834
-0.732
-0.625
-0.793
-0.778
-0.982
-0.992
-0.793
-0.742
-0.812
-0.944
-0.654
-0.92
-0.861
-0.768
-0.699
-0.799
-0.7
-0.852
-0.74
-0.818
-0.909
-0.708
-0.704
-0.767
-0.684
-0.772
-0.772
-0.646
-0.666
-0.773
-0.589
-0.638
-0.655
-0.81
-0.772
-0.591
-0.67
-0.682
-0.666
-0.8
-0.831
-0.715
-0.646
-0.613
-0.993
-0.732
-0.775
-0.636
-0.662
-0.747
-0.903
-0.757
-0.729
-0.614
-0.711
-0.722
-0.678
-0.771
-0.547
-0.761
-0.65
-0.748
-0.681
-0.684
-0.712
-0.603
-0.776
-0.776
-0.724
-0.594
-0.637
-0.877
-0.794
-0.831
-0.752
-0.815
-0.513
-0.595
-0.884
-0.628
-0.771
-0.722
-0.846
-0.75
-0.945
-0.668
-0.787
-0.793
-0.813
-0.867
-0.638
-0.875
-0.734
-0.888
-0.81
-0.817
-0.863
-0.781
-0.66
-0.893
-0.593
-0.641
-0.744
-0.77
-0.625
-0.707
-0.614
-0.698
-0.754
-0.647
-0.941
-0.593
-0.757
-0.818
-0.815
-0.803
-0.749
-0.45
-0.781
-0.749
-0.595
-0.637
-0.84
-0.45
-0.463
-0.532
-0.661
-0.734
-0.807
-0.805
-0.694
-0.666
-0.584
-0.652
-0.76
-0.758
-0.853
-0.586
-0.739
-0.764
-0.774
-1.05
-0.716
-0.963
-0.752
-0.557
-0.74
-0.752
-0.693
-0.663
-0.595
-0.746
-0.721
-0.76
-0.773
-0.479
-0.529
-0.701
-0.768
-0.772
-0.891
-0.668
-0.735
-0.713
-0.731
-0.678
-0.765
-0.517
-0.706
-0.697
-0.772
-0.785
-0.812
-1.034
-0.853
-0.699
-0.738
-0.66
-0.723
-0.649
-0.713
-0.844
-0.693
-0.695
-0.808
-0.742
-0.568
-0.563
-0.841
-0.611
-0.574
-0.755
-0.845
-0.792
-0.47
-0.478
-0.709
-0.748
-0.844
-0.573
-0.73
-0.791
-0.91
-0.854
-0.822
-1.043
-0.572
-0.664
-0.682
-0.646
-0.845
-0.632
-0.735
-0.693
-0.728
-0.763
-0.702
-0.845
-0.685
-0.841
-1.005
-0.753
-0.766
-0.768
-0.711
-0.787
-0.693
-0.859
-0.75
-0.71
-0.667
-0.882
-0.791
-0.714
-0.782
-0.871
-0.871
-0.869
-0.976
-0.856
-1.027
-1.019
-1.058
-0.833
-0.886
-0.784
-0.713
-0.919
-1.037
-0.822
-0.917
-0.811
-0.778
-1.01
-0.954
-0.848
-0.966
-0.945
-0.801
-1.033
-0.921
-0.72
-0.736
-0.774
-1.012
-0.888
-0.783
-0.827
-0.784
-0.782
-0.744
-0.948
-0.935
-0.928
-0.881
-0.863
-0.941
-0.844
-0.736
-0.79
-0.749
-0.986
-0.866
-0.754
-0.815
-0.766
-0.8
-0.859
-0.761
-0.796
-0.854
-1.074
-0.951
-0.843
-0.941
-0.72
-0.701
-0.744
-0.728
-0.912
-0.829
-0.948
-0.824
-1.054
-0.914
-0.776
-0.864
-0.841
-0.815
-0.76
-0.763
-0.857
-1.012
-0.943
-0.772
-0.805
-0.911
-0.878
-0.769
-0.853
-0.974
-0.877
-0.962
-0.7
-0.783
-0.794
-0.797
-0.655
-0.831
-0.964
-0.762
-0.884
-0.858
-0.847
-1.139
-0.791
-0.684
-0.681
-0.883
-0.828
-0.728
-0.853
