-128.88
-143.08
-122.3
-141.21
-141.29
-134.4
-117.91
-131.12
-127.52
-129.95
-117.89
-118.25
-126.83
-136.85
-129.54
-125.88
-136.25
-127.4
-131.74
-142.54
-133.76
-118.49
-131.09
-130.44
-142.9
-133.5
-152.56
-143.84
-140.76
-137.56
-123.76
-132.97
-124.32
-142.53
-131.18
-133.57
-133.35
-126.34
-133.4
-134.73
-126.38
-135.56
-136.32
-130.19
-141.72
-139.83
-116.71
-119.69
-128.33
-116.63
-137.12
-133.37
-112.13
-128.29
-138.29
-128.02
-129.06
-121.87
-123.74
-122.44
-141.76
-115.14
-121.3
-115.65
-123.94
-115.88
-109.39
-125.03
-118.31
-139.26
-132.44
-135.82
-134.44
-119.49
-141.87
-141.74
-114.73
-134.06
-134.2
-127.28
-116.08
-129.92
-137.43
-138.99
-139.89
-140.38
-136.08
-132.57
-139.23
-123.26
-129.51
-124.88
-129.07
-124.6
-125.62
-131.18
-124.74
-126.07
-136.56
-131.55
-137.31
-130.16
-116.57
-121.14
-118.18
-117.81
-130.25
-142.12
-110.11
-126.97
-134.64
-132.99
-130.19
-145.67
-145.79
-125.05
-139.94
-131.34
-132.23
-133.23
-134.28
-128.29
-126.43
-138.1
-138.27
-134.42
-133.87
-132.44
-137.88
-124.79
-129.28
-133.7
-131.32
-136.76
-139.7
-134.51
-132.71
-136.28
-132.6
-142.24
-125.02
-137.26
-132.62
-149.87
-143.95
-137.28
-129.86
-145.85
-132.61
-140.22
