-117.66
-117.36
-103.32
-108.93
-106.63
-103.39
-108.03
-106.91
-109.96
-123.99
-99.93
-103.6
-106.1
-102.98
-101.35
-105.03
-116.43
-111.19
-96.9
-113.23
-99.19
-114.24
-102.87
-119.36
-108.28
-105.58
-113.21
-105.91
-113.74
-110.46
-108.35
-115.64
-105.22
-101.0
-118.79
-111.79
-116.99
-110.51
-116.3
-114.76
-108.67
-119.02
-110.87
-113.26
-92.93
-110.49
-120.69
-107.34
-121.91
-114.84
-127.36
-112.83
-110.63
-117.01
-117.24
-117.37
-106.15
-118.21
-114.51
-114.7
-114.01
-113.86
-109.77
-116.21
-110.73
-107.15
-120.62
-114.82
-117.85
-119.87
-114.0
-104.41
-108.78
-116.58
-125.02
-111.92
-119.93
-113.26
-116.21
-122.47
-108.44
-113.12
-111.47
-126.61
-120.79
-102.63
-111.23
-112.75
-104.26
-121.66
-94.93
-110.59
-116.44
-108.35
-115.53
-107.14
-112.23
-101.86
-105.34
-114.9
-108.12
-113.74
-112.43
-116.32
-128.13
-108.8
-115.09
-107.97
-110.19
-110.21
-102.18
-102.66
-115.63
-113.81
-108.1
-90.43
-91.08
-101.02
-107.02
-107.09
-98.94
-112.64
-107.56
-101.91
-115.57
-106.38
-104.28
-109.87
-102.7
-110.8
-104.37
-111.9
-103.45
-108.49
-119.4
-121.04
-124.2
-99.79
-116.74
-108.75
-116.49
-114.88
-115.35
-109.02
-106.45
-105.52
-115.3
-108.54
-105.61
-101.88
-106.49
-113.79
-105.93
-102.41
-112.5
-100.25
-109.88
-117.95
-100.68
-107.99
-107.0
-103.98
-108.6
-108.16
-118.55
-103.76
-119.67
-112.85
-110.28
-116.21
-116.02
-112.04
-109.44
-114.5
-124.38
-115.91
-103.65
-96.05
-110.55
-91.89
-106.22
-114.76
-112.02
-99.23
-115.7
-112.33
-106.37
-116.45
-112.19
-115.49
-115.31
-108.22
-108.72
-125.41
-119.01
-111.65
-115.85
-124.0
-114.32
-112.57
-109.59
-118.43
-113.29
-119.55
-106.7
-106.13
-113.9
-114.36
-112.32
-108.78
-107.03
-102.24
-108.66
-113.64
-105.48
-109.54
-115.06
-113.73
-107.48
-120.73
-116.79
-95.16
-113.86
-130.55
-115.59
-99.96
-106.14
-113.7
-116.6
-110.75
-99.29
-121.72
-107.49
-98.35
-118.48
-108.63
-97.26
-105.88
-89.49
-105.13
-108.45
-105.93
-113.49
-111.26
-107.33
-104.69
-105.62
-111.82
-114.31
-103.65
-104.54
-118.61
-100.04
-114.62
-102.75
-109.71
-111.75
-108.45
-124.32
-102.62
-106.72
-111.94
-101.08
-111.72
-115.13
-111.24
-108.96
-107.06
-108.06
-106.62
-109.48
-105.12
-113.77
-114.28
-103.97
-106.24
-119.88
-122.58
-112.14
-109.75
-103.01
-113.54
-112.78
-102.41
-104.54
-105.26
-114.31
-109.82
-106.9
-95.71
-108.0
-107.03
-113.01
-109.7
-102.85
-106.87
-111.85
-111.27
-112.71
-107.78
-113.42
-117.35
-111.1
-108.64
-115.7
-107.46
-115.66
-107.79
-117.81
-104.11
-119.07
-108.0
-116.85
-120.99
-111.58
-109.55
-98.38
-112.51
-92.62
-104.25
-109.6
-94.15
-111.77
-102.66
-112.87
-119.62
-112.62
-119.23
-106.79
-117.22
-113.43
-109.89
-109.02
-105.75
-103.23
-100.73
-108.31
-103.79
-103.19
-100.68
-104.71
-99.59
-108.58
-102.93
-105.37
-105.12
-110.59
-111.09
-114.96
-107.65
-120.68
-111.99
-109.37
-117.25
-117.34
-113.64
-125.84
-119.02
-118.96
-121.36
-119.9
-128.5
-121.43
-119.94
-117.19
-114.92
-115.06
-111.2
-123.21
-121.31
-115.94
-117.85
-120.2
-119.75
-125.68
-119.38
-106.59
-119.45
-123.53
-113.86
-125.35
-112.85
-113.88
-115.24
-121.32
-120.38
-108.66
-119.96
-114.16
-101.43
-114.84
-116.34
-106.59
-117.73
-107.48
-109.13
-116.09
-110.58
-103.09
-109.04
-113.85
-111.45
-113.55
-112.13
-107.26
-109.94
-96.42
-108.65
-108.72
-107.64
-121.71
-111.33
-118.09
-105.05
-110.72
-116.32
-114.67
-86.64
-107.62
-118.85
-125.61
-129.22
-121.99
-117.53
-117.31
-124.71
-105.99
-113.1
-120.18
-118.49
-112.1
-125.0
-130.05
-105.56
-111.6
-108.67
-119.11
-112.47
-120.15
-113.34
-105.72
-112.14
-124.14
-120.74
-111.57
-104.36
-113.31
-114.26
-119.27
-107.12
-108.08
