-126.32
-128.11
-125.12
-130.89
-139.36
-132.76
-136.61
-129.39
-131.66
-125.42
-121.22
-135.65
-130.8
-127.75
-140.77
-126.82
-127.06
-132.78
-123.18
-121.66
-116.07
-124.91
-125.23
-112.83
-131.77
-129.19
-134.86
-118.39
-124.15
-128.31
-123.4
-119.14
-111.56
-119.65
-135.78
-119.22
-112.35
-125.8
-117.86
-104.06
-104.3
-114.26
-119.11
-115.18
-119.4
-121.63
-131.23
-114.58
-121.04
-121.16
-119.1
-123.44
-128.18
-120.25
-118.81
-118.11
-126.58
-124.77
-121.23
-119.45
-125.14
-130.05
-108.06
-118.75
-126.76
-122.77
-109.68
-110.65
-105.25
-107.0
-106.15
-108.64
-109.09
-114.4
-128.05
-121.44
-131.4
-132.98
-111.34
-127.19
-110.25
-125.13
-111.83
-125.55
-101.97
-130.14
-106.74
-113.36
-121.09
-128.21
-122.55
-128.07
-122.23
-124.48
-113.09
-101.74
-118.88
-120.32
-135.33
-123.13
-122.4
-122.27
-112.32
-129.25
-127.61
-106.87
-122.84
-136.19
-120.68
-124.0
-129.43
-106.61
-110.87
-133.33
-125.95
-131.16
-122.89
-133.2
-139.26
-126.66
-126.12
-137.54
-128.16
-120.63
-125.86
-125.58
-134.42
-125.66
-126.13
-118.24
-123.58
-141.03
-138.78
-137.06
-127.58
-132.26
-123.79
-123.7
-128.59
-124.77
-115.31
-128.86
-132.4
-141.36
-133.48
-136.79
-124.5
-123.19
-134.41
-136.24
