-128.75
-130.13
-115.55
-111.47
-106.81
-112.75
-120.15
-118.98
-120.79
-118.37
-104.52
-106.59
-112.33
-109.23
-100.06
-111.66
-114.37
-114.75
-103.41
-120.46
-114.21
-122.23
-104.09
-111.32
-114.92
-115.57
-113.55
-107.22
-110.47
-108.77
-121.19
-117.44
-114.19
-114.55
-102.89
-118.65
-118.61
-117.72
-113.36
-121.69
-111.4
-119.42
-108.9
-125.95
-111.25
-121.49
-121.36
-117.41
-109.71
-116.33
-116.84
-118.57
-116.42
-122.52
-126.24
-119.63
-117.93
-118.58
-120.88
-119.44
-115.28
-126.96
-120.09
-124.66
-122.81
-119.11
-120.1
-117.57
-114.88
-110.16
-117.99
-118.35
-115.38
-115.2
-119.86
-119.43
-118.88
-112.41
-112.71
-109.45
-114.3
-104.68
-111.72
-118.97
-122.58
-118.92
-113.71
-120.69
-109.96
-114.41
-114.7
-113.98
-118.62
-116.21
-118.55
-118.21
-115.44
-113.91
-110.65
-119.54
-112.93
-109.43
-111.55
-114.62
-112.55
-104.5
-107.49
-107.7
-109.39
-103.84
-106.44
-104.72
-114.01
-100.35
-120.09
-107.66
-107.71
-100.93
-92.31
-108.84
-104.02
-100.71
-111.63
-115.43
-115.73
-119.27
-119.95
-111.81
-110.53
-121.53
-114.17
-116.5
-105.96
-106.03
-102.84
-118.36
-105.33
-109.28
-114.46
-109.58
-123.77
-122.31
-107.9
-105.18
-107.8
-110.3
-105.86
-117.98
-120.85
-115.64
-116.33
-108.27
-113.39
-117.19
-115.36
-102.86
-102.85
-121.41
-110.82
-98.58
-119.05
-97.92
-102.73
-117.08
-116.62
-108.88
-115.03
-120.82
-117.68
-119.21
-114.01
-121.9
-110.71
-120.99
-125.83
-117.18
-125.3
-110.35
-123.48
-117.12
-121.25
-122.53
-119.71
-126.94
-117.73
-127.77
-116.73
-111.64
-123.45
-119.42
-105.73
-118.51
-121.86
-113.33
-124.26
-122.34
-121.25
-122.27
-123.56
-116.57
-114.86
-119.39
-122.85
-121.12
-121.9
-127.09
-130.5
-111.73
-115.61
-111.1
-107.73
-116.94
-113.0
-111.08
-119.28
-117.68
-115.69
-117.68
-108.67
-111.2
-111.87
-121.42
-115.77
-123.79
-111.92
-126.08
-128.6
-122.97
-119.06
-121.83
-118.27
-117.12
-122.08
-120.79
-120.17
-126.59
-133.56
-122.49
-129.75
-108.13
-117.12
-115.34
-110.95
-123.12
-125.81
-118.84
-111.56
-123.57
-116.98
-116.81
-112.83
-109.48
-127.72
-128.61
-120.71
-120.04
-128.83
-121.95
-124.68
-128.62
-117.58
-127.15
-115.85
-123.97
-122.42
-128.26
-124.1
-118.72
-115.15
-118.7
-119.58
-116.88
-127.24
-126.47
-126.69
-123.14
-132.24
-127.68
-124.66
-129.81
-128.22
-114.17
-132.51
-132.28
-130.94
-124.97
-130.53
-127.11
-120.34
-122.18
-128.16
-119.33
-117.17
-119.04
-122.8
-125.28
-121.64
-121.98
-124.94
-127.91
-113.5
-124.38
-115.27
-128.29
-119.75
-121.13
-121.02
-113.27
-117.54
-112.92
-129.46
-130.02
-124.37
-124.15
-123.47
-123.6
-122.5
-130.65
-133.16
-120.81
-120.2
-126.06
-124.44
-122.86
-116.86
-122.43
-123.41
-126.37
-109.93
-123.56
-114.84
-116.73
-113.7
-120.09
-117.94
-119.04
-114.88
-115.48
-118.58
-109.83
-120.42
-102.9
-110.0
-124.3
-104.72
-115.77
-124.97
-116.46
-111.49
-123.86
-116.72
-115.15
-110.36
-109.33
-115.85
-116.1
-95.5
-107.98
-107.95
-114.99
-123.25
-115.82
-137.64
-114.94
-113.0
-118.34
-123.34
-119.67
-124.33
-111.44
-113.36
-124.63
-132.5
-128.05
-118.47
-112.91
-128.01
-132.63
-119.07
-129.3
-126.7
-129.65
-107.11
-132.75
-128.94
-131.43
-120.07
-117.99
-124.23
-125.12
-112.07
-114.54
-119.26
-123.43
-118.37
-123.75
-111.16
-123.12
-120.21
-116.63
-111.57
-119.66
-115.59
-123.29
-108.91
-129.3
-104.86
-112.54
-105.65
-110.46
-113.91
-105.21
-117.86
-114.8
-112.4
-116.09
-106.88
-108.88
-106.52
-114.59
-103.33
-110.19
-101.1
-108.35
-108.68
-104.65
-115.64
-129.87
-120.11
-130.32
-125.85
-114.97
-121.11
-118.43
-121.4
-124.85
-128.37
-102.6
-114.35
-105.25
-118.92
-117.53
-125.7
-123.31
-111.51
-122.76
-109.54
-120.9
-116.78
-109.7
-106.56
