-797.457
-782.261
-783.159
-678.61
-630.831
-649.641
-724.646
-681.781
-700.966
-652.691
-622.324
-669.106
-663.372
-668.806
-667.009
-663.798
-694.563
-666.835
-677.701
-737.707
-706.32
-707.722
-641.851
-712.949
-636.384
-626.015
-687.737
-700.965
-675.705
-687.685
-697.016
-646.729
-677.603
-575.181
-679.564
-683.65
-688.966
-677.246
-680.549
-707.509
-699.939
-694.05
-669.361
-682.931
-741.835
-734.143
-717.788
-600.887
-700.394
-681.369
-704.861
-743.196
-694.323
-689.775
-725.352
-713.344
-740.606
-703.465
-763.581
-708.726
-680.127
-754.445
-747.205
-697.221
-750.0
-762.552
-735.125
-701.07
-687.138
-720.589
-652.867
-717.06
-765.636
-689.63
-715.976
-713.814
-749.059
-720.904
-675.667
-759.856
-714.049
-694.262
-686.395
-693.829
-740.705
-688.472
-661.275
-733.938
-704.239
-642.848
-706.34
-675.812
-716.618
-633.921
-688.014
-699.475
-690.73
-714.875
-724.441
-690.015
-706.213
-678.174
-705.004
-719.262
-687.262
-665.594
-688.115
-725.174
-673.331
-684.387
-700.62
-721.91
-683.784
-713.363
-715.002
-709.417
-703.67
-671.331
-616.944
-643.954
-629.968
-686.772
-641.524
-672.349
-774.381
-730.725
-762.229
-726.765
-672.421
-730.262
-709.334
-762.978
-678.132
-679.399
-692.761
-740.121
-700.831
-707.278
-696.954
-768.295
-751.994
-759.773
-682.798
-677.083
-675.406
-654.731
-701.474
-683.761
-720.899
-706.149
-701.269
-714.564
-686.578
-683.858
-682.005
-656.204
-690.569
-720.831
-713.241
-680.346
-737.54
-705.444
-671.25
-685.441
-730.603
-669.223
-650.361
-750.473
-736.349
-713.733
-726.949
-767.689
-744.624
-696.065
-730.556
-718.963
-718.628
-730.137
-706.153
-751.457
-713.654
-815.78
-744.165
-737.857
-732.826
-712.176
-702.102
-696.368
-725.409
-727.595
-672.356
-666.676
-784.957
-679.579
-756.426
-764.653
-722.243
-752.297
-740.278
-744.971
-717.163
-731.324
-756.032
-765.15
-695.48
-769.956
-742.781
-773.607
-763.917
-700.45
-718.319
-732.653
-669.674
-692.734
-740.008
-723.041
-690.398
-705.296
-695.034
-739.177
-763.087
-752.324
-747.412
-742.498
-812.786
-798.018
-754.456
-841.498
-752.092
-769.543
-768.426
-731.038
-774.585
-739.658
-773.03
-766.272
-788.708
-697.095
-763.328
-756.527
-738.523
-708.993
-687.571
-766.732
-774.769
-785.848
-772.862
-743.428
-706.36
-739.489
-739.069
-727.585
-743.176
-751.222
-742.834
-731.724
-728.708
-726.309
-768.445
-822.767
-780.063
-751.29
-753.518
-776.333
-740.64
-737.073
-713.736
-768.563
-763.54
-802.708
-728.9
-798.083
-776.503
-749.936
-849.376
-815.429
-794.913
-800.05
-818.991
-799.499
-800.213
-724.103
-790.478
-824.418
-723.499
-725.214
-750.472
-764.655
-753.208
-706.336
-689.28
-763.94
-706.221
-743.57
-736.816
-757.781
-748.208
-791.332
-750.307
-761.102
-715.145
-778.98
-737.011
-768.11
-692.504
-693.538
-723.39
-690.724
-725.203
-738.147
-757.737
-749.387
-744.151
-718.537
-755.463
-704.256
-771.762
-769.487
-756.774
-660.119
-658.643
-677.583
-789.14
-721.4
-734.031
-749.737
-756.411
-742.697
-745.396
-729.58
-708.21
-721.581
-683.347
-726.013
-727.711
-732.624
-730.114
-721.095
-670.349
-654.729
-750.474
-727.342
-699.179
-742.972
-750.23
-753.888
-746.589
-748.884
-751.46
-703.986
-712.554
-741.859
-762.371
-722.665
-749.073
-768.896
-655.63
-740.034
-680.794
-731.7
-726.712
-765.075
-749.138
-809.593
-734.595
-743.289
-755.368
-715.474
-700.885
-703.432
-799.858
-757.407
-790.285
-711.758
-819.112
-776.423
-791.824
-824.09
-815.706
-829.286
-798.99
-797.553
-778.794
-780.785
-796.463
-775.486
-736.903
-731.066
-802.872
-796.28
-721.937
-756.946
-759.679
-739.021
-769.085
-841.373
-725.116
-745.432
-765.388
-742.091
-754.077
-694.414
-715.215
-741.401
-733.874
-762.793
-718.776
-737.289
-740.698
-759.038
-695.183
-730.268
-688.199
-727.441
-773.165
-790.347
-755.424
-752.326
-699.331
-767.168
-736.973
-711.833
-681.915
-721.128
-746.156
-719.092
-745.015
-760.774
-778.19
-736.211
-759.911
-737.831
-740.203
-752.224
-809.484
-802.957
-733.503
-773.626
-726.175
-703.577
-773.923
-769.431
-763.606
-822.28
-785.84
-793.441
-742.141
-746.617
-742.097
-710.326
-696.445
