-0.425
-0.62
-0.678
-0.506
-0.573
-0.507
-0.506
-0.622
-0.485
-0.614
-0.496
-0.662
-0.615
-0.512
-0.366
-0.507
-0.527
-0.621
-0.568
-0.61
-0.628
-0.516
-0.512
-0.534
-0.76
-0.591
-0.424
-0.477
-0.638
-0.495
-0.456
-0.487
-0.572
-0.631
-0.639
-0.652
-0.555
-0.523
-0.513
-0.563
-0.538
-0.642
-0.512
-0.724
-0.553
-0.537
-0.749
-0.786
-0.645
-0.719
-0.462
-0.59
-0.559
-0.661
-0.719
-0.588
-0.572
-0.551
-0.685
-0.678
-0.602
-0.515
-0.671
-0.607
-0.602
-0.551
-0.428
-0.424
-0.467
-0.533
-0.631
-0.425
-0.625
-0.604
-0.559
-0.531
-0.7
-0.524
-0.642
-0.633
-0.546
-0.736
-0.502
-0.764
-0.727
-0.7
-0.598
-0.609
-0.549
-0.545
-0.566
-0.538
-0.633
-0.467
-0.671
-0.58
-0.622
-0.406
-0.67
-0.74
-0.654
-0.558
-0.526
-0.517
-0.59
-0.564
-0.651
-0.685
-0.372
-0.503
-0.59
-0.468
-0.446
-0.692
-0.579
-0.452
-0.504
-0.549
-0.569
-0.598
-0.647
-0.476
-0.567
-0.476
-0.713
-0.671
-0.651
-0.609
-0.513
-0.737
-0.551
-0.615
-0.673
-0.705
-0.517
-0.654
-0.647
-0.668
-0.697
-0.586
-0.533
-0.682
-0.631
-0.608
-0.371
-0.519
-0.392
-0.713
-0.513
-0.637
-0.63
-0.777
-0.67
-0.673
-0.619
-0.59
-0.563
-0.691
-0.545
-0.586
-0.548
-0.478
-0.473
-0.426
-0.493
-0.504
-0.426
-0.562
-0.715
-0.575
-0.584
-0.58
-0.577
-0.69
-0.644
-0.7
-0.577
-0.364
-0.688
-0.648
-0.621
-0.747
-0.745
-0.841
-0.84
-0.734
-0.708
-0.607
-0.855
-0.594
-0.82
-0.727
-0.755
-0.936
-0.821
-0.964
-0.646
-0.715
-0.741
-0.738
-0.768
-0.608
-0.713
-0.721
-0.607
-0.79
-0.693
-0.615
-0.579
-0.644
-0.473
-0.465
-0.626
-0.527
-0.512
-0.657
-0.634
-0.638
-0.422
-0.675
-0.823
-0.655
-0.754
-0.556
-0.595
-0.843
-0.758
-0.73
-0.776
-0.635
-0.702
-0.6
-0.666
-0.449
-0.605
-0.517
-0.687
-0.482
-0.668
-0.793
-0.655
-0.765
-0.59
-0.769
-0.672
-0.557
-0.818
-0.55
-0.709
-0.702
-0.749
-0.719
-0.59
-0.812
-0.806
-0.786
-0.663
-0.596
-0.681
-0.678
-0.507
-0.546
-0.714
-0.802
-0.757
-0.712
-0.571
-0.727
-0.697
-0.6
-0.803
-0.664
-0.731
-0.684
-0.704
-0.537
-0.769
-0.747
-0.545
-0.781
-0.687
-0.658
-0.821
-0.62
-0.833
-0.563
-0.762
-0.683
-0.593
-0.575
-0.637
-0.444
-0.514
-0.669
-0.763
-0.817
-0.484
-0.52
-0.575
-0.578
-0.571
-0.508
-0.645
-0.677
-0.59
-0.545
-0.749
-0.524
-0.31
-0.678
-0.597
-0.506
-0.615
-0.731
-0.546
-0.444
-0.541
-0.591
-0.571
-0.571
-0.487
-0.531
-0.49
-0.551
-0.72
-0.598
-0.613
-0.483
-0.67
-0.589
-0.583
-0.725
-0.693
-0.587
-0.597
-0.666
-0.528
-0.422
-0.611
-0.79
-0.699
-0.654
-0.497
-0.654
-0.753
-0.675
-0.662
-0.517
-0.655
-0.557
-0.487
-0.679
-0.492
-0.611
-0.592
-0.703
-0.725
-0.706
-0.692
-0.526
-0.839
-0.737
-0.765
-0.605
-0.572
-0.75
-0.621
-0.535
-0.63
-0.629
-0.517
-0.387
-0.49
-0.588
-0.696
-0.677
-0.562
-0.817
-0.657
-0.696
-0.699
-0.793
-0.755
-0.796
-0.971
-0.605
-0.754
-0.915
-0.793
-0.838
-0.558
-0.639
-0.648
-0.646
-0.713
-0.954
-0.736
-0.591
-0.665
-0.584
-0.555
-0.603
-0.621
-0.534
-0.457
-0.495
-0.392
-0.595
-0.625
-0.412
-0.568
-0.498
-0.564
-0.473
-0.522
-0.692
-0.526
-0.437
-0.578
-0.542
-0.541
-0.685
-0.641
-0.403
-0.531
-0.463
-0.318
-0.384
-0.553
-0.558
-0.484
-0.478
-0.418
-0.57
-0.592
-0.337
-0.593
-0.564
-0.42
-0.536
-0.629
-0.583
-0.493
-0.63
-0.331
-0.498
-0.562
-0.561
-0.495
-0.394
-0.442
