-0.165
-0.449
-0.427
-0.331
-0.441
-0.268
-0.444
-0.355
-0.297
-0.4
-0.379
-0.397
-0.401
-0.335
-0.415
-0.343
-0.55
-0.371
-0.365
-0.218
-0.275
-0.489
-0.131
-0.416
-0.384
-0.321
-0.329
-0.395
-0.389
-0.542
-0.4
-0.439
-0.392
-0.249
-0.442
-0.462
-0.624
-0.351
-0.174
-0.306
-0.298
-0.328
-0.224
-0.294
-0.364
-0.327
-0.444
-0.378
-0.286
-0.495
-0.474
-0.599
-0.591
-0.484
-0.463
-0.466
-0.377
-0.464
-0.358
-0.551
-0.494
-0.618
-0.423
-0.353
-0.445
-0.365
-0.346
-0.345
-0.345
-0.464
-0.32
-0.378
-0.394
-0.402
-0.403
-0.292
-0.371
-0.427
-0.537
-0.503
-0.334
-0.312
-0.334
-0.459
-0.551
-0.344
-0.409
-0.166
-0.426
-0.388
-0.214
-0.56
-0.42
-0.348
-0.384
-0.445
-0.441
-0.548
-0.387
-0.483
-0.458
-0.465
-0.697
-0.474
-0.541
-0.811
-0.586
-0.598
-0.542
-0.316
-0.494
-0.497
-0.654
-0.618
-0.82
-0.7
-0.664
-0.547
-0.539
-0.576
-0.526
-0.54
-0.734
-0.578
-0.605
-0.783
-0.654
-0.594
-0.689
-0.496
-0.543
-0.55
-0.586
-0.71
-0.927
-0.719
-0.846
-0.641
-0.452
-0.493
-0.599
-0.594
-0.666
-0.557
-0.567
-0.659
-0.622
-0.456
-0.661
-0.642
-0.509
-0.647
-0.555
-0.373
-0.455
-0.735
-0.618
-0.704
-0.742
-0.594
-0.601
-0.589
-0.822
-0.648
-0.699
-0.681
-0.596
-0.472
-0.654
-0.606
-0.59
-0.691
-0.387
-0.418
-0.468
-0.627
-0.463
-0.425
-0.585
-0.615
-0.562
-0.375
-0.517
-0.667
-0.498
-0.638
-0.446
-0.523
-0.484
-0.407
-0.621
-0.524
-0.492
-0.46
-0.486
-0.535
-0.602
-0.54
-0.471
-0.511
-0.498
-0.476
-0.525
-0.597
-0.661
-0.375
-0.581
-0.623
-0.599
-0.404
-0.438
-0.543
-0.584
-0.758
-0.671
-0.646
-0.59
-0.668
-0.626
-0.403
-0.533
-0.555
-0.551
-0.45
-0.585
-0.615
-0.729
-0.581
-0.75
-0.743
-0.685
-0.519
-0.658
-0.845
-0.89
-0.78
-0.749
-0.745
-0.677
-0.652
-0.661
-0.558
-0.522
-0.634
-0.643
-0.513
-0.471
-0.469
-0.622
-0.426
-0.523
-0.622
-0.571
-0.733
-0.481
-0.493
-0.458
-0.396
-0.64
-0.851
-0.709
-0.522
-0.664
-0.763
-0.504
-0.512
-0.627
-0.584
-0.544
-0.464
-0.587
-0.562
-0.494
-0.526
-0.608
-0.59
-0.64
-0.675
-0.78
-0.637
-0.587
-0.731
-0.636
-0.478
-0.603
-0.534
-0.685
-0.643
-0.76
-0.518
-0.518
-0.543
-0.474
-0.646
-0.562
-0.605
-0.33
-0.612
-0.653
-0.534
-0.677
-0.732
-0.585
-0.742
-0.653
-0.726
-0.657
-0.565
-0.709
-0.423
-0.627
-0.501
-0.738
-0.627
-0.869
-0.791
-0.434
-0.587
-0.468
-0.649
-0.482
-0.411
-0.461
-0.258
-0.328
-0.409
-0.401
-0.499
-0.323
-0.352
-0.381
-0.426
-0.549
-0.317
-0.44
-0.373
-0.526
-0.61
-0.645
-0.472
-0.551
-0.514
-0.625
-0.34
-0.558
-0.548
-0.471
-0.624
-0.685
-0.706
-0.571
-0.518
-0.676
-0.522
-0.656
-0.536
-0.466
-0.775
-0.604
-0.716
-0.439
-0.69
-0.46
-0.605
-0.624
-0.414
-0.456
-0.684
-0.461
-0.756
-0.703
-0.394
-0.618
-0.464
-0.46
-0.844
-0.54
-0.868
-0.584
-0.594
-0.705
-0.493
-0.592
-0.414
-0.706
-0.489
-0.684
-0.729
-0.603
-0.45
-0.518
-0.378
-0.583
-0.487
-0.262
-0.467
-0.467
-0.658
-0.684
-0.545
-0.505
-0.442
-0.456
-0.601
-0.467
-0.46
-0.415
-0.38
-0.421
-0.4
-0.44
-0.647
-0.684
-0.502
-0.349
-0.378
-0.64
-0.466
-0.425
-0.402
-0.632
-0.507
-0.62
-0.412
-0.384
-0.417
-0.473
-0.302
-0.318
-0.435
-0.326
-0.447
-0.312
-0.382
-0.42
-0.344
-0.46
-0.711
-0.503
-0.575
-0.521
-0.546
-0.402
-0.575
-0.58
-0.451
-0.527
-0.365
-0.326
-0.462
-0.357
