-100.39
-96.6
-103.43
-102.51
-102.07
-92.91
-97.1
-101.29
-106.11
-97.08
-88.55
-95.37
-101.56
-87.65
-98.59
-100.98
-93.22
-97.86
-91.07
-97.47
-93.84
-94.53
-95.57
-93.41
-95.55
-105.3
-98.87
-97.97
-100.11
-108.2
-96.23
-106.1
-103.32
-101.41
-109.7
-99.69
-110.03
-103.05
-94.6
-94.35
-104.19
-91.44
-103.44
-101.79
-99.85
-104.64
-93.01
-102.9
-99.33
-99.58
-106.19
-100.44
-88.16
-96.74
-99.45
-92.78
-102.3
-99.93
-103.98
-103.09
-109.7
-103.64
-99.54
-111.36
-104.75
-105.56
-100.35
-99.5
-93.69
-96.74
-101.96
-98.06
-93.39
-89.84
-96.85
-88.34
-95.69
-95.8
-99.0
-98.27
-99.89
-100.49
-95.14
-99.29
-92.69
-100.79
-103.73
-98.23
-94.67
-98.54
-88.82
-107.52
-102.79
-103.07
-89.35
-102.14
-96.1
-93.08
-101.43
-99.9
-89.9
-97.68
-93.21
-96.51
-101.41
-103.25
-111.56
-106.71
-106.95
-113.33
-89.09
-102.13
-108.36
-106.34
-104.88
-107.46
-96.88
-103.18
-108.26
-113.03
-113.21
-113.11
-102.22
-106.63
-112.76
-108.7
-111.26
-114.68
-101.27
-114.32
-108.7
-106.57
-105.89
-104.8
-104.27
-108.69
-109.8
-102.39
-115.42
-109.87
-115.6
-117.43
-112.84
-107.28
-107.71
-102.17
-107.33
-105.33
-114.74
-100.62
-106.1
-107.2
-103.69
-106.78
-111.23
-109.01
-108.66
-95.3
-111.87
-111.07
-115.75
-113.53
-102.71
-109.43
-127.51
-111.17
-103.67
-112.95
-105.27
-113.32
-100.0
-110.96
-111.08
-110.47
-110.44
-99.27
-111.4
-113.12
-97.51
-112.82
-107.2
-105.96
-112.86
-112.56
-103.7
-103.01
-101.09
-110.93
-101.17
-106.64
-114.9
-110.53
-104.24
-106.47
-113.04
-113.52
-110.78
-105.41
-102.14
-105.43
-115.5
-96.49
-103.62
-95.8
-101.76
-101.25
-102.68
-104.03
-97.47
-95.46
-105.08
-111.49
-114.02
-109.64
-110.58
-107.24
-114.7
-100.4
-113.12
-105.31
-105.05
-112.95
-109.73
-109.61
-109.39
-115.93
-106.64
-114.24
-116.86
-110.73
-113.33
-114.19
-116.09
-121.05
-115.27
-109.98
-120.78
-111.0
-103.64
-110.18
-109.6
-107.86
-104.12
-109.59
-109.7
-106.66
-94.94
-90.54
-113.67
-101.69
-111.64
-109.74
-106.08
-107.94
-115.51
-116.67
-114.7
-109.89
-124.26
-119.05
-101.17
-113.57
-110.36
-115.35
-101.91
-106.75
-111.66
-115.18
-106.74
-102.49
-98.51
-107.24
-104.46
-102.51
-109.71
-113.7
-104.09
-108.74
-121.17
-117.61
-115.54
-110.54
-104.73
-103.63
-106.39
-112.92
-115.25
-117.35
-112.59
-114.2
-118.43
-112.99
-113.49
-111.26
-122.77
-103.79
-99.1
-114.69
-114.36
-111.61
-98.82
-111.07
-113.95
-108.28
-107.04
-93.5
-105.1
-103.75
-107.57
-103.99
-100.45
-103.28
-97.62
-99.94
-103.76
-96.17
-95.56
-107.76
-104.73
-94.93
-93.53
-100.0
-93.04
-102.28
-105.75
-104.32
-90.04
-98.53
-101.63
-105.3
-101.01
-101.72
-100.95
-96.84
-104.89
-99.01
-103.31
-104.46
-104.3
-103.96
-98.74
-97.66
-103.65
-101.08
-108.74
-113.73
-102.99
-118.14
-113.59
-105.06
-117.1
-114.65
-119.58
-110.42
-111.55
-110.0
-111.0
-110.74
-118.79
-113.9
-112.03
-105.5
-121.89
-124.39
-108.63
-103.13
-118.06
-108.3
-116.87
-108.63
-118.39
-119.77
-112.55
-106.15
-110.75
-115.28
-116.31
-111.01
-103.52
-111.9
-112.56
-106.54
-97.29
-109.58
-115.49
-118.01
-112.98
-110.91
-121.75
-115.19
-114.91
-99.36
-107.42
-103.11
-116.32
-118.52
-116.96
-115.23
-111.06
-108.75
-104.56
-103.04
-100.17
-100.44
-96.76
-104.54
-106.07
-97.77
-93.57
-111.57
-98.88
-117.38
-121.73
-112.37
-104.72
-107.2
-110.56
-116.27
-122.96
-110.29
-112.1
-104.35
-108.75
-100.12
-102.1
-93.34
-106.5
-102.32
-97.07
-105.63
-100.26
-98.54
-94.7
-96.33
-101.29
-106.71
-120.73
-104.35
-104.44
-108.57
-91.42
-98.61
-105.62
-113.35
-115.17
-106.85
-109.36
-110.0
-104.91
-87.05
-100.2
