-646.609
-563.94
-644.716
-673.337
-672.726
-610.379
-669.803
-665.207
-688.222
-685.569
-650.48
-663.875
-655.644
-626.493
-655.45
-605.269
-604.438
-573.941
-638.127
-607.854
-601.802
-579.788
-563.38
-572.57
-677.585
-608.386
-682.629
-670.879
-663.308
-623.134
-647.873
-701.482
-643.152
-687.927
-674.23
-685.656
-678.606
-659.078
-695.872
-666.306
-653.684
-668.938
-664.931
-632.359
-620.77
-690.302
-670.165
-643.252
-710.059
-701.539
-706.217
-653.726
-717.127
-710.731
-703.87
-692.85
-681.474
-746.064
-714.441
-743.343
-735.555
-726.676
-716.57
-721.096
-696.132
-691.437
-722.224
-708.171
-673.031
-653.897
-681.398
-629.166
-625.644
-602.978
-662.908
-593.215
-653.957
-676.023
-637.77
-672.758
-682.431
-688.917
-681.878
-693.576
-655.793
-625.574
-688.589
-678.244
-674.054
-678.518
-648.552
-685.138
-641.592
-692.821
-666.137
-688.896
-704.924
-670.903
-651.787
-651.434
-626.451
-642.108
-659.354
-687.148
-730.465
-679.521
-662.03
-671.021
-676.705
-647.074
-658.725
-673.696
-656.688
-666.162
-670.894
-669.962
-658.124
-623.059
-664.017
-619.383
-617.34
-659.13
-672.254
-651.779
-633.889
-677.605
-643.482
-674.319
-725.955
-694.314
-683.666
-684.354
-628.12
-673.071
-620.763
-633.938
-680.067
-683.131
-706.416
-676.163
-742.912
-705.611
-678.47
-698.802
-649.563
-663.58
-707.952
-699.456
-663.213
-660.453
-647.122
-703.029
-689.095
-675.739
-695.668
-700.214
-689.97
-670.287
-708.433
-642.744
-662.928
-650.14
-655.368
-661.788
-659.705
-691.432
-636.689
-701.329
-629.233
-666.746
-668.359
-757.669
-679.324
-644.577
-718.613
-668.006
-669.578
-672.715
-626.058
-681.862
-724.313
-720.975
-709.743
-694.246
-697.387
-668.157
-699.836
-728.053
-642.126
-657.832
-686.975
-657.304
-674.103
-672.12
-687.041
-699.037
-671.941
-681.013
-712.252
-678.242
-666.737
-653.19
-657.475
-650.252
-678.7
-688.735
-658.758
-679.088
-662.074
-718.801
-691.855
-721.537
-701.78
-728.718
-729.437
-693.511
-699.135
-718.547
-666.48
-708.175
-686.917
-688.792
-733.768
-715.041
-716.575
-666.946
-684.414
-757.551
-766.832
-748.688
-750.261
-668.08
-690.243
-740.163
-737.539
-729.971
-742.246
-683.11
-666.052
-645.317
-697.204
-619.463
-644.279
-702.314
-723.133
-697.485
-683.962
-690.54
-682.057
-705.088
-678.336
-752.891
-665.642
-705.261
-741.084
-706.841
-740.638
-690.741
-680.122
-740.625
-732.204
-714.199
-720.976
-738.511
-664.188
-723.821
-672.775
-686.252
-720.567
-683.523
-702.414
-636.089
-671.666
-712.718
-710.6
-704.792
-736.442
-711.131
-733.595
-755.078
-739.497
-734.091
-753.901
-744.732
-749.986
-725.058
-759.839
-790.725
-734.251
-717.314
-734.522
-786.209
-709.747
-739.406
-678.454
-667.505
-660.398
-673.227
-688.121
-739.173
-667.763
-691.719
-742.722
-831.991
-705.313
-694.587
-741.848
-667.485
-679.959
-671.608
-724.999
-695.688
-762.41
-700.16
-703.294
-731.727
-719.78
-696.794
-691.996
-704.128
-680.41
-724.71
-739.819
-705.179
-715.557
-705.657
-738.833
-711.29
-675.495
-668.577
-743.49
-670.329
-728.571
-660.995
-657.977
-702.171
-699.838
-674.478
-798.725
-778.259
-730.265
-712.217
-686.455
-733.744
-685.316
-741.677
-703.19
-783.525
-796.807
-692.508
-713.576
-759.604
-787.355
-706.702
-687.876
-668.308
-765.21
-746.729
-745.969
-760.558
-770.625
-739.147
-778.168
-794.099
-769.604
-727.424
-749.088
-809.912
-769.887
-745.685
-730.046
-771.063
-725.117
-722.997
-740.183
-737.87
-722.512
-762.207
-701.534
-750.227
-768.62
-709.706
-702.865
-766.988
-789.133
-787.075
-784.922
-770.9
-780.016
-868.696
-781.419
-734.028
-797.079
-817.057
-771.493
-812.163
-776.485
-818.963
-821.14
-723.066
-777.255
-760.775
-717.003
-765.02
-776.236
-752.699
-727.569
-713.674
-734.812
-805.408
-734.33
-760.269
-760.917
-751.136
-732.829
-740.113
-751.81
-794.152
-800.37
-852.729
-833.242
-770.79
-718.265
-731.553
-710.42
-710.431
-695.196
-736.014
-719.89
-721.002
-701.511
-701.969
-731.523
-709.477
-683.698
-748.195
-768.324
-725.64
-733.597
-679.076
-647.492
-716.455
-730.448
-794.929
-709.648
-716.712
-745.526
-666.846
-690.832
-604.714
-652.225
