-110.77
-112.19
-105.96
-105.66
-114.76
-104.85
-110.27
-112.85
-109.61
-121.33
-122.48
-121.73
-122.6
-132.53
-114.72
-109.15
-103.33
-109.32
-108.58
-104.37
-108.48
-90.37
-102.79
-94.36
-104.23
-101.93
-94.41
-110.38
-103.82
-106.85
-103.47
-101.36
-107.56
-111.74
-110.44
-107.11
-114.15
-103.71
-107.16
-110.57
-91.06
-116.71
-104.34
-107.66
-111.59
-118.79
-108.05
-108.24
-119.36
-110.96
-95.0
-93.75
-106.12
-102.66
-123.16
-105.82
-121.18
-116.81
-122.21
-119.58
-112.59
-114.55
-110.61
-118.53
-118.77
-110.68
-112.91
-101.37
-122.09
-105.33
-117.68
-124.3
-122.31
-116.28
-119.07
-126.2
-118.51
-119.11
-115.26
-111.6
-127.37
-112.57
-106.98
-109.68
-108.78
-104.64
-113.37
-122.15
-122.59
-116.7
-137.24
-134.26
-124.42
-121.55
-113.92
-126.58
-117.62
-115.17
-127.81
-109.36
-114.25
-124.97
-108.97
-112.92
-125.6
-119.2
-114.86
-113.46
-122.45
-116.72
-124.65
-125.46
-111.82
-127.65
-142.02
-127.85
-124.22
-131.34
-114.69
-122.03
-107.48
-124.08
-127.05
-108.33
-117.95
-105.92
-112.63
-116.46
-108.76
-123.06
-121.52
-130.51
-110.81
-114.72
-125.7
-124.64
-119.22
-118.21
-111.0
-111.82
-114.54
-112.22
-113.96
-112.9
-121.0
-126.64
-110.76
-114.55
-108.95
-111.79
