-723.094
-716.865
-725.926
-726.289
-695.581
-718.151
-746.152
-737.92
-755.18
-736.661
-735.461
-714.937
-717.205
-704.319
-705.69
-679.094
-767.738
-744.207
-758.23
-715.733
-692.036
-714.936
-726.498
-671.258
-692.442
-645.226
-727.164
-717.022
-744.262
-684.224
-646.084
-684.744
-672.581
-718.72
-723.528
-710.785
-685.244
-701.196
-667.348
-698.997
-631.989
-641.272
-660.951
-649.216
-649.74
-696.356
-731.973
-727.481
-688.091
-734.666
-711.596
-669.622
-743.616
-722.178
-667.725
-648.005
-694.682
-750.173
-735.054
-709.132
-641.153
-712.119
-717.744
-689.212
-653.972
-746.655
-716.99
-735.825
-720.377
-724.686
-719.537
-675.502
-698.81
-733.365
-653.994
-694.092
-691.391
-651.733
-677.258
-621.363
-647.045
-668.126
-699.787
-709.645
-735.684
-731.774
-725.926
-717.016
-714.983
-720.241
-703.915
-728.947
-731.137
-674.423
-710.954
-700.021
-719.802
-759.738
-699.713
-750.179
-695.687
-736.154
-662.014
-700.103
-737.866
-666.66
-719.655
-690.562
-668.824
-669.321
-679.984
-708.874
-676.985
-649.207
-645.673
-616.745
-697.567
-681.778
-660.587
-693.755
-592.562
-676.707
-667.71
-631.698
-652.513
-631.128
-662.367
-630.757
-677.12
-685.231
-634.242
-656.776
-651.06
-663.706
-665.541
-664.259
-637.782
-660.589
-701.946
-690.762
-703.783
-701.919
-675.317
-653.5
-685.487
-647.196
-618.061
-701.209
-633.096
-681.149
-691.454
-692.801
-642.209
-548.182
-586.921
-625.156
-570.643
-659.752
-651.78
-659.935
-666.903
-701.173
-561.686
-681.331
-654.407
-631.105
-705.95
-743.217
-669.167
-697.59
-646.16
-644.495
-635.793
-698.213
-691.497
-682.263
-662.416
-712.289
-658.44
-651.8
-700.849
-670.168
-639.501
-651.329
-625.553
-703.04
-651.598
-650.528
-682.248
-635.254
-625.521
-681.971
-680.31
-711.646
-740.149
-707.462
-691.894
-672.568
-764.748
-752.331
-745.738
-691.172
-653.616
-740.6
-716.964
-734.859
-737.688
-659.419
-661.312
-700.716
-712.604
-715.496
-676.851
-703.405
-669.096
-720.064
-674.099
-715.607
-629.846
-618.991
-662.06
-691.69
-659.963
-673.018
-668.366
-686.307
-686.397
-691.515
-682.958
-655.817
-576.056
-644.759
-692.819
-708.168
-640.455
-722.588
-733.64
-704.699
-725.255
-699.883
-663.848
-641.675
-696.033
-662.259
-671.754
-669.13
-694.128
-708.437
-671.084
-671.539
-684.865
-761.89
-676.448
-700.243
-694.498
-710.643
-665.621
-731.297
-702.284
-709.464
-668.986
-692.299
-634.196
-672.503
-656.638
-652.433
-629.709
-614.353
-627.789
-611.272
-657.294
-635.875
-556.048
-668.671
-658.415
-685.507
-702.175
-687.977
-597.472
-605.227
-690.145
-652.803
-688.121
-645.396
-692.935
-670.034
-675.091
-692.567
-704.489
-691.998
-702.607
-684.672
-688.152
-671.459
-622.406
-688.675
-663.535
-648.955
-661.701
-656.831
-637.1
-682.091
-668.381
-625.219
-623.395
-642.558
-654.963
-629.661
-634.402
-659.051
-654.476
-632.543
-615.929
-669.331
-726.057
-709.868
-681.096
-656.726
-739.709
-683.584
-687.749
-717.459
-713.734
-655.801
-728.108
-679.145
-684.122
-697.873
-651.302
-647.5
-681.613
-693.97
-730.235
-751.635
-708.837
-742.696
-717.103
-715.491
-603.399
-667.318
-692.878
-726.964
-676.963
-734.679
-700.961
-712.014
-733.493
-699.292
-748.371
-676.454
-712.791
-749.149
-696.074
-722.807
-739.686
-701.619
-714.044
-765.596
-782.544
-793.403
-778.428
-752.982
-769.738
-741.456
-741.92
-748.055
-768.898
-763.619
-756.314
-783.585
-804.866
-803.485
-775.724
-732.121
-770.2
-728.976
-777.58
-715.926
-743.369
-733.619
-837.275
-752.368
-795.971
-693.182
-745.678
-695.899
-730.857
-748.381
-759.015
-734.225
-819.869
-757.742
-769.953
-761.229
-755.813
-736.209
-787.932
-737.588
-735.346
-765.11
-788.749
-756.105
-767.195
-780.163
-789.086
-697.343
-770.302
-720.641
-734.354
-755.613
-714.259
-680.96
-678.845
-736.522
-706.426
-687.663
-678.58
-688.826
-691.51
-742.427
-692.768
-660.623
-669.355
-677.802
-708.688
-712.247
-736.996
-707.361
-708.354
-708.632
-726.151
-673.579
-650.912
-702.783
-686.492
-688.324
-713.877
-644.123
-678.586
-704.571
-652.713
-650.566
-677.431
-690.711
-700.9
-631.701
-679.478
-714.027
-712.256
-709.363
-614.93
