-0.356
-0.576
-0.439
-0.477
-0.414
-0.377
-0.515
-0.485
-0.609
-0.44
-0.542
-0.364
-0.525
-0.335
-0.475
-0.458
-0.495
-0.413
-0.535
-0.359
-0.442
-0.388
-0.415
-0.323
-0.507
-0.392
-0.513
-0.469
-0.542
-0.416
-0.276
-0.445
-0.407
-0.564
-0.387
-0.372
-0.383
-0.382
-0.556
-0.517
-0.271
-0.437
-0.664
-0.522
-0.335
-0.38
-0.339
-0.633
-0.377
-0.429
-0.475
-0.425
-0.446
-0.454
-0.368
-0.401
-0.492
-0.552
-0.501
-0.429
-0.365
-0.344
-0.492
-0.341
-0.426
-0.562
-0.608
-0.64
-0.492
-0.579
-0.487
-0.558
-0.561
-0.483
-0.446
-0.447
-0.437
-0.503
-0.535
-0.487
-0.499
-0.506
-0.393
-0.504
-0.504
-0.518
-0.401
-0.453
-0.537
-0.318
-0.374
-0.572
-0.469
-0.226
-0.608
-0.426
-0.518
-0.414
-0.526
-0.518
-0.613
-0.363
-0.499
-0.549
-0.477
-0.497
-0.428
-0.501
-0.467
-0.409
-0.22
-0.509
-0.516
-0.402
-0.552
-0.465
-0.538
-0.595
-0.393
-0.428
-0.37
-0.507
-0.56
-0.502
-0.414
-0.524
-0.408
-0.343
-0.346
-0.408
-0.508
-0.472
-0.441
-0.415
-0.424
-0.394
-0.533
-0.641
-0.341
-0.361
-0.415
-0.472
-0.385
-0.351
-0.242
-0.402
-0.584
-0.437
-0.438
-0.464
-0.467
-0.465
-0.422
-0.274
-0.414
-0.404
-0.409
-0.514
-0.525
-0.411
-0.409
-0.585
-0.388
-0.255
-0.425
-0.478
-0.377
-0.502
-0.566
-0.75
-0.466
-0.711
-0.583
-0.376
-0.551
-0.426
-0.575
-0.428
-0.558
-0.519
-0.385
-0.487
-0.446
-0.449
-0.48
-0.638
-0.344
-0.336
-0.674
-0.667
-0.505
-0.478
-0.428
-0.551
-0.468
-0.636
-0.613
-0.349
-0.618
-0.577
-0.404
-0.445
-0.56
-0.424
-0.81
-0.455
-0.545
-0.428
-0.399
-0.36
-0.505
-0.543
-0.411
-0.589
-0.497
-0.418
-0.562
-0.396
-0.365
-0.39
-0.337
-0.517
-0.407
-0.449
-0.438
-0.547
-0.413
-0.448
-0.462
-0.53
-0.381
-0.548
-0.645
-0.456
-0.378
-0.528
-0.477
-0.612
-0.536
-0.471
-0.392
-0.556
-0.271
-0.458
-0.473
-0.522
-0.574
-0.619
-0.331
-0.408
-0.555
-0.623
-0.376
-0.415
-0.419
-0.653
-0.545
-0.515
-0.477
-0.458
-0.432
-0.534
-0.477
-0.481
-0.482
-0.396
-0.364
-0.404
-0.464
-0.28
-0.461
-0.439
-0.487
-0.408
-0.482
-0.47
-0.495
-0.488
-0.249
-0.322
-0.421
-0.505
-0.377
-0.579
-0.34
-0.515
-0.461
-0.413
-0.454
-0.537
-0.448
-0.533
-0.59
-0.469
-0.479
-0.605
-0.516
-0.476
-0.399
-0.508
-0.398
-0.681
-0.401
-0.465
-0.524
-0.53
-0.475
-0.422
-0.497
-0.387
-0.46
-0.316
-0.377
-0.475
-0.418
-0.557
-0.402
-0.536
-0.556
-0.493
-0.448
-0.273
-0.426
-0.326
-0.502
-0.433
-0.371
-0.488
-0.395
-0.468
-0.316
-0.409
-0.551
-0.395
-0.391
-0.342
-0.59
-0.471
-0.402
-0.456
-0.524
-0.589
-0.49
-0.404
-0.493
-0.601
-0.688
-0.438
-0.555
-0.44
-0.314
-0.554
-0.51
-0.35
-0.58
-0.414
-0.464
-0.639
-0.481
-0.384
-0.552
-0.416
-0.487
-0.502
-0.477
-0.527
-0.506
-0.385
-0.447
-0.527
-0.425
-0.404
-0.33
-0.528
-0.491
-0.539
-0.502
-0.414
-0.686
-0.568
-0.68
-0.598
-0.436
-0.585
-0.51
-0.506
-0.444
-0.499
-0.643
-0.4
-0.631
-0.539
-0.523
-0.513
-0.597
-0.434
-0.564
-0.439
-0.526
-0.429
-0.57
-0.469
-0.566
-0.427
-0.49
-0.526
-0.469
-0.463
-0.508
-0.537
-0.534
-0.422
-0.496
-0.333
-0.391
-0.299
-0.347
-0.393
-0.597
-0.648
-0.404
-0.384
-0.484
-0.441
-0.412
-0.449
-0.411
-0.493
-0.448
-0.353
-0.358
-0.282
-0.352
-0.306
-0.493
-0.363
-0.431
-0.342
-0.323
-0.345
-0.264
-0.209
-0.246
-0.428
-0.38
-0.333
-0.323
-0.32
-0.24
-0.26
-0.231
