-110.57
-114.43
-110.41
-110.96
-113.94
-110.95
-112.91
-110.63
-116.27
-112.59
-113.79
-111.47
-116.64
-115.68
-110.22
-110.56
-123.18
-124.17
-124.03
-117.39
-108.29
-113.77
-107.52
-104.63
-103.71
-105.65
-98.08
-109.43
-100.3
-100.24
-93.09
-106.42
-104.79
-101.95
-92.92
-94.24
-99.67
-97.02
-97.35
-112.26
-100.43
-99.99
-111.87
-107.32
-96.87
-109.19
-109.78
-109.61
-104.52
-107.2
-108.46
-109.36
-112.69
-110.88
-112.69
-106.79
-112.34
-109.28
-114.24
-114.47
-96.97
-115.04
-117.33
-107.67
-112.86
-111.56
-111.11
-119.49
-115.54
-113.99
-105.09
-117.41
-116.63
-121.36
-122.99
-118.26
-107.32
-113.76
-111.9
-105.9
-105.75
-113.34
-105.91
-113.26
-116.12
-119.36
-107.2
-116.07
-119.56
-120.71
-119.61
-121.6
-114.81
-111.04
-119.84
-114.66
-115.71
-116.06
-120.08
-124.9
-120.36
-113.74
-121.51
-112.27
-118.19
-119.46
-111.47
-115.57
-107.08
-113.02
-112.73
-106.61
-113.0
-107.03
-116.4
-117.1
-111.33
-103.68
-113.25
-114.81
-103.45
-107.66
-101.74
-106.7
-102.57
-107.97
-106.55
-101.98
-106.8
-102.98
-109.9
-107.77
-115.93
-112.78
-110.01
-111.18
-112.9
-119.05
-116.11
-119.86
-119.56
-121.29
-126.19
-114.49
-112.14
-105.21
-106.53
-114.55
-105.15
-116.43
-114.53
-118.22
-110.58
-110.38
-105.63
-114.51
-112.34
-118.38
-106.22
-107.61
-115.5
-106.71
-104.19
-108.82
-105.98
-117.58
-120.55
-116.9
-120.05
-118.6
-114.69
-110.08
-114.96
-124.28
-121.85
-114.89
-115.26
-110.52
-113.9
-111.49
-121.57
-114.87
-104.68
-108.11
-115.02
-108.38
-110.22
-108.86
-108.62
-113.72
-110.18
-108.35
-109.76
-113.72
-115.74
-111.22
-106.37
-110.44
-123.23
-114.36
-117.79
-112.72
-113.88
-109.31
-115.86
-125.22
-122.07
-119.59
-118.42
-122.39
-118.47
-116.5
-108.31
-117.59
-100.58
-117.82
-110.51
-113.28
-110.62
-104.21
-114.45
-113.74
-115.33
-111.19
-108.9
-114.37
-114.73
-118.62
-117.72
-102.55
-97.11
-112.97
-112.2
-116.82
-115.74
-126.03
-119.79
-122.47
-113.94
-102.98
-109.58
-115.49
-112.88
-114.39
-115.93
-112.44
-107.05
-121.64
-110.74
-120.08
-118.54
-116.57
-119.78
-111.36
-123.92
-112.44
-120.44
-125.05
-118.73
-119.59
-115.28
-110.65
-105.53
-113.92
-121.36
-118.26
-109.27
-108.15
-113.29
-107.54
-107.09
-103.79
-107.97
-111.65
-112.23
-113.67
-115.75
-115.87
-105.61
-98.91
-113.44
-113.09
-104.23
-105.74
-118.54
-115.07
-110.49
-101.57
-115.73
-108.76
-111.79
-111.45
-110.12
-112.53
-107.21
-115.82
-111.49
-112.26
-106.51
-118.83
-111.42
-117.78
-105.74
-116.03
-105.35
-111.95
-113.36
-104.53
-102.07
-111.26
-113.34
-100.25
-106.6
-111.26
-110.43
-112.72
-111.3
-112.78
-117.29
-112.66
-116.17
-122.93
-114.79
-109.71
-124.85
-108.65
-111.98
-109.49
-111.45
-111.35
-119.97
-114.54
-112.82
-118.56
-115.1
-123.96
-120.68
-118.95
-117.34
-110.87
-121.4
-119.47
-126.81
-116.23
-117.91
-129.05
-118.4
-120.37
-115.93
-117.35
-121.76
-119.76
-115.96
-122.57
-123.5
-123.39
-116.7
-111.03
-130.09
-121.34
-125.96
-125.55
-116.06
-127.28
-121.48
-136.58
-128.24
-120.55
-130.14
-119.19
-134.38
-129.36
-125.83
-135.5
-129.07
-127.28
-130.59
-118.44
-122.34
-118.92
-125.71
-118.28
-119.1
-118.95
-120.99
-113.01
-127.78
-127.08
-122.16
-127.96
-130.25
-126.25
-125.51
-131.02
-133.06
-128.56
-127.48
-118.79
-122.96
-125.54
-134.8
-132.24
-127.7
-128.42
-127.96
-119.67
-129.04
-121.93
-124.53
-126.48
-119.72
-115.06
-121.44
-121.33
-121.97
-123.49
-117.08
-121.4
-119.54
-117.13
-113.65
-107.37
-121.46
-119.78
-119.8
-116.21
-119.0
-113.58
-105.51
-125.81
-121.86
-107.7
-119.14
-113.33
-120.93
-119.16
-109.76
-110.74
-114.58
-116.85
-108.41
-120.98
-111.55
-117.56
-111.81
-116.0
-117.89
-122.64
-114.14
-124.96
-113.9
