-126.34
-111.63
-116.0
-117.8
-120.95
-113.75
-126.99
-123.51
-130.5
-127.25
-106.97
-125.62
-130.98
-121.49
-113.58
-108.04
-117.31
-131.26
-126.41
-125.28
-116.7
-119.88
-116.38
-128.83
-120.72
-126.9
-124.5
-130.27
-119.8
-118.69
-120.71
-117.35
-130.78
-129.16
-130.45
-134.37
-123.84
-115.46
-131.94
-133.25
-132.62
-125.66
-132.56
-117.27
-129.27
-125.73
-134.77
-123.84
-131.91
-131.21
-114.33
-124.12
-128.0
-124.86
-128.05
-125.49
-124.49
-124.77
-114.52
-117.66
-118.19
-129.51
-124.28
-116.54
-123.69
-119.52
-130.4
-124.21
-117.06
-125.28
-120.96
-123.31
-109.3
-124.74
-113.46
-117.56
-115.9
-107.89
-119.82
-110.5
-102.93
-112.03
-124.41
-133.08
-127.83
-114.35
-125.47
-124.25
-126.52
-128.28
-132.56
-136.88
-133.76
-125.61
-132.88
-116.79
-111.59
-125.29
-105.49
-125.97
-125.27
-135.86
-118.44
-115.41
-122.23
-114.57
-123.34
-124.26
-117.77
-121.32
-116.46
-118.97
-99.87
-113.34
-130.89
-125.41
-129.27
-129.53
-116.78
-118.13
-118.94
-122.26
-122.78
-134.54
-129.75
-122.19
-133.04
-127.74
-122.56
-115.79
-123.58
-114.12
-112.72
-125.08
-117.85
-127.09
-119.35
-116.42
-118.77
-132.65
-123.32
-123.02
-105.12
-120.3
-127.73
-132.18
-124.52
-112.95
-139.64
-143.32
