-112.76
-115.08
-115.39
-115.76
-117.08
-109.43
-110.22
-114.1
-116.53
-106.08
-116.88
-110.43
-106.23
-122.83
-110.63
-104.04
-113.64
-104.87
-107.72
-115.05
-118.01
-110.87
-118.09
-110.26
-115.3
-113.7
-104.95
-110.61
-103.2
-110.34
-112.84
-125.91
-118.96
-113.38
-115.41
-106.94
-112.59
-124.52
-109.56
-115.72
-111.75
-117.53
-110.62
-102.06
-114.59
-104.78
-104.19
-113.78
-105.06
-124.08
-91.84
-104.01
-110.03
-105.73
-106.64
-106.61
-113.97
-115.36
-114.97
-105.61
-109.95
-102.57
-112.73
-100.97
-106.81
-94.37
-99.8
-99.74
-102.01
-113.26
-125.94
-105.47
-113.12
-118.44
-114.69
-108.4
-118.34
-111.64
-121.31
-105.47
-115.48
-99.78
-114.88
-112.39
-120.99
-103.03
-117.63
-104.97
-111.61
-115.66
-111.81
-127.24
-112.8
-112.52
-104.03
-108.1
-105.28
-114.85
-117.75
-116.29
-102.41
-117.62
-128.54
-120.25
-126.61
-125.28
-115.36
-129.49
-110.93
-112.96
-113.99
-110.54
-113.32
-117.62
-114.37
-103.33
-122.13
-107.27
-111.5
-110.79
-108.11
-116.26
-108.68
-112.59
-112.18
-121.28
-107.44
-108.39
-116.21
-104.56
-111.49
-110.63
-111.52
-114.82
-127.42
-112.67
-106.86
-119.2
-118.95
-101.92
-101.95
-112.36
-114.09
-110.68
-103.72
-113.12
-112.95
-109.2
-124.24
-126.98
