-102.39
-109.11
-104.62
-115.77
-112.18
-104.76
-107.58
-111.11
-124.24
-110.43
-116.38
-116.11
-110.94
-104.61
-116.06
-102.53
-104.48
-101.94
-103.29
-101.69
-106.38
-105.22
-100.1
-98.46
-111.57
-101.25
-108.17
-103.81
-102.96
-105.64
-92.9
-94.68
-99.3
-104.83
-97.36
-101.74
-101.55
-96.42
-111.37
-102.46
-108.61
-111.96
-96.64
-98.09
-99.3
-108.34
-98.92
-103.87
-110.03
-99.74
-99.54
-100.27
-104.68
-93.88
-98.39
-98.69
-95.66
-103.51
-107.87
-99.96
-98.96
-102.22
-101.64
-101.77
-97.85
-96.09
-106.83
-97.27
-100.11
-96.57
-95.3
-98.29
-100.74
-93.02
-94.25
-102.05
-95.12
-100.82
-100.14
-92.46
-102.22
-100.31
-102.04
-103.7
-106.74
-96.56
-103.85
-99.71
-91.87
-104.29
-101.78
-100.8
-92.66
-97.71
-104.76
-95.25
-101.67
-107.95
-105.3
-104.36
-95.76
-92.31
-92.74
-95.92
-94.1
-90.56
-93.67
-94.14
-91.15
-86.06
-95.38
-95.02
-91.87
-97.48
-102.43
-96.62
-97.21
-88.35
-95.76
-103.11
-106.34
-98.77
-101.98
-97.66
-97.32
-99.24
-101.83
-102.33
-105.99
-95.53
-99.15
-90.35
-102.36
-100.49
-104.43
-96.37
-101.48
-101.83
-95.17
-92.27
-85.16
-104.99
-105.11
-96.44
-94.42
-94.22
-91.82
-97.86
-91.35
-100.55
-94.99
-94.91
-110.88
-104.26
-110.28
-111.25
-97.62
-93.59
-92.02
-91.37
-97.7
-94.13
-85.5
-97.03
-98.67
-95.39
-102.18
-91.62
-89.37
-101.32
-100.89
-108.32
-96.19
-104.39
-102.3
-94.87
-101.81
-84.85
-93.45
-99.57
-98.43
-101.66
-95.03
-99.35
-114.19
-102.13
-97.91
-99.98
-103.44
-96.17
-97.8
-95.46
-99.15
-101.77
-89.43
-95.68
-98.35
-100.55
-102.12
-105.02
-100.33
-100.6
-86.84
-96.65
-86.09
-99.99
-91.69
-92.28
-91.85
-86.59
-85.13
-98.05
-93.87
-95.73
-99.51
-96.59
-103.89
-97.35
-92.24
-100.19
-100.71
-100.07
-100.34
-84.2
-100.96
-96.0
-101.53
-99.67
-99.18
-101.7
-97.09
-101.36
-102.92
-92.46
-94.03
-101.9
-87.31
-93.11
-91.69
-84.89
-97.31
-89.51
-96.38
-95.69
-93.41
-102.23
-80.86
-92.58
-94.17
-93.45
-86.99
-91.64
-93.71
-98.6
-97.06
-94.54
-94.85
-93.71
-86.39
-95.69
-102.21
-89.31
-96.91
-98.79
-93.62
-101.24
-96.65
-83.04
-99.53
-97.99
-97.92
-97.1
-93.02
-93.47
-95.62
-94.05
-91.09
-102.55
-83.97
-100.11
-104.51
-94.77
-94.01
-105.18
-104.05
-98.83
-98.49
-90.87
-84.13
-84.23
-90.87
-86.1
-88.71
-86.95
-85.19
-92.95
-89.42
-82.94
-87.77
-88.33
-75.85
-83.17
-86.5
-97.28
-98.05
-91.55
-102.7
-88.65
-104.79
-106.85
-104.58
-95.9
-99.37
-90.32
-93.7
-94.67
-97.3
-102.85
-92.55
-89.63
-92.14
-96.92
-87.56
-89.01
-84.03
-94.54
-90.8
-90.57
-91.02
-91.56
-82.07
-96.96
-87.89
-89.24
-94.11
-91.63
-87.67
-85.03
-97.62
-90.43
-94.3
-94.11
-87.53
-81.32
-89.98
-88.34
-88.91
-94.84
-89.34
-85.81
-90.01
-96.77
-84.28
-91.81
-88.94
-95.21
-93.01
-90.09
-86.9
-93.11
-87.57
-82.49
-96.78
-89.07
-91.94
-94.52
-91.29
-93.17
-90.99
-85.3
-94.08
-95.78
-82.73
-99.5
-84.47
-94.68
-87.39
-86.81
-84.45
-98.05
-100.01
-99.66
-90.54
-92.72
-91.25
-88.58
-98.45
-91.41
-97.44
-83.65
-99.52
-103.98
-85.44
-88.18
-104.37
-95.71
-93.33
-95.29
-88.8
-100.59
-98.62
-88.53
-95.18
-102.07
-97.6
-96.11
-92.47
-94.96
-100.83
-91.87
-97.11
-103.33
-100.91
-96.54
-99.87
-93.94
-96.12
-93.68
-97.1
-97.95
-87.53
-92.09
-99.11
-100.21
-105.53
-99.3
-107.59
-107.98
-95.57
-91.48
-106.62
-101.09
-97.1
-85.72
-100.79
-94.42
-100.19
-82.2
-93.64
-92.97
-99.3
-94.2
-89.12
-87.56
-96.25
-97.34
-94.62
-104.28
-101.47
-94.67
-107.24
