-763.429
-770.806
-787.892
-786.242
-737.684
-769.797
-765.919
-757.973
-785.618
-752.019
-748.388
-762.572
-782.75
-747.583
-744.533
-710.68
-701.7
-769.286
-699.347
-705.299
-681.043
-707.212
-753.756
-727.787
-778.925
-739.513
-708.502
-710.05
-662.102
-692.532
-678.027
-667.664
-695.105
-707.702
-701.95
-772.629
-720.563
-717.48
-786.722
-749.062
-714.452
-744.452
-721.893
-774.887
-764.23
-702.081
-752.289
-772.362
-714.162
-730.471
-758.36
-717.186
-727.249
-710.998
-733.295
-710.424
-658.219
-730.92
-664.406
-652.637
-678.058
-656.627
-671.925
-638.501
-677.019
-704.931
-688.39
-681.607
-670.088
-704.201
-707.374
-672.327
-663.832
-702.466
-717.86
-749.413
-661.499
-687.469
-652.612
-679.337
-742.314
-721.941
-754.792
-741.141
-746.188
-717.577
-727.186
-730.374
-682.413
-699.601
-682.127
-704.815
-705.747
-682.768
-757.725
-703.936
-695.101
-695.673
-677.433
-718.851
-678.904
-707.728
-713.056
-720.581
-706.91
-703.902
-725.311
-737.505
-753.788
-727.996
-757.205
-725.094
-754.101
-711.23
-709.255
-743.853
-743.947
-765.912
-693.573
-720.983
-764.433
-760.991
-741.908
-733.152
-781.746
-737.443
-737.243
-736.225
-747.406
-716.072
-762.752
-737.062
-758.512
-729.334
-749.574
-711.567
-786.962
-703.295
-679.922
-747.725
-752.441
-780.339
-765.158
-756.163
-752.423
-704.953
-735.423
-690.094
-771.741
-731.661
-714.463
-747.761
-774.612
-794.254
-775.278
-754.051
-741.514
-738.743
-721.135
-740.649
-713.432
-728.444
-709.554
-773.57
-728.353
-713.189
-730.593
-714.813
-717.731
-710.985
-716.415
-775.755
-756.222
-728.584
-740.815
-707.418
-726.111
-706.374
-733.134
-721.933
-701.933
-701.995
-725.25
-762.767
-793.898
-746.296
-746.015
-734.521
-740.045
-711.775
-722.509
-770.787
-730.281
-703.862
-701.884
-753.871
-724.955
-751.273
-756.464
-741.338
-731.343
-772.19
-760.761
-703.181
-717.495
-684.958
-694.233
-688.323
-704.782
-711.039
-694.101
-654.042
-708.955
-744.647
-737.675
-696.532
-765.351
-760.877
-739.817
-726.897
-724.749
-753.001
-701.573
-715.229
-778.893
-677.979
-673.173
-722.278
-719.549
-726.664
-704.192
-718.301
-770.757
-746.95
-732.161
-716.494
-720.354
-719.085
-703.907
-690.329
-742.555
-717.887
-757.625
-684.163
-750.423
-724.059
-689.345
-708.25
-731.621
-692.866
-697.725
-701.403
-722.574
-702.872
-670.645
-661.761
-700.523
-755.17
-704.963
-729.666
-766.691
-667.015
-730.309
-714.094
-696.045
-672.579
-676.488
-737.02
-738.691
-682.672
-759.889
-755.651
-698.937
-685.083
-733.525
-640.078
-686.278
-686.237
-727.035
-748.77
-711.068
-722.683
-695.017
-753.862
-740.697
-738.839
-682.616
-663.497
-686.29
-668.566
-676.703
-653.701
-640.684
-620.492
-690.485
-655.787
-635.825
-661.504
-674.016
-633.165
-704.348
-679.011
-662.913
-757.587
-712.662
-714.498
-721.362
-712.525
-724.135
-745.231
-732.699
-747.123
-736.288
-712.084
-740.876
-712.008
-707.584
-768.046
-706.262
-671.888
-673.227
-688.577
-725.517
-704.952
-707.045
-726.9
-700.886
-744.2
-697.939
-757.556
-715.441
-720.757
-647.502
-707.854
-721.652
-712.861
-712.075
-719.404
-724.578
-739.11
-716.381
-714.858
-732.816
-748.867
-719.936
-754.679
-752.12
-722.959
-761.993
-690.879
-755.893
-722.149
-707.005
-724.448
-721.317
-690.877
-684.574
-698.927
-703.355
-765.806
-719.985
-701.727
-702.302
-705.617
-718.468
-724.034
-728.077
-739.212
-734.709
-755.249
-738.155
-745.715
-686.569
-729.352
-762.674
-711.559
-737.04
-738.962
-762.877
-707.597
-735.758
-769.465
-761.174
-760.602
-703.985
-753.025
-712.806
-736.738
-735.974
-724.38
-723.449
-695.137
-672.404
-714.634
-695.842
-690.963
-719.827
-712.783
-725.502
-702.497
-736.294
-686.135
-718.787
-735.466
-696.015
-721.331
-715.491
-723.333
-694.289
-679.592
-733.344
-700.04
-730.177
-716.794
-707.017
-685.773
-716.938
-745.832
-743.201
-752.102
-747.677
-700.307
-728.648
-748.135
-687.377
-683.24
-728.015
-770.411
-716.394
-736.923
-717.108
-733.505
-733.749
-723.43
-684.572
-689.935
-708.411
-696.487
-718.042
-704.436
-652.0
-738.548
-709.401
-715.329
-699.847
-724.019
-726.3
-749.415
-725.997
-750.063
-709.433
