-0.654
-0.478
-0.626
-0.849
-0.676
-0.572
-0.743
-0.678
-0.866
-0.567
-0.735
-0.717
-0.75
-0.784
-0.634
-0.536
-0.759
-0.941
-0.534
-0.607
-0.617
-0.71
-0.672
-0.647
-0.787
-0.812
-0.711
-0.598
-0.671
-0.631
-0.734
-0.661
-0.657
-0.716
-0.705
-0.82
-0.655
-0.727
-0.435
-0.676
-0.727
-0.715
-0.667
-0.648
-0.798
-0.651
-0.778
-0.602
-0.645
-0.592
-0.549
-0.866
-0.725
-0.608
-0.519
-0.659
-0.599
-0.611
-0.737
-0.71
-0.784
-0.742
-0.623
-0.838
-0.714
-0.737
-0.519
-0.591
-0.841
-0.808
-0.607
-0.738
-0.732
-0.763
-0.775
-0.979
-0.539
-0.721
-0.584
-0.76
-0.798
-0.674
-0.811
-0.805
-0.815
-0.731
-0.917
-0.517
-0.691
-0.878
-0.707
-0.692
-0.657
-0.823
-0.822
-0.795
-0.669
-0.569
-0.984
-0.792
-0.88
-0.753
-0.602
-0.814
-0.75
-0.726
-0.727
-0.868
-0.802
-0.684
-0.917
-0.717
-0.837
-0.806
-0.778
-0.668
-0.816
-0.55
-0.771
-0.694
-0.805
-0.754
-0.848
-0.701
-0.843
-0.636
-0.553
-0.716
-0.849
-0.772
-0.775
-0.767
-0.897
-0.61
-0.679
-0.701
-0.705
-0.742
-0.64
-0.766
-0.706
-0.769
-0.78
-0.842
-0.736
-0.799
-0.63
-0.506
-0.643
-0.673
-0.689
-0.631
-0.71
-0.872
-0.756
-0.837
-0.688
-0.879
-0.716
-0.621
-0.75
-0.576
-0.604
-0.824
-0.655
-0.66
-0.684
-0.715
-0.585
-0.687
-0.676
-0.666
-0.764
-0.884
-0.802
-0.744
-0.697
-0.863
-0.747
-0.977
-0.743
-0.78
-0.93
-1.043
-0.991
-0.826
-0.751
-0.82
-0.798
-0.784
-0.78
-0.711
-0.603
-0.738
-0.706
-0.716
-0.677
-0.688
-1.009
-0.675
-0.835
-0.766
-0.785
-0.819
-0.754
-0.677
-0.779
-0.52
-0.864
-0.757
-0.783
-0.676
-0.854
-0.729
-0.882
-0.798
-0.81
-0.784
-0.823
-0.798
-0.868
-0.829
-0.941
-0.781
-0.916
-0.764
-0.773
-0.866
-0.871
-0.778
-0.499
-0.65
-0.875
-0.858
-0.908
-0.806
-0.796
-0.783
-0.779
-0.617
-0.7
-0.754
-0.684
-0.683
-0.735
-0.616
-0.695
-0.943
-0.579
-0.698
-0.693
-0.698
-0.838
-0.774
-0.869
-0.919
-0.831
-0.846
-0.765
-0.851
-0.755
-0.84
-0.993
-0.787
-0.688
-0.818
-0.845
-0.685
-0.88
-0.871
-0.83
-0.775
-0.671
-0.688
-0.705
-0.759
-0.783
-0.968
-0.79
-0.954
-0.75
-0.636
-0.872
-0.867
-0.944
-0.737
-0.636
-0.656
-0.823
-0.69
-0.773
-0.551
-0.509
-0.652
-0.72
-0.714
-0.447
-0.676
-0.523
-0.632
-0.569
-0.628
-0.629
-0.857
-0.816
-0.694
-0.77
-0.809
-0.852
-0.919
-0.824
-0.819
-0.735
-0.762
-0.902
-0.775
-0.959
-0.852
-0.76
-0.528
-0.611
-0.773
-0.755
-0.448
-0.714
-0.704
-0.784
-0.774
-0.452
-0.586
-0.646
-0.66
-0.627
-0.759
-0.638
-0.769
-0.516
-0.454
-0.521
-0.531
-0.544
-0.664
-0.511
-0.56
-0.629
-0.782
-0.715
-0.665
-0.703
-0.662
-0.553
-0.708
-0.487
-0.663
-0.777
-0.73
-0.663
-0.628
-0.756
-0.566
-0.711
-0.602
-0.702
-0.603
-0.529
-0.632
-0.695
-0.572
-0.648
-0.609
-0.647
-0.577
-0.672
-0.634
-0.52
-0.714
-0.63
-0.559
-0.624
-0.551
-0.696
-0.583
-0.562
-0.553
-0.542
-0.534
-0.642
-0.544
-0.681
-0.565
-0.769
-0.814
-0.606
-0.689
-0.584
-0.623
-0.688
-0.728
-0.814
-0.709
-0.742
-0.786
-0.86
-0.99
-0.844
-0.853
-0.796
-0.976
-0.881
-0.739
-0.792
-0.859
-1.159
-0.792
-0.883
-0.739
-0.771
-0.81
-0.751
-0.803
-0.804
-0.835
-0.882
-0.955
-0.71
-0.709
-0.861
-0.837
-0.774
-0.636
-0.718
-0.747
-0.777
-0.7
-0.756
-0.699
-0.668
-0.551
-0.599
-0.647
-0.677
-0.722
-0.711
-0.724
-0.627
-0.762
-0.745
-0.668
-0.732
-0.761
-0.731
