-141.22
-147.41
-139.15
-145.47
-137.33
-119.96
-130.82
-131.84
-133.43
-120.92
-134.12
-149.83
-152.27
-153.59
-143.33
-142.37
-142.78
-145.66
-138.14
-138.26
-141.12
-137.55
-145.48
-130.58
-156.24
-143.43
-135.69
-143.27
-130.32
-158.06
-151.32
-143.64
-137.27
-144.92
-135.26
-140.93
-141.47
-150.48
-133.44
-138.36
-135.65
-129.53
-134.71
-142.33
-117.64
-136.68
-141.75
-161.13
-139.08
-130.59
-128.84
-141.33
-139.68
-131.41
-128.96
-127.45
-129.31
-135.66
-124.75
-121.86
-136.06
-141.2
-134.77
-125.49
-128.81
-125.74
-123.16
-127.19
-144.41
-140.32
-117.33
-133.71
-141.32
-130.12
-130.37
-136.23
-138.47
-137.49
-147.06
-137.03
-144.04
-137.25
-136.24
-136.2
-152.12
-138.52
-137.65
-126.16
-117.71
-126.01
-150.66
-135.8
-132.22
-125.17
-142.71
-138.69
-135.64
-121.62
-120.15
-127.25
-122.67
-128.31
-130.91
-125.89
-139.48
-132.7
-143.52
-115.53
-127.68
-126.16
-121.92
-132.89
-144.4
-138.31
-114.99
-125.1
-130.01
-135.54
-132.88
-112.61
-122.78
-128.93
-132.91
-128.85
-135.23
-120.72
-134.96
-130.94
-124.8
-141.17
-134.77
-124.17
-139.72
-110.4
-127.09
-139.02
-140.19
-131.47
-129.74
-140.21
-132.28
-135.54
-132.88
-141.84
-130.43
-138.78
-129.42
-139.47
-141.13
-135.67
