-0.515
-0.505
-0.688
-0.789
-0.704
-0.672
-0.585
-0.685
-0.641
-0.511
-0.699
-0.67
-0.726
-0.719
-0.569
-0.583
-0.738
-0.532
-0.588
-0.612
-0.664
-0.643
-0.79
-0.611
-0.541
-0.672
-0.739
-0.548
-0.505
-0.533
-0.553
-0.693
-0.618
-0.702
-0.462
-0.492
-0.52
-0.423
-0.574
-0.522
-0.541
-0.325
-0.525
-0.436
-0.497
-0.319
-0.352
-0.657
-0.807
-0.684
-0.632
-0.557
-0.472
-0.677
-0.477
-0.535
-0.69
-0.598
-0.542
-0.472
-0.596
-0.609
-0.638
-0.55
-0.594
-0.414
-0.554
-0.628
-0.565
-0.437
-0.397
-0.493
-0.512
-0.583
-0.647
-0.501
-0.692
-0.628
-0.698
-0.707
-0.733
-0.625
-0.691
-0.624
-0.595
-0.79
-0.688
-0.475
-0.585
-0.691
-0.626
-0.617
-0.628
-0.612
-0.596
-0.7
-0.659
-0.704
-0.739
-0.776
-0.699
-0.824
-0.704
-0.672
-0.534
-0.79
-0.602
-0.669
-0.537
-0.652
-0.864
-0.791
-0.582
-0.639
-0.581
-0.434
-0.621
-0.816
-0.544
-0.552
-0.489
-0.543
-0.658
-0.529
-0.529
-0.528
-0.57
-0.529
-0.609
-0.63
-0.699
-0.582
-0.539
-0.505
-0.661
-0.652
-0.594
-0.408
-0.627
-0.638
-0.69
-0.491
-0.577
-0.754
-0.561
-0.493
-0.498
-0.272
-0.586
-0.395
-0.597
-0.446
-0.593
-0.651
-0.551
-0.515
-0.528
-0.303
-0.488
-0.355
-0.454
-0.655
-0.463
-0.518
-0.549
-0.584
-0.655
-0.545
-0.605
-0.491
-0.412
-0.61
-0.569
-0.534
-0.52
-0.475
-0.448
-0.37
-0.371
-0.547
-0.716
-0.63
-0.55
-0.62
-0.551
-0.735
-0.524
-0.581
-0.511
-0.727
-0.646
-0.627
-0.71
-0.72
-0.474
-0.496
-0.574
-0.693
-0.427
-0.551
-0.5
-0.419
-0.47
-0.432
-0.525
-0.564
-0.503
-0.494
-0.549
-0.285
-0.501
-0.612
-0.659
-0.531
-0.697
-0.64
-0.453
-0.787
-0.593
-0.709
-0.628
-0.665
-0.617
-0.56
-0.667
-0.543
-0.659
-0.678
-0.749
-0.572
-0.538
-0.694
-0.597
-0.553
-0.572
-0.559
-0.553
-0.627
-0.552
-0.506
-0.674
-0.522
-0.589
-0.341
-0.493
-0.433
-0.509
-0.738
-0.562
-0.545
-0.464
-0.527
-0.56
-0.648
-0.481
-0.556
-0.696
-0.353
-0.54
-0.596
-0.638
-0.632
-0.602
-0.431
-0.56
-0.421
-0.671
-0.425
-0.324
-0.575
-0.647
-0.438
-0.313
-0.606
-0.516
-0.347
-0.605
-0.62
-0.532
-0.529
-0.374
-0.78
-0.573
-0.67
-0.539
-0.474
-0.484
-0.609
-0.56
-0.618
-0.555
-0.57
-0.564
-0.58
-0.634
-0.539
-0.457
-0.555
-0.64
-0.643
-0.577
-0.541
-0.584
-0.527
-0.5
-0.534
-0.492
-0.778
-0.579
-0.516
-0.483
-0.544
-0.565
-0.551
-0.537
-0.609
-0.574
-0.415
-0.653
-0.448
-0.43
-0.346
-0.418
-0.515
-0.623
-0.648
-0.722
-0.461
-0.718
-0.639
-0.67
-0.668
-0.696
-0.694
-0.517
-0.635
-0.733
-0.737
-0.739
-0.673
-0.66
-0.64
-1.0
-0.579
-0.37
-0.689
-0.71
-0.804
-0.773
-0.755
-0.665
-0.617
-0.609
-0.82
-0.653
-0.386
-0.497
-0.516
-0.679
-0.682
-0.651
-0.668
-0.523
-0.786
-0.768
-0.591
-0.617
-0.59
-0.779
-0.496
-0.514
-0.538
-0.44
-0.615
-0.727
-0.551
-0.583
-0.494
-0.589
-0.574
-0.79
-0.595
-0.657
-0.571
-0.674
-0.61
-0.564
-0.501
-0.553
-0.719
-0.775
-0.602
-0.728
-0.678
-0.67
-0.578
-0.485
-0.678
-0.722
-0.653
-0.669
-0.552
-0.698
-0.46
-0.511
-0.569
-0.48
-0.691
-0.613
-0.59
-0.682
-0.658
-0.542
-0.523
-0.705
-0.772
-0.645
-0.652
-0.592
-0.88
-0.702
-0.639
-0.674
-0.835
-0.687
-0.613
-0.677
-0.598
-0.588
-0.73
-0.621
-0.567
-0.558
-0.49
-0.642
-0.819
-0.64
-0.666
-0.604
-0.697
-0.673
-0.919
-0.502
-0.718
-0.607
-0.685
-0.513
-0.722
-0.547
-0.648
-0.68
