-779.832
-785.19
-779.838
-783.274
-827.027
-803.826
-770.617
-748.436
-732.819
-765.616
-759.122
-803.954
-737.063
-742.175
-800.985
-789.232
-730.097
-731.81
-760.993
-726.11
-842.167
-778.744
-814.552
-729.131
-810.434
-784.213
-777.7
-767.09
-769.989
-705.628
-704.948
-772.368
-793.226
-743.826
-743.449
-718.383
-750.503
-753.584
-756.886
-779.561
-757.821
-712.144
-716.343
-736.028
-734.409
-709.852
-732.843
-794.681
-802.511
-755.835
-752.551
-751.699
-755.922
-799.408
-738.531
-703.397
-716.604
-719.594
-778.064
-717.988
-736.356
-802.053
-745.475
-727.539
-752.923
-782.041
-753.502
-793.808
-717.576
-748.711
-786.298
-777.111
-753.791
-766.98
-795.384
-734.789
-657.962
-735.86
-779.337
-845.067
-775.203
-761.672
-743.95
-758.249
-758.132
-695.576
-723.172
-754.802
-721.685
-744.392
-760.224
-719.225
-726.294
-712.375
-705.407
-746.606
-713.003
-768.018
-728.078
-728.77
-727.213
-811.978
-691.517
-758.239
-742.684
-760.536
-750.246
-718.138
-716.5
-659.911
-749.729
-790.083
-749.847
-739.933
-727.396
-720.559
-708.765
-764.134
-749.608
-752.042
-746.404
-776.218
-764.268
-752.528
-769.778
-740.424
-736.646
-783.699
-777.306
-754.477
-765.873
-692.073
-702.411
-723.889
-801.162
-749.067
-772.841
-712.369
-673.04
-707.674
-706.562
-747.781
-696.151
-690.435
-732.848
-752.902
-754.068
-686.49
-693.9
-674.985
-742.97
-714.568
-764.556
-737.312
-736.676
-721.813
-720.568
-725.429
-672.225
-693.589
-699.514
-714.183
-733.082
-742.198
-710.938
-712.225
-724.486
-756.312
-716.481
-701.082
-738.847
-707.534
-747.546
-739.353
-743.561
-688.242
-765.844
-722.179
-719.867
-764.311
-730.307
-722.524
-755.685
-638.003
-743.109
-705.116
-733.794
-739.668
-766.781
-765.958
-745.871
-660.62
-725.706
-796.413
-741.618
-768.157
-700.429
-733.415
-748.062
-647.891
-712.554
-647.668
-729.458
-677.354
-750.361
-772.345
-682.78
-662.995
-711.939
-743.48
-753.363
-738.07
-705.84
-731.381
-681.604
-798.268
-673.88
-702.062
-750.327
-704.858
-804.121
-746.054
-759.234
-751.733
-719.225
-735.485
-791.109
-769.74
-789.947
-729.527
-738.141
-735.738
-730.398
-715.525
-712.374
-705.729
-732.088
-775.544
-724.356
-739.56
-729.594
-671.06
-758.738
-699.036
-709.361
-656.691
-778.852
-744.166
-801.114
-776.692
-769.775
-715.875
-727.755
-736.387
-731.636
-710.79
-767.226
-706.654
-695.71
-780.722
-780.643
-779.186
-738.949
-749.127
-716.486
-770.8
-758.362
-806.99
-749.09
-753.102
-730.392
-790.775
-742.986
-684.72
-755.077
-745.401
-729.583
-778.946
-770.011
-790.382
-742.186
-788.926
-793.815
-809.796
-746.377
-726.312
-674.328
-737.326
-737.335
-798.683
-768.725
-782.518
-711.894
-725.477
-715.481
-751.218
-719.688
-765.706
-755.703
-737.49
-794.513
-735.336
-738.389
-708.883
-767.607
-803.118
-717.251
-760.252
-711.435
-744.647
-768.485
-778.485
-722.586
-778.823
-697.796
-682.798
-715.124
-748.83
-706.863
-756.98
-699.477
-790.415
-759.459
-713.738
-714.874
-712.483
-750.66
-712.68
-744.869
-765.007
-701.954
-704.575
-694.471
-692.018
-762.526
-730.976
-751.343
-800.585
-759.177
-723.476
-744.587
-766.134
-786.675
-736.423
-725.255
-800.387
-788.154
-756.329
-750.952
-786.393
-783.866
-828.435
-798.602
-744.976
-727.345
-692.401
-744.007
-774.564
-759.579
-793.367
-708.813
-708.147
-680.45
-723.781
-722.506
-733.487
-706.076
-684.995
-660.473
-702.694
-716.686
-729.269
-689.871
-746.674
-728.607
-739.852
-756.862
-732.213
-708.951
-719.607
-768.46
-729.716
-688.079
-675.458
-752.48
-712.195
-725.958
-684.061
-724.01
-763.537
-715.501
-759.725
-696.645
-719.625
-681.316
-702.165
-688.176
-652.575
-754.94
-713.329
-677.603
-698.028
-699.15
-752.38
-706.736
-668.269
-649.635
-708.337
-699.61
-738.561
-713.578
-650.455
-668.31
-681.676
-715.985
-749.838
-671.714
-706.552
-675.721
-767.723
-774.797
-763.03
-712.651
-808.902
-798.207
-754.171
-766.854
-726.3
-746.445
-704.162
-754.824
-724.781
-704.284
-725.781
-739.531
-707.929
-682.525
-702.016
-692.275
-716.574
-763.169
-748.475
-750.908
-709.409
-747.527
-753.148
-745.638
-796.032
-751.638
-751.686
-760.175
