-118.92
-118.2
-124.31
-120.7
-128.48
-124.04
-117.56
-119.97
-124.04
-117.3
-121.34
-122.83
-125.33
-120.72
-126.14
-112.23
-119.09
-127.98
-116.0
-116.98
-128.1
-111.58
-124.26
-122.36
-119.09
-116.8
-121.77
-131.18
-116.59
-116.99
-121.08
-119.08
-128.88
-124.62
-121.24
-123.53
-127.17
-115.37
-121.56
-120.75
-125.5
-121.31
-116.6
-127.45
-120.87
-119.22
-114.66
-120.47
-127.35
-124.79
-119.16
-115.37
-119.34
-122.77
-116.16
-112.63
-120.79
-116.79
-104.62
-111.89
-116.15
-116.12
-123.9
-119.24
-113.84
-116.18
-123.57
-113.16
-113.55
-109.81
-122.54
-124.2
-124.98
-116.23
-122.22
-114.1
-122.17
-117.85
-123.03
-126.79
-127.29
-130.66
-124.17
-126.12
-117.45
-120.1
-120.92
-117.61
-111.89
-118.83
-113.93
-104.6
-117.63
-115.83
-114.09
-111.16
-123.53
-120.36
-115.05
-107.92
-121.76
-118.87
-122.36
-118.89
-111.23
-117.57
-123.64
-114.38
-111.94
-112.85
-118.03
-118.55
-112.45
-108.31
-108.22
-109.84
-98.71
-119.93
-111.69
-122.28
-108.45
-126.52
-120.6
-115.79
-115.04
-127.96
-123.5
-119.43
-136.62
-118.17
-115.74
-113.3
-107.5
-112.1
-115.57
-118.46
-117.25
-112.25
-100.85
-111.17
-130.01
-108.88
-119.02
-121.41
-113.75
-117.38
-114.82
-107.56
-113.73
-112.17
-109.47
-116.14
-117.87
-117.95
-120.75
-119.06
-119.78
-116.26
-117.01
-117.8
-109.74
-124.52
-122.64
-118.5
-117.06
-115.54
-121.65
-124.32
-107.31
-120.48
-114.82
-121.18
-115.18
-113.5
-115.38
-120.41
-117.5
-118.26
-115.46
-118.63
-110.29
-112.53
-115.48
-108.65
-109.53
-109.8
-115.12
-111.61
-112.91
-112.97
-115.26
-109.3
-120.12
-107.97
-104.87
-115.17
-124.36
-122.97
-113.61
-116.1
-123.26
-113.97
-123.72
-118.29
-117.72
-120.25
-124.66
-104.02
-114.48
-122.61
-119.45
-123.35
-108.59
-111.21
-112.45
-119.0
-107.72
-121.38
-115.63
-122.05
-119.91
-127.78
-128.1
-107.19
-121.12
-121.47
-124.34
-124.05
-123.78
-116.71
-116.85
-102.42
-115.87
-103.44
-121.66
-118.61
-108.99
-117.16
-111.44
-118.53
-119.99
-107.19
-111.14
-116.88
-113.47
-109.77
-121.93
-128.07
-127.27
-124.46
-123.51
-110.87
-118.0
-116.37
-115.22
-108.59
-123.18
-118.79
-115.96
-136.42
-121.04
-116.21
-122.92
-119.65
-122.42
-130.08
-113.67
-114.12
-121.8
-121.53
-123.71
-119.64
-111.82
-122.58
-116.26
-118.03
-123.04
-123.18
-114.85
-113.91
-115.49
-124.11
-130.29
-129.25
-122.79
-113.58
-107.95
-128.74
-128.05
-115.81
-120.05
-123.79
-114.32
-126.32
-126.58
-119.12
-113.6
-123.09
-117.01
-130.23
-128.01
-123.32
-120.11
-118.75
-120.95
-125.74
-115.29
-129.12
-117.91
-125.81
-127.72
-127.93
-117.17
-126.2
-122.86
-117.4
-121.23
-121.16
-120.61
-123.61
-117.15
-125.04
-128.44
-122.83
-118.47
-125.06
-118.23
-111.33
-115.32
-121.55
-121.15
-107.86
-113.2
-110.7
-116.75
-110.4
-120.2
-128.16
-120.67
-121.65
-113.8
-111.68
-119.81
-125.11
-115.44
-126.19
-116.82
-121.46
-121.18
-120.26
-124.68
-125.68
-118.83
-122.18
-122.32
-126.68
-119.33
-118.67
-125.8
-124.45
-109.53
-120.08
-113.56
-115.82
-119.27
-116.3
-117.78
-111.33
-120.79
-112.58
-120.83
-123.94
-115.94
-127.2
-120.37
-128.68
-122.46
-111.97
-118.87
-111.43
-123.99
-113.99
-120.71
-113.85
-121.27
-109.61
-119.24
-106.48
-117.72
-111.57
-124.6
-120.75
-111.5
-112.81
-106.81
-106.72
-116.03
-112.41
-111.87
-113.19
-117.62
-117.05
-119.87
-112.45
-118.45
-113.91
-109.97
-114.84
-118.65
-112.69
-118.79
-111.87
-117.28
-115.94
-124.18
-121.07
-119.3
-111.35
-111.84
-121.02
-117.76
-123.41
-115.65
-124.65
-119.68
-126.06
-127.99
-119.83
-116.95
-113.55
-115.16
-113.13
-112.38
-112.31
-108.46
-116.51
-120.14
-116.82
-111.9
-112.59
-117.02
-118.55
-117.27
-116.18
-121.4
-125.39
-121.15
-126.43
-117.4
-122.92
-124.56
