-0.749
-0.611
-0.487
-0.482
-0.603
-0.597
-0.599
-0.596
-0.748
-0.698
-0.653
-0.498
-0.594
-0.593
-0.602
-0.615
-0.577
-0.579
-0.509
-0.485
-0.592
-0.497
-0.497
-0.486
-0.654
-0.496
-0.468
-0.572
-0.57
-0.653
-0.619
-0.585
-0.694
-0.884
-0.608
-0.521
-0.463
-0.45
-0.57
-0.567
-0.566
-0.558
-0.554
-0.612
-0.719
-0.585
-0.673
-0.412
-0.469
-0.658
-0.555
-0.593
-0.569
-0.564
-0.637
-0.51
-0.615
-0.524
-0.478
-0.425
-0.672
-0.424
-0.749
-0.498
-0.652
-0.655
-0.585
-0.56
-0.846
-0.644
-0.671
-0.641
-0.558
-0.586
-0.691
-0.688
-0.549
-0.652
-0.585
-0.616
-0.613
-0.725
-0.619
-0.577
-0.651
-0.779
-0.825
-1.056
-0.804
-0.679
-0.65
-0.636
-0.463
-0.72
-0.835
-0.889
-0.882
-0.822
-0.818
-0.784
-0.814
-0.865
-0.728
-0.717
-0.662
-0.796
-0.732
-0.882
-1.082
-0.868
-0.798
-0.74
-0.72
-0.59
-0.525
-0.765
-0.946
-0.386
-0.565
-0.877
-0.632
-0.519
-0.717
-0.781
-0.762
-0.653
-0.659
-0.722
-0.396
-0.595
-0.683
-0.535
-0.685
-0.597
-0.636
-0.605
-0.555
-0.462
-0.512
-0.466
-0.518
-0.285
-0.524
-0.636
-0.414
-0.643
-0.651
-0.533
-0.488
-0.546
-0.615
-0.618
-0.813
-0.562
-0.604
-0.625
-0.509
-0.733
-0.513
-0.619
-0.761
-0.679
-0.762
-0.579
-0.598
-0.74
-0.605
-0.617
-0.397
-0.531
-0.556
-0.571
-0.451
-0.674
-0.561
-0.403
-0.741
-0.637
-0.757
-0.72
-0.482
-0.648
-0.612
-0.545
-0.522
-0.341
-0.536
-0.45
-0.457
-0.454
-0.348
-0.531
-0.5
-0.606
-0.805
-0.619
-0.578
-0.566
-0.527
-0.579
-0.47
-0.523
-0.551
-0.597
-0.47
-0.473
-0.406
-0.494
-0.377
-0.51
-0.577
-0.44
-0.536
-0.521
-0.551
-0.572
-0.469
-0.435
-0.603
-0.49
-0.465
-0.606
-0.391
-0.594
-0.426
-0.492
-0.515
-0.532
-0.428
-0.557
-0.679
-0.668
-0.59
-0.564
-0.512
-0.452
-0.543
-0.582
-0.441
-0.419
-0.538
-0.575
-0.478
-0.534
-0.516
-0.454
-0.564
-0.581
-0.674
-0.434
-0.561
-0.634
-0.564
-0.677
-0.463
-0.464
-0.704
-0.544
-0.595
-0.636
-0.641
-0.538
-0.632
-0.576
-0.557
-0.455
-0.606
-0.454
-0.545
-0.755
-0.723
-0.726
-0.754
-0.544
-0.485
-0.43
-0.645
-0.514
-0.452
-0.386
-0.604
-0.527
-0.441
-0.418
-0.416
-0.362
-0.423
-0.362
-0.546
-0.62
-0.429
-0.44
-0.356
-0.399
-0.488
-0.536
-0.544
-0.555
-0.585
-0.506
-0.538
-0.358
-0.448
-0.424
-0.517
-0.476
-0.576
-0.535
-0.515
-0.674
-0.431
-0.509
-0.415
-0.505
-0.537
-0.424
-0.502
-0.568
-0.528
-0.531
-0.584
-0.573
-0.609
-0.494
-0.606
-0.582
-0.473
-0.614
-0.454
-0.589
-0.571
-0.555
-0.569
-0.618
-0.585
-0.505
-0.47
-0.516
-0.362
-0.473
-0.443
-0.602
-0.358
-0.499
-0.538
-0.512
-0.576
-0.477
-0.48
-0.477
-0.453
-0.374
-0.614
-0.627
-0.494
-0.589
-0.47
-0.313
-0.459
-0.461
-0.381
-0.537
-0.354
-0.323
-0.336
-0.299
-0.438
-0.418
-0.557
-0.368
-0.409
-0.541
-0.412
-0.31
-0.399
-0.499
-0.461
-0.357
-0.54
-0.419
-0.474
-0.453
-0.46
-0.464
-0.357
-0.541
-0.386
-0.468
-0.398
-0.519
-0.468
-0.446
-0.438
-0.415
-0.533
-0.486
-0.62
-0.46
-0.492
-0.51
-0.52
-0.452
-0.376
-0.358
-0.402
-0.355
-0.369
-0.391
-0.351
-0.495
-0.395
-0.446
-0.4
-0.469
-0.359
-0.27
-0.389
-0.412
-0.458
-0.402
-0.408
-0.378
-0.345
-0.536
-0.41
-0.339
-0.352
-0.384
-0.376
-0.357
-0.343
-0.357
-0.471
-0.409
-0.403
-0.39
-0.439
-0.336
-0.377
-0.27
-0.399
-0.448
-0.498
-0.39
-0.548
-0.549
-0.597
-0.575
-0.552
-0.545
-0.492
