-115.77
-112.06
-105.76
-111.24
-121.41
-116.1
-118.55
-120.02
-126.7
-126.04
-124.76
-116.65
-123.16
-101.36
-113.41
-108.71
-111.87
-117.71
-119.25
-112.51
-117.81
-116.3
-110.6
-110.3
-109.09
-102.98
-102.67
-100.89
-104.39
-108.25
-107.01
-98.41
-109.48
-117.18
-124.66
-103.92
-121.84
-114.96
-105.65
-107.24
-115.01
-117.26
-96.73
-113.54
-111.22
-107.51
-105.04
-107.76
-117.84
-120.87
-108.38
-116.88
-124.73
-120.2
-123.08
-110.73
-111.06
-109.36
-102.93
-94.2
-114.53
-122.73
-111.73
-115.27
-123.44
-108.79
-115.83
-105.51
-111.14
-112.06
-105.34
-109.92
-103.15
-103.7
-101.76
-99.12
-110.09
-103.38
-111.63
-106.8
-106.09
-97.59
-101.02
-118.3
-114.36
-106.77
-106.76
-117.35
-122.3
-119.73
-110.28
-107.68
-109.49
-112.95
-111.14
-124.76
-110.93
-97.3
-110.61
-106.49
-101.04
-108.05
-104.47
-106.65
-112.17
-103.36
-99.82
-112.72
-116.15
-114.34
-114.9
-117.52
-112.19
-113.89
-110.68
-122.17
-109.33
-108.69
-110.51
-109.25
-105.38
-106.13
-103.14
-88.7
-101.65
-103.8
-112.96
-104.35
-88.73
-109.89
-111.19
-111.78
-106.14
-116.37
-106.23
-110.68
-109.14
-98.84
-106.74
-107.09
-108.1
-103.47
-102.22
-108.0
-114.76
-110.41
-108.98
-111.13
-97.12
-109.1
-92.29
-104.55
-105.97
-106.37
-113.29
-119.43
-116.74
-116.03
-104.77
-103.76
-106.31
-103.04
-114.29
-116.91
-113.35
-107.34
-109.2
-114.69
-107.9
-118.75
-117.0
-117.13
-107.95
-116.41
-100.73
-99.33
-113.33
-106.04
-108.48
-108.57
-102.85
-105.75
-102.65
-101.32
-93.12
-103.78
-97.72
-99.88
-96.42
-93.23
-100.89
-97.09
-99.61
-102.49
-102.65
-97.07
-92.72
-105.21
-103.64
-102.6
-108.68
-110.92
-105.66
-108.29
-92.77
-88.6
-87.39
-91.19
-92.73
-103.7
-101.21
-102.5
-100.88
-102.22
-102.74
-95.32
-97.86
-104.36
-116.13
-94.46
-99.81
-96.82
-104.08
-102.51
-96.66
-96.81
-110.27
-102.7
-96.76
-91.33
-95.4
-99.24
-100.22
-95.78
-101.38
-93.51
-100.58
-98.85
-99.4
-95.57
-103.25
-111.12
-96.29
-89.57
-99.45
-102.7
-101.51
-103.42
-99.38
-100.74
-120.31
-103.64
-107.61
-114.99
-98.16
-109.37
-116.98
-101.04
-102.15
-107.28
-113.87
-102.76
-98.66
-79.5
-103.96
-106.84
-98.87
-98.71
-105.48
-101.6
-91.43
-89.45
-108.99
-97.73
-102.58
-103.87
-95.02
-102.6
-93.1
-104.58
-95.57
-104.6
-102.89
-94.76
-97.65
-100.81
-99.65
-90.73
-111.46
-106.8
-105.9
-96.48
-108.52
-91.85
-89.97
-104.37
-106.17
-107.73
-101.84
-101.83
-92.44
-105.59
-100.04
-89.25
-102.02
-91.44
-99.46
-100.07
-97.02
-95.49
-94.08
-95.06
-91.65
-98.29
-105.34
-95.95
-96.57
-85.79
-96.76
-94.16
-102.55
-98.97
-102.06
-101.61
-97.06
-108.69
-106.93
-98.7
-116.04
-104.23
-102.06
-97.45
-101.86
-107.63
-102.86
-102.49
-103.41
-102.74
-107.67
-103.06
-99.51
-103.91
-107.28
-104.38
-107.12
-110.03
-105.06
-97.86
-109.18
-106.6
-91.7
-108.55
-104.24
-102.74
-90.34
-97.68
-89.31
-97.33
-91.44
-99.18
-98.46
-98.47
-102.12
-96.16
-101.03
-85.84
-101.25
-101.02
-96.78
-109.64
-111.4
-98.34
-95.97
-97.41
-106.0
-100.76
-104.9
-105.05
-102.17
-98.24
-102.48
-89.63
-108.55
-104.45
-108.63
-103.6
-105.82
-101.86
-106.03
-99.18
-102.42
-94.68
-91.86
-90.38
-86.05
-91.37
-96.03
-93.42
-97.91
-101.98
-114.36
-105.98
-105.76
-103.2
-98.05
-92.77
-94.69
-103.92
-104.3
-94.28
-99.69
-103.32
-88.19
-101.19
-102.43
-97.83
-97.36
-99.49
-96.86
-97.86
-99.41
-107.2
-103.34
-112.33
-111.07
-97.99
-92.2
-102.73
-98.55
-113.45
-109.66
-106.2
-101.56
-109.28
-99.25
-104.86
-104.76
-106.05
-112.2
-103.93
-97.7
-112.82
-109.36
-110.33
-110.09
-118.15
-114.8
-114.66
-123.73
-118.98
-122.83
