-114.42
-113.02
-135.19
-124.35
-132.49
-116.14
-127.02
-107.22
-107.16
-119.2
-111.74
-123.99
-116.22
-132.08
-115.4
-120.51
-130.02
-115.7
-115.87
-115.07
-117.34
-110.98
-94.87
-106.49
-102.67
-109.84
-109.55
-105.03
-126.14
-121.43
-110.39
-97.5
-121.17
-110.61
-111.7
-109.58
-126.72
-115.88
-139.98
-130.75
-124.86
-123.17
-129.28
-128.02
-135.67
-145.42
-127.93
-126.26
-124.13
-118.82
-126.48
-122.89
-114.31
-116.52
-124.0
-128.39
-125.01
-140.34
-145.79
-125.58
-135.73
-129.8
-138.14
-123.21
-125.91
-128.23
-115.45
-130.69
-124.57
-131.2
-114.82
-131.21
-124.79
-112.01
-121.98
-124.25
-122.46
-119.71
-121.15
-126.36
-123.72
-125.6
-123.18
-133.75
-110.97
-121.46
-128.72
-115.1
-122.06
-112.15
-109.72
-119.35
-119.74
-131.13
-123.43
-126.29
-108.98
-127.04
-113.38
-116.99
-116.03
-128.02
-126.79
-131.56
-129.98
-138.41
-125.68
-131.44
-128.85
-115.93
-136.38
-130.12
-137.98
-130.57
-138.09
-133.1
-136.74
-138.89
-128.58
-136.73
-132.91
-135.46
-128.01
-138.49
-126.23
-117.35
-129.08
-116.69
-130.39
-125.7
-128.47
-118.59
-104.29
-106.5
-112.97
-108.44
-111.89
-111.37
-108.24
-104.2
-101.16
-107.61
-111.9
-117.3
-117.18
-114.59
-107.11
-126.74
-107.14
-111.78
