-816.744
-838.153
-735.672
-708.479
-785.795
-779.63
-771.987
-811.152
-788.566
-794.718
-820.598
-791.06
-733.732
-732.01
-806.03
-784.883
-781.817
-774.64
-798.753
-715.435
-736.439
-722.435
-730.216
-706.308
-751.756
-727.7
-776.247
-744.921
-688.169
-749.909
-756.168
-745.64
-758.823
-745.976
-806.853
-809.261
-801.73
-793.055
-730.886
-737.484
-765.428
-738.167
-715.499
-638.517
-708.072
-737.322
-705.863
-752.501
-715.015
-803.986
-739.334
-765.717
-859.202
-768.229
-740.061
-711.656
-723.759
-731.771
-699.315
-757.131
-761.479
-799.24
-743.661
-789.882
-710.918
-754.217
-724.477
-773.72
-817.75
-725.84
-771.21
-723.161
-632.889
-758.375
-719.763
-756.222
-757.064
-727.016
-776.325
-768.157
-758.553
-701.349
-769.45
-715.694
-753.108
-774.343
-825.526
-788.213
-848.575
-773.941
-793.506
-820.877
-799.725
-780.351
-817.847
-828.668
-819.208
-817.66
-842.972
-794.434
-827.523
-745.947
-767.728
-724.017
-765.862
-788.306
-785.836
-860.459
-864.19
-839.259
-872.637
-849.871
-831.444
-782.836
-737.503
-782.003
-787.086
-786.19
-769.353
-835.785
-759.045
-780.441
-758.198
-720.651
-748.351
-733.869
-740.192
-750.033
-722.778
-747.003
-769.916
-739.437
-761.975
-778.396
-724.52
-735.192
-746.812
-728.653
-739.147
-749.211
-717.9
-779.025
-767.53
-783.426
-714.813
-740.864
-732.385
-764.547
-726.267
-754.585
-752.234
-775.205
-777.473
-779.121
-770.254
-800.199
-740.356
-733.255
-751.055
-753.521
-786.406
-792.906
-780.917
-745.175
-774.334
-762.885
-823.993
-806.497
-816.924
-804.562
-774.562
-777.949
-748.035
-820.482
-740.358
-708.512
-794.524
-769.557
-765.483
-731.995
-767.781
-724.422
-730.195
-730.691
-742.473
-721.564
-776.624
-724.891
-742.519
-716.855
-726.32
-748.156
-740.948
-798.546
-793.016
-792.487
-712.128
-778.111
-747.247
-741.88
-748.128
-758.895
-758.541
-723.694
-704.605
-728.956
-718.875
-730.144
-678.364
-761.54
-781.322
-740.169
-735.497
-716.385
-720.088
-692.226
-718.36
-722.479
-738.979
-763.164
-728.703
-754.708
-778.318
-769.196
-724.585
-703.339
-759.481
-745.79
-693.846
-760.773
-796.116
-820.519
-788.079
-788.75
-665.109
-725.114
-744.344
-746.753
-746.343
-778.71
-791.637
-829.957
-765.893
-799.105
-763.397
-727.786
-743.011
-763.647
-794.708
-762.05
-818.126
-779.62
-766.246
-778.212
-763.07
-836.276
-828.742
-829.235
-764.722
-785.927
-770.137
-762.876
-714.374
-737.126
-740.259
-751.458
-782.724
-724.665
-746.386
-794.501
-761.2
-746.336
-790.2
-718.406
-739.388
-726.158
-802.129
-759.38
-769.035
-767.562
-787.624
-751.54
-744.525
-749.101
-734.016
-724.231
-711.44
-723.648
-751.328
-772.347
-751.371
-777.366
-757.052
-779.674
-736.646
-778.782
-786.968
-791.618
-756.189
-743.55
-725.739
-726.337
-730.425
-729.789
-729.793
-730.658
-716.05
-739.086
-744.429
-772.048
-646.885
-762.173
-691.505
-724.712
-725.987
-808.759
-792.526
-781.015
-721.933
-760.052
-750.432
-709.503
-761.999
-746.381
-721.306
-784.709
-771.686
-809.807
-731.454
-788.807
-778.818
-778.054
-788.556
-804.582
-818.749
-762.292
-715.948
-791.385
-757.593
-788.425
-840.606
-800.671
-785.705
-743.288
-810.559
-806.241
-787.91
-768.349
-819.12
-767.829
-714.64
-767.966
-740.322
-785.965
-731.355
-721.14
-702.209
-698.02
-690.53
-676.458
-725.098
-679.704
-686.386
-701.632
-721.011
-697.484
-726.569
-709.465
-723.193
-703.166
-734.877
-689.667
-708.095
-757.141
-700.043
-750.449
-698.272
-717.837
-710.557
-698.078
-712.548
-695.871
-759.401
-704.544
-687.342
-708.44
-657.793
-706.339
-641.933
-663.749
-707.295
-687.294
-667.072
-689.195
-623.001
-655.565
-659.256
-706.758
-689.673
-707.498
-750.182
-721.375
-684.529
-715.464
-713.964
-698.015
-701.635
-700.225
-700.606
-695.836
-688.195
-672.973
-711.081
-719.19
-710.608
-735.313
-686.16
-709.742
-730.021
-713.635
-700.283
-673.966
-717.391
-771.228
-794.146
-701.623
-785.279
-781.697
-731.553
-751.26
-742.593
-749.051
-759.869
-782.899
-749.396
-742.11
-734.999
-761.169
-772.091
-684.598
-719.42
-746.163
-804.116
-759.611
-765.606
-763.349
-794.351
-756.694
-790.907
-755.681
-742.227
