-107.07
-116.8
-104.83
-110.99
-106.59
-112.3
-102.84
-106.15
-108.99
-110.79
-113.04
-107.05
-108.78
-112.54
-101.13
-115.46
-103.41
-113.52
-111.05
-114.39
-113.89
-118.15
-110.74
-111.94
-115.13
-118.94
-110.93
-112.01
-116.2
-115.7
-113.96
-124.38
-120.36
-119.03
-113.49
-121.96
-110.83
-122.68
-118.98
-119.85
-115.32
-112.54
-119.84
-120.7
-115.94
-108.18
-107.88
-96.54
-115.98
-117.97
-107.85
-108.72
-109.2
-107.9
-109.44
-102.03
-102.09
-100.97
-116.44
-106.88
-110.32
-104.32
-111.13
-104.49
-107.33
-107.13
-104.67
-116.43
-116.71
-114.08
-112.78
-112.81
-120.52
-104.81
-105.65
-113.24
-113.41
-105.63
-103.09
-106.89
-103.38
-120.65
-112.69
-116.03
-108.85
-108.11
-116.9
-123.7
-118.38
-120.61
-110.31
-104.12
-100.66
-111.12
-110.76
-107.62
-112.85
-112.68
-109.18
-102.37
-108.68
-108.78
-99.86
-113.82
-103.32
-102.0
-103.35
-105.01
-107.64
-114.02
-103.74
-108.62
-99.16
-108.48
-110.83
-109.61
-116.34
-105.86
-108.81
-100.64
-106.76
-114.12
-113.97
-102.44
-116.32
-111.22
-107.92
-115.01
-119.55
-108.18
-104.29
-110.95
-111.33
-108.88
-112.32
-121.02
-102.23
-108.05
-111.94
-109.09
-98.62
-108.85
-111.32
-108.33
-104.28
-118.13
-110.7
-116.28
-113.26
-107.08
-105.75
-101.35
-98.43
-107.08
-102.83
-115.12
-107.07
-89.6
-100.46
-85.06
-90.0
-83.42
-108.22
-98.56
-114.14
-94.7
-108.17
-105.93
-100.99
-98.89
-102.6
-106.73
-102.8
-103.09
-102.35
-98.37
-106.84
-110.22
-110.51
-108.22
-100.52
-99.29
-100.26
-106.5
-106.75
-92.8
-103.95
-104.71
-104.58
-86.92
-105.77
-116.68
-104.97
-105.05
-112.02
-111.03
-105.59
-103.53
-96.09
-98.0
-119.67
-116.12
-113.04
-98.19
-96.88
-98.68
-100.86
-102.8
-105.66
-96.32
-95.57
-102.07
-115.22
-104.66
-113.86
-102.48
-113.07
-106.6
-109.52
-100.64
-107.26
-92.58
-113.58
-104.59
-106.18
-100.27
-115.0
-108.88
-100.88
-109.79
-100.83
-101.82
-93.89
-102.71
-110.28
-118.74
-97.92
-113.87
-110.44
-104.17
-111.01
-112.56
-106.0
-116.34
-110.85
-130.96
-113.36
-114.83
-125.43
-118.81
-113.62
-113.66
-117.89
-106.45
-122.57
-114.93
-115.72
-128.48
-120.79
-118.55
-109.36
-106.82
-113.36
-115.65
-111.15
-111.39
-107.96
-120.34
-121.43
-124.47
-120.5
-105.61
-113.22
-109.48
-119.09
-109.62
-114.58
-116.06
-116.2
-111.12
-112.53
-107.32
-108.48
-118.81
-115.62
-110.74
-117.96
-116.58
-119.38
-112.72
-116.82
-124.72
-122.44
-118.43
-106.24
-100.88
-105.37
-117.98
-128.66
-117.35
-109.12
-128.77
-115.04
-116.54
-125.89
-126.04
-125.41
-117.79
-111.03
-125.54
-109.18
-123.39
-129.77
-115.25
-116.88
-117.74
-121.32
-111.83
-112.67
-112.22
-114.63
-124.98
-119.64
-124.14
-113.5
-108.25
-120.03
-120.48
-118.03
-110.06
-114.97
-117.35
-112.48
-114.35
-107.85
-120.49
-113.3
-107.23
-122.0
-120.73
-119.21
-120.93
-108.82
-127.09
-116.33
-121.75
-116.8
-128.93
-118.05
-117.82
-112.29
-113.75
-123.42
-111.98
-118.48
-118.43
-117.71
-110.9
-110.26
-118.85
-113.18
-113.19
-104.32
-119.65
-109.39
-116.08
-121.34
-118.46
-115.93
-120.82
-124.48
-111.44
-104.98
-110.28
-118.06
-121.61
-113.61
-113.06
-116.36
-113.25
-129.52
-106.32
-111.12
-108.22
-116.34
-109.08
-112.83
-114.77
-113.0
-106.6
-109.05
-112.93
-114.03
-104.77
-115.77
-110.44
-106.51
-110.71
-120.31
-110.0
-110.06
-111.41
-114.4
-110.57
-104.57
-98.38
-112.53
-107.69
-112.96
-108.47
-106.24
-105.47
-96.33
-102.3
-101.96
-113.45
-112.62
-112.11
-109.35
-106.97
-104.15
-110.75
-104.98
-113.5
-106.97
-111.16
-123.79
-110.96
-113.73
-110.05
-117.46
-112.85
-105.63
-111.52
-108.92
-121.71
-106.84
-115.5
-111.43
-105.52
-106.17
-110.65
-111.56
-123.5
-108.11
-108.51
-107.97
-102.46
-117.08
-113.28
-109.42
