-133.58
-132.22
-129.69
-121.65
-113.13
-113.31
-113.07
-113.26
-122.27
-118.66
-124.36
-119.32
-122.05
-111.11
-124.09
-133.16
-126.68
-124.21
-130.17
-130.6
-127.23
-125.02
-130.12
-129.3
-113.78
-128.52
-122.78
-120.2
-115.88
-116.46
-125.82
-125.4
-126.08
-133.53
-120.34
-129.49
-128.14
-141.58
-137.53
-129.36
-129.2
-128.15
-127.08
-128.15
-111.87
-127.2
-116.96
-116.49
-115.9
-117.22
-120.82
-113.31
-108.37
-134.28
-120.56
-113.2
-114.58
-120.39
-120.55
-124.24
-120.14
-118.31
-115.18
-106.1
-128.81
-116.21
-127.54
-120.28
-120.71
-116.66
-116.82
-119.22
-117.19
-113.84
-124.34
-124.64
-128.45
-129.34
-130.63
-123.18
-125.23
-129.63
-128.13
-129.1
-132.22
-135.29
-122.87
-124.45
-128.93
-127.1
-129.25
-117.92
-131.47
-124.87
-129.09
-120.87
-122.16
-133.44
-130.13
-122.2
-122.88
-114.1
-114.31
-138.34
-118.66
-115.41
-106.83
-106.33
-133.69
-107.77
-105.72
-111.77
-115.33
-122.5
-122.58
-103.23
-111.96
-118.19
-111.86
-134.29
-112.99
-115.0
-115.84
-113.01
-97.87
-118.55
-118.56
-117.35
-116.51
-117.34
-119.04
-117.68
-111.43
-112.77
-106.01
-102.02
-118.62
-104.36
-107.74
-100.52
-112.26
-111.34
-110.24
-114.25
-126.95
-109.64
-104.45
-100.67
-113.08
-107.06
