-0.829
-0.748
-0.6
-0.595
-0.698
-0.687
-0.762
-0.76
-0.674
-0.4
-0.656
-0.751
-0.691
-0.765
-0.681
-0.726
-0.646
-0.574
-0.812
-0.742
-0.695
-0.699
-0.539
-0.731
-0.776
-0.683
-0.551
-0.589
-0.528
-0.418
-0.62
-0.753
-0.634
-0.693
-0.73
-0.938
-0.722
-0.735
-0.588
-0.711
-0.663
-0.743
-0.772
-0.699
-0.91
-0.724
-0.657
-0.654
-0.618
-0.775
-0.606
-0.442
-0.793
-0.713
-0.967
-0.792
-0.697
-0.719
-0.798
-0.61
-0.591
-0.58
-0.696
-0.606
-0.641
-0.718
-0.58
-0.831
-0.634
-0.59
-0.787
-0.801
-0.79
-0.66
-0.664
-0.65
-0.74
-0.655
-0.598
-0.566
-0.56
-0.77
-0.802
-0.734
-0.529
-0.658
-0.565
-0.944
-0.678
-0.699
-0.534
-0.559
-0.613
-0.603
-0.733
-0.688
-0.66
-0.582
-0.727
-0.669
-0.732
-0.571
-0.613
-0.769
-0.728
-0.621
-0.492
-0.55
-0.536
-0.502
-0.586
-0.629
-0.826
-0.585
-0.5
-0.665
-0.392
-0.657
-0.61
-0.611
-0.609
-0.733
-0.742
-0.661
-0.583
-0.573
-0.667
-0.639
-0.702
-0.572
-0.569
-0.48
-0.646
-0.499
-0.363
-0.561
-0.481
-0.746
-0.735
-0.745
-0.435
-0.555
-0.664
-0.611
-0.711
-0.683
-0.438
-0.609
-0.585
-0.577
-0.501
-0.736
-0.656
-0.681
-0.754
-0.637
-0.523
-0.536
-0.697
-0.495
-0.493
-0.722
-0.737
-0.584
-0.692
-0.585
-0.556
-0.645
-0.617
-0.453
-0.453
-0.497
-0.428
-0.417
-0.516
-0.539
-0.711
-0.576
-0.651
-0.551
-0.599
-0.439
-0.581
-0.553
-0.394
-0.558
-0.46
-0.586
-0.625
-0.485
-0.63
-0.714
-0.277
-0.415
-0.554
-0.559
-0.59
-0.396
-0.555
-0.376
-0.398
-0.522
-0.491
-0.467
-0.573
-0.33
-0.785
-0.586
-0.479
-0.648
-0.51
-0.569
-0.512
-0.444
-0.471
-0.371
-0.478
-0.414
-0.443
-0.537
-0.513
-0.557
-0.48
-0.435
-0.384
-0.478
-0.538
-0.555
-0.534
-0.599
-0.405
-0.486
-0.603
-0.661
-0.74
-0.61
-0.593
-0.577
-0.678
-0.576
-0.559
-0.7
-0.468
-0.581
-0.482
-0.722
-0.799
-0.643
-0.701
-0.705
-0.731
-0.66
-0.696
-0.595
-0.793
-0.577
-0.619
-0.584
-0.724
-0.574
-0.713
-0.667
-0.586
-0.688
-0.738
-0.763
-0.646
-0.585
-0.582
-0.659
-0.822
-0.695
-0.785
-0.665
-0.714
-0.695
-0.795
-0.768
-0.608
-0.736
-0.73
-0.634
-0.862
-0.645
-0.588
-0.755
-0.592
-0.812
-0.913
-0.807
-0.657
-0.824
-0.663
-0.681
-0.447
-0.627
-0.697
-0.647
-0.781
-0.755
-0.624
-0.629
-0.564
-0.65
-0.707
-0.878
-0.746
-0.724
-0.657
-0.689
-0.855
-0.753
-0.713
-0.51
-0.782
-0.611
-0.839
-0.591
-0.618
-0.613
-0.67
-0.495
-0.613
-0.615
-0.826
-0.647
-0.819
-0.807
-0.769
-0.553
-0.613
-0.672
-0.902
-0.758
-0.683
-0.729
-0.677
-0.919
-0.999
-0.71
-0.956
-1.108
-0.788
-0.728
-0.688
-0.736
-0.906
-0.76
-0.918
-0.726
-0.928
-0.682
-1.077
-0.935
-0.798
-0.777
-0.903
-0.755
-0.804
-0.816
-0.95
-0.816
-0.794
-1.093
-0.743
-0.812
-0.763
-0.885
-0.803
-0.792
-0.844
-0.902
-0.704
-0.944
-0.939
-0.773
-0.546
-0.736
-0.865
-0.69
-0.781
-0.759
-0.749
-0.536
-0.617
-0.842
-0.861
-0.913
-0.728
-0.563
-0.631
-0.666
-0.536
-0.678
-0.583
-0.721
-0.734
-0.659
-0.84
-0.716
-0.709
-0.791
-0.65
-0.743
-0.732
-0.452
-0.591
-0.685
-0.612
-0.722
-0.561
-0.667
-0.738
-0.618
-0.725
-0.574
-0.705
-0.613
-0.558
-0.815
-0.705
-0.805
-0.613
-0.596
-0.675
-0.505
-0.674
-0.562
-0.589
-0.588
-0.73
-0.682
-0.521
-0.679
-0.573
-0.666
-0.65
-0.73
-0.773
-0.415
-0.562
-0.608
-0.587
-0.81
-0.75
-0.575
-0.636
-0.703
-0.659
-0.681
-0.708
