-783.413
-762.723
-777.129
-805.569
-831.351
-793.44
-799.227
-789.939
-790.533
-794.146
-760.12
-740.556
-777.111
-778.158
-735.272
-758.369
-830.02
-830.996
-822.252
-719.282
-817.331
-725.844
-784.928
-816.636
-806.31
-815.864
-754.687
-768.422
-793.337
-731.092
-761.776
-844.192
-801.654
-814.241
-831.115
-865.806
-814.565
-818.996
-848.866
-779.121
-807.23
-812.919
-875.607
-844.656
-807.329
-830.196
-765.88
-772.678
-825.531
-805.159
-814.047
-810.224
-846.115
-804.038
-774.162
-811.598
-758.922
-830.507
-833.133
-744.895
-789.736
-786.005
-777.233
-758.044
-835.655
-813.595
-844.942
-843.586
-818.42
-823.425
-831.39
-798.994
-811.173
-797.927
-728.852
-765.47
-796.819
-725.016
-730.913
-751.723
-766.847
-772.387
-768.576
-763.541
-792.246
-808.359
-754.094
-817.087
-864.712
-779.017
-823.122
-766.916
-766.215
-760.462
-751.979
-797.767
-793.98
-718.857
-804.775
-772.061
-793.213
-738.445
-758.534
-835.563
-794.607
-754.285
-776.969
-767.717
-806.133
-762.284
-747.014
-742.641
-740.308
-716.856
-713.138
-744.046
-774.816
-753.167
-778.384
-790.188
-779.403
-763.995
-754.936
-799.371
-796.388
-757.076
-812.622
-783.053
-809.862
-797.289
-735.678
-826.583
-772.824
-755.083
-816.52
-774.486
-746.641
-760.398
-798.885
-753.964
-778.585
-813.953
-797.695
-785.82
-789.251
-736.129
-759.981
-754.64
-782.397
-688.703
-724.512
-765.308
-723.683
-802.642
-784.971
-746.499
-750.13
-743.197
-783.106
-771.487
-715.012
-763.407
-765.081
-765.851
-720.994
-750.577
-710.069
-783.029
-733.405
-773.406
-761.08
-733.675
-687.564
-702.49
-689.429
-757.617
-763.165
-730.766
-745.323
-748.781
-767.676
-770.726
-735.886
-715.561
-685.858
-696.203
-756.395
-703.575
-691.848
-673.953
-740.08
-748.119
-757.356
-740.193
-793.972
-738.582
-705.113
-713.956
-752.208
-742.78
-727.349
-738.277
-727.673
-710.97
-681.193
-650.004
-663.942
-689.184
-639.811
-669.836
-670.948
-623.202
-758.907
-704.664
-702.442
-717.785
-662.106
-712.034
-693.049
-693.414
-712.59
-750.371
-679.994
-700.771
-700.015
-740.535
-700.512
-677.683
-725.258
-687.206
-698.521
-674.354
-686.386
-715.782
-759.478
-815.193
-779.862
-795.939
-749.154
-726.224
-701.069
-725.031
-754.231
-742.072
-742.631
-818.032
-759.034
-764.221
-738.217
-774.268
-732.859
-744.509
-809.558
-778.23
-810.133
-762.207
-806.404
-712.617
-728.243
-730.979
-771.395
-740.875
-754.513
-743.382
-716.405
-737.523
-719.176
-722.724
-785.461
-751.895
-794.078
-715.981
-808.736
-734.426
-785.551
-731.957
-800.895
-785.977
-775.18
-695.686
-727.885
-702.987
-792.668
-802.375
-835.534
-788.134
-793.817
-794.644
-753.843
-803.158
-812.984
-768.76
-827.107
-866.738
-776.339
-744.725
-764.626
-826.853
-809.201
-820.106
-870.623
-835.016
-757.627
-840.805
-801.824
-893.967
-828.069
-888.671
-785.113
-814.642
-820.881
-821.413
-827.265
-790.373
-883.515
-818.549
-830.854
-765.037
-788.807
-781.479
-818.423
-789.024
-823.446
-824.643
-868.701
-763.21
-838.013
-810.51
-781.644
-814.009
-787.573
-782.96
-786.412
-805.711
-780.564
-774.62
-820.067
-807.637
-775.498
-844.633
-794.449
-825.169
-848.32
-817.266
-835.194
-866.893
-839.815
-865.203
-782.194
-789.23
-852.153
-817.393
-871.441
-790.595
-859.159
-815.756
-820.911
-823.656
-796.305
-765.719
-795.203
-813.933
-793.182
-817.921
-810.53
-753.64
-789.732
-826.061
-863.355
-801.415
-824.835
-812.508
-795.966
-827.378
-837.055
-874.671
-832.091
-828.447
-817.034
-816.197
-834.32
-819.389
-815.978
-785.361
-817.136
-780.967
-809.292
-786.472
-735.43
-779.898
-788.692
-771.188
-794.381
-723.309
-771.466
-814.832
-766.633
-741.437
-743.309
-752.045
-766.412
-685.187
-787.002
-757.44
-762.444
-728.958
-783.456
-766.651
-737.301
-734.715
-755.727
-698.178
-721.242
-725.135
-762.333
-745.861
-755.64
-742.855
-723.294
-747.595
-753.673
-771.798
-763.687
-742.651
-729.956
-737.303
-727.525
-744.171
-739.724
-731.466
-743.299
-744.253
-699.953
-811.554
-845.125
-782.191
-800.819
-826.29
-808.9
-797.916
-759.451
-799.803
-817.272
-823.748
-799.674
-776.109
-763.466
-769.876
-766.579
-817.09
-763.523
