-0.56
-0.821
-0.621
-0.553
-0.597
-0.683
-0.614
-0.552
-0.721
-0.665
-0.735
-0.651
-0.722
-0.634
-0.821
-0.747
-0.712
-0.814
-0.846
-0.74
-0.667
-0.567
-0.794
-0.684
-0.664
-0.691
-0.637
-0.809
-0.786
-0.691
-0.742
-0.832
-0.656
-0.764
-0.513
-0.662
-0.812
-0.626
-0.762
-0.55
-0.532
-0.692
-0.511
-0.651
-0.744
-0.706
-0.67
-0.823
-0.706
-0.569
-0.707
-0.713
-0.942
-0.857
-0.684
-0.743
-0.443
-0.632
-0.68
-0.701
-0.686
-0.947
-0.742
-0.818
-0.634
-0.523
-0.813
-0.85
-0.887
-0.707
-0.856
-0.859
-0.741
-0.679
-0.797
-0.824
-0.697
-0.602
-0.708
-0.702
-0.739
-0.733
-0.715
-0.698
-0.641
-0.725
-0.777
-0.76
-0.792
-0.692
-0.813
-0.747
-0.725
-0.688
-0.629
-0.657
-0.677
-0.585
-0.502
-0.773
-0.576
-0.593
-0.557
-0.601
-0.805
-0.754
-0.755
-0.778
-0.726
-0.812
-0.675
-0.484
-0.669
-0.771
-0.348
-0.397
-0.477
-0.551
-0.594
-0.59
-0.514
-0.623
-0.712
-0.474
-0.637
-0.709
-0.77
-0.701
-0.635
-0.71
-0.633
-0.704
-0.654
-0.684
-0.671
-0.682
-0.706
-0.639
-0.638
-0.59
-0.616
-0.828
-0.897
-0.769
-0.732
-0.776
-0.609
-0.636
-0.791
-0.556
-0.852
-0.507
-0.757
-0.722
-0.701
-0.627
-0.625
-0.596
-0.693
-0.768
-0.722
-0.97
-0.771
-0.615
-0.589
-0.712
-0.702
-0.693
-0.601
-0.633
-0.495
-0.913
-0.71
-0.865
-0.615
-0.744
-0.845
-0.73
-0.813
-0.693
-0.808
-0.707
-0.706
-0.668
-0.69
-0.59
-0.706
-0.719
-0.774
-0.825
-0.865
-0.667
-0.834
-0.88
-0.877
-0.797
-0.659
-0.829
-0.985
-0.773
-0.797
-1.064
-1.07
-0.91
-0.69
-0.826
-1.028
-0.713
-0.669
-0.69
-0.699
-0.691
-0.798
-0.901
-0.696
-1.055
-0.947
-0.7
-0.69
-0.66
-0.848
-0.643
-0.686
-0.675
-0.699
-0.792
-0.866
-0.874
-0.728
-0.921
-0.761
-0.837
-1.142
-1.039
-1.005
-1.007
-0.741
-0.799
-0.776
-0.759
-0.708
-0.85
-1.045
-0.848
-0.72
-0.772
-0.855
-0.818
-0.771
-0.759
-0.663
-0.9
-0.706
-0.893
-0.682
-0.875
-0.659
-0.908
-0.743
-0.629
-0.864
-0.691
-0.776
-0.68
-0.771
-0.966
-0.783
-0.686
-0.77
-0.855
-0.814
-0.89
-0.741
-0.579
-0.762
-0.681
-0.926
-0.792
-0.832
-1.031
-0.745
-0.938
-0.717
-0.719
-0.723
-0.83
-0.654
-0.781
-0.88
-1.083
-0.74
-0.856
-1.07
-0.772
-0.846
-0.853
-0.83
-0.754
-0.79
-0.89
-0.64
-0.953
-0.993
-0.954
-0.987
-0.792
-0.975
-1.054
-1.029
-0.939
-1.143
-0.893
-0.807
-0.822
-1.135
-1.073
-1.036
-0.771
-0.827
-0.986
-1.116
-1.098
-1.035
-0.945
-0.992
-0.871
-0.836
-1.054
-0.825
-0.657
-0.83
-0.695
-0.822
-0.624
-0.969
-0.828
-1.026
-0.738
-0.868
-0.806
-0.987
-0.832
-0.809
-0.788
-0.73
-0.929
-0.938
-0.893
-0.963
-0.869
-0.751
-0.903
-0.954
-0.852
-1.033
-0.84
-0.924
-0.866
-0.898
-0.853
-0.947
-0.911
-1.077
-0.929
-1.12
-1.043
-0.981
-0.845
-0.918
-1.022
-0.824
-0.929
-0.713
-0.834
-0.908
-0.795
-0.84
-0.895
-1.126
-0.953
-1.0
-0.845
-0.93
-0.972
-0.806
-0.922
-0.917
-0.892
-0.756
-0.888
-0.933
-1.011
-0.71
-0.88
-0.922
-0.78
-0.779
-0.984
-1.01
-0.645
-0.851
-0.844
-1.022
-0.793
-0.816
-1.043
-0.757
-0.887
-0.886
-0.901
-1.05
-0.958
-0.932
-0.893
-1.037
-0.993
-1.067
-0.926
-0.983
-1.06
-0.995
-1.087
-0.806
-0.925
-1.031
-0.976
-0.978
-0.897
-1.076
-1.065
-0.948
-1.19
-1.022
-1.023
-0.888
-0.96
-1.332
-1.061
-0.953
-0.921
-1.066
-1.25
-1.132
-0.984
-0.989
-0.887
-1.023
-1.019
-0.99
-0.935
-0.883
