-840.633
-830.419
-817.567
-802.592
-835.748
-793.298
-851.434
-819.444
-842.788
-776.371
-776.714
-780.942
-770.585
-794.739
-825.305
-785.063
-798.192
-795.785
-768.374
-795.043
-784.846
-754.615
-745.067
-777.981
-794.377
-811.651
-764.412
-782.032
-820.75
-827.416
-814.243
-796.017
-778.553
-777.229
-805.119
-789.892
-814.454
-799.971
-790.475
-800.229
-850.954
-825.395
-830.93
-794.159
-850.313
-821.734
-838.821
-860.264
-814.926
-797.642
-808.521
-835.154
-792.19
-807.432
-821.693
-800.869
-764.448
-766.125
-789.338
-775.827
-787.443
-823.608
-802.928
-822.926
-743.93
-778.69
-824.403
-825.487
-839.789
-817.402
-839.736
-741.825
-805.185
-769.4
-760.037
-721.673
-732.402
-779.245
-735.756
-774.228
-798.214
-807.318
-790.402
-769.32
-826.509
-857.686
-802.932
-817.252
-798.1
-826.907
-779.061
-817.159
-771.685
-831.524
-763.324
-773.727
-841.328
-779.594
-794.581
-846.114
-799.315
-787.413
-760.925
-796.04
-816.027
-799.159
-805.395
-813.538
-791.276
-814.745
-757.083
-738.037
-796.99
-754.706
-751.086
-730.034
-757.975
-736.777
-785.667
-807.442
-757.042
-791.303
-754.772
-756.232
-764.633
-753.736
-709.282
-783.257
-802.054
-813.692
-795.672
-759.13
-817.125
-801.914
-813.756
-792.732
-801.384
-811.078
-778.722
-787.545
-773.203
-835.908
-841.439
-782.721
-756.227
-821.704
-821.566
-838.761
-835.222
-836.07
-816.306
-817.73
-782.898
-823.122
-839.079
-814.311
-781.851
-858.128
-849.246
-835.561
-861.98
-811.636
-825.396
-809.759
-810.227
-787.482
-800.028
-789.63
-791.043
-756.355
-797.351
-797.87
-818.288
-813.104
-807.505
-834.542
-792.922
-822.441
-776.448
-819.546
-808.513
-773.284
-767.115
-830.71
-804.828
-769.948
-798.479
-787.895
-760.502
-820.254
-827.999
-824.649
-851.697
-855.549
-806.05
-861.76
-873.769
-812.688
-837.803
-883.737
-844.21
-924.304
-859.316
-915.111
-869.817
-924.93
-851.381
-899.084
-880.83
-891.27
-867.512
-886.046
-853.743
-860.498
-877.398
-846.502
-792.988
-895.222
-846.049
-879.106
-893.205
-891.228
-871.833
-866.87
-860.655
-902.909
-829.804
-821.157
-832.083
-904.106
-854.269
-834.111
-861.081
-877.813
-884.067
-814.624
-855.186
-844.968
-844.488
-818.059
-707.524
-789.61
-815.357
-813.505
-849.436
-852.646
-813.995
-821.402
-788.915
-809.22
-808.137
-807.056
-822.035
-794.459
-831.961
-790.276
-771.678
-797.218
-806.896
-737.65
-781.834
-785.924
-801.832
-788.152
-785.286
-791.031
-838.707
-848.695
-828.009
-806.43
-851.898
-832.331
-806.598
-794.535
-834.203
-839.524
-889.767
-864.377
-835.066
-875.908
-890.718
-838.216
-873.544
-820.115
-860.043
-845.648
-844.184
-882.175
-814.387
-809.878
-792.946
-806.354
-886.872
-825.877
-878.983
-888.308
-833.774
-834.786
-837.888
-805.845
-821.43
-872.003
-806.925
-833.045
-810.108
-892.178
-813.689
-877.288
-872.739
-832.661
-859.019
-879.944
-824.867
-874.777
-870.527
-871.526
-819.921
-848.655
-836.355
-842.719
-863.079
-856.404
-850.726
-843.965
-881.7
-834.598
-820.067
-825.442
-876.307
-796.537
-767.624
-802.697
-832.929
-792.751
-821.013
-817.935
-822.509
-817.381
-751.807
-817.868
-836.212
-822.301
-789.55
-835.981
-739.902
-800.06
-742.932
-807.511
-794.765
-792.864
-792.863
-809.147
-844.466
-769.578
-772.561
-826.086
-820.16
-806.09
-893.796
-754.299
-761.554
-834.783
-830.727
-829.692
-776.634
-855.269
-834.954
-815.513
-769.114
-814.996
-839.463
-874.75
-803.43
-820.92
-792.688
-812.257
-820.059
-851.369
-861.76
-811.655
-794.183
-805.605
-819.915
-812.779
-829.411
-832.14
-839.276
-805.28
-812.705
-754.943
-842.85
-784.879
-846.739
-786.939
-883.966
-774.702
-779.431
-855.959
-834.005
-851.502
-842.55
-824.285
-827.753
-828.618
-756.39
-860.436
-812.474
-820.174
-818.214
-873.012
-784.443
-828.638
-793.4
-818.751
-826.29
-850.003
-817.429
-825.751
-828.303
-835.601
-847.974
-827.338
-821.895
-774.077
-858.639
-870.392
-871.794
-868.172
-856.009
-802.328
-815.821
-838.812
-880.223
-801.864
-818.763
-818.189
-838.019
-831.924
-801.77
-778.679
-823.04
-864.719
-796.758
-830.386
-829.89
-807.852
-795.056
-834.135
-854.168
-847.29
-812.781
