-114.98
-125.45
-123.09
-126.3
-123.04
-116.98
-121.07
-117.53
-121.69
-113.97
-118.0
-118.52
-117.98
-116.97
-110.79
-115.14
-113.48
-114.15
-118.99
-116.45
-122.17
-111.86
-121.84
-106.0
-118.41
-113.34
-103.51
-108.63
-102.01
-123.79
-107.48
-106.98
-119.33
-103.55
-114.69
-114.26
-109.35
-105.76
-114.2
-110.97
-123.31
-116.47
-125.61
-117.72
-115.16
-111.46
-112.37
-111.78
-118.99
-113.14
-115.37
-116.28
-117.11
-120.93
-109.11
-113.6
-109.65
-112.03
-115.48
-112.09
-118.11
-107.31
-113.8
-107.22
-105.78
-119.7
-121.1
-108.0
-112.09
-111.48
-120.46
-119.22
-117.93
-114.81
-110.76
-111.24
-100.65
-108.58
-106.81
-109.68
-105.05
-113.0
-111.35
-108.56
-115.02
-124.92
-104.52
-110.26
-128.7
-109.3
-121.56
-113.93
-109.75
-117.54
-105.89
-123.63
-119.96
-118.85
-99.89
-126.16
-116.41
-113.92
-109.47
-117.5
-114.34
-113.06
-118.51
-106.73
-105.35
-120.25
-109.9
-98.53
-98.68
-108.65
-102.63
-100.89
-108.48
-109.98
-106.19
-112.23
-114.13
-96.95
-91.69
-98.28
-102.97
-107.97
-118.1
-117.03
-110.9
-103.25
-118.83
-118.16
-116.91
-116.56
-111.09
-107.78
-121.0
-121.47
-112.39
-107.78
-110.55
-117.05
-122.18
-105.38
-123.97
-110.84
-117.2
-121.46
-118.82
-124.19
-122.12
-112.53
-118.93
-122.59
-114.43
-103.07
-119.76
-122.06
-117.5
-110.98
-110.8
-105.31
-115.88
-111.69
-121.84
-107.13
-108.3
-109.93
-104.65
-96.33
-111.85
-110.74
-114.03
-117.18
-108.18
-111.33
-126.09
-113.74
-114.33
-117.62
-121.03
-114.87
-102.98
-121.48
-124.39
-117.23
-111.7
-111.39
-114.06
-120.85
-123.56
-122.97
-124.93
-115.38
-116.61
-114.67
-123.97
-130.2
-125.99
-126.61
-132.77
-123.89
-113.29
-122.58
-118.89
-136.57
-133.81
-120.7
-126.82
-111.8
-119.73
-126.46
-124.69
-120.75
-133.8
-115.7
-116.91
-121.78
-120.63
-116.4
-124.41
-112.97
-120.74
-119.88
-123.19
-123.84
-111.15
-111.15
-108.04
-116.15
-114.83
-115.37
-123.94
-125.99
-122.8
-111.22
-133.04
-115.44
-115.31
-114.61
-111.15
-105.78
-124.53
-102.91
-118.72
-107.66
-116.29
-117.21
-110.0
-112.56
-117.1
-108.45
-116.25
-101.66
-105.02
-117.53
-108.98
-119.38
-104.46
-111.72
-107.23
-113.42
-110.42
-109.01
-113.39
-115.58
-108.86
-113.75
-112.28
-123.51
-126.71
-116.59
-115.44
-105.59
-115.1
-119.9
-116.6
-122.54
-116.92
-119.73
-113.29
-115.83
-116.64
-112.29
-106.18
-118.26
-107.45
-109.97
-124.4
-116.43
-115.29
-118.24
-125.02
-108.27
-117.88
-115.25
-116.71
-112.16
-112.88
-110.79
-103.68
-114.94
-112.77
-104.28
-108.38
-106.05
-116.41
-99.54
-115.38
-119.76
-118.81
-99.61
-119.81
-113.55
-125.41
-115.95
-115.34
-114.7
-112.29
-122.51
-113.73
-112.98
-113.16
-119.42
-109.96
-110.29
-111.35
-112.41
-106.36
-96.26
-108.26
-117.71
-114.96
-114.05
-106.24
-101.76
-118.8
-120.17
-107.9
-109.51
-93.65
-107.79
-100.54
-100.54
-102.57
-105.27
-110.39
-111.98
-109.81
-95.28
-100.62
-104.76
-115.15
-108.73
-116.72
-100.9
-108.6
-102.24
-108.52
-104.8
-111.57
-106.41
-122.06
-112.42
-121.63
-116.3
-116.19
-117.95
-113.96
-114.1
-108.08
-116.89
-113.05
-112.27
-116.13
-118.01
-103.74
-110.47
-113.22
-114.96
-105.41
-107.11
-110.54
-116.38
-114.55
-128.67
-112.77
-117.6
-117.81
-106.24
-118.75
-105.34
-107.09
-114.32
-111.7
-127.52
-118.22
-118.4
-120.9
-109.21
-108.02
-104.08
-107.19
-111.26
-110.19
-118.21
-101.04
-113.82
-96.27
-104.23
-109.19
-105.31
-109.36
-107.56
-112.34
-111.63
-119.01
-111.22
-109.4
-116.78
-117.95
-103.73
-113.11
-108.35
-112.25
-118.97
-113.94
-111.86
-114.36
-121.95
-99.62
-121.64
-107.37
-104.7
-112.02
-108.56
-108.78
-118.15
-105.82
-104.48
-116.0
-109.6
-116.12
-109.69
-101.3
-114.0
-105.52
-97.73
-104.35
-104.01
-104.15
