-136.52
-126.01
-126.5
-136.69
-133.44
-134.38
-126.54
-127.26
-119.07
-114.1
-128.55
-128.62
-123.19
-139.16
-125.66
-119.33
-143.73
-134.83
-143.79
-137.51
-137.48
-131.94
-135.01
-125.46
-133.26
-122.87
-113.52
-117.85
-116.37
-127.92
-138.24
-131.38
-138.61
-122.36
-141.77
-147.67
-131.4
-137.42
-137.74
-133.84
-137.18
-139.71
-126.51
-134.19
-124.51
-128.62
-143.57
-133.6
-122.85
-135.87
-131.57
-128.29
-124.73
-115.46
-125.07
-124.44
-132.23
-129.18
-133.02
-129.19
-121.42
-104.6
-115.69
-114.68
-109.01
-103.74
-116.57
-114.72
-120.38
-126.5
-118.28
-113.1
-113.38
-121.67
-122.85
-121.0
-120.11
-133.5
-138.72
-134.95
-124.9
-125.04
-131.99
-138.07
-137.23
-129.59
-124.45
-144.06
-129.71
-133.56
-122.2
-129.75
-136.38
-121.94
-117.52
-129.39
-139.54
-133.46
-138.75
-143.54
-129.63
-118.92
-130.13
-130.32
-122.83
-122.83
-126.96
-143.84
-138.61
-127.43
-133.07
-130.25
-145.43
-135.16
-139.51
-127.96
-126.98
-117.5
-132.56
-120.85
-133.13
-131.74
-125.15
-139.16
-133.88
-143.0
-131.57
-138.27
-137.12
-127.35
-138.77
-136.56
-121.04
-120.38
-134.79
-138.32
-123.66
-131.17
-129.77
-146.34
-139.91
-143.87
-156.43
-142.36
-138.04
-149.24
-152.15
-139.94
-150.09
-139.89
