-0.271
-0.251
-0.187
-0.141
-0.23
-0.22
-0.361
-0.17
-0.235
-0.128
-0.191
-0.149
-0.288
-0.138
-0.173
-0.189
-0.259
-0.172
-0.178
-0.2
-0.246
-0.228
-0.296
-0.253
-0.186
-0.266
-0.27
-0.243
-0.199
-0.3
-0.361
-0.338
-0.254
-0.403
-0.296
-0.325
-0.326
-0.279
-0.337
-0.312
-0.315
-0.228
-0.251
-0.342
-0.065
-0.224
-0.204
-0.177
-0.222
-0.351
-0.297
-0.221
-0.283
-0.346
-0.404
-0.208
-0.154
-0.255
-0.342
-0.342
-0.383
-0.283
-0.352
-0.181
-0.117
-0.15
-0.198
-0.158
-0.224
-0.24
-0.231
-0.214
-0.292
-0.273
-0.127
-0.138
-0.22
-0.257
-0.174
-0.237
-0.233
-0.159
-0.328
-0.264
-0.24
-0.271
-0.14
-0.201
-0.195
-0.124
-0.071
-0.165
-0.226
-0.222
-0.202
-0.129
-0.191
-0.189
-0.272
-0.273
-0.262
-0.217
-0.307
-0.281
-0.188
-0.286
-0.281
-0.226
-0.207
-0.306
-0.307
-0.272
-0.233
-0.32
-0.29
-0.303
-0.194
-0.237
-0.293
-0.248
-0.302
-0.146
-0.238
-0.141
-0.23
-0.175
-0.172
-0.214
-0.271
-0.185
-0.239
-0.163
-0.307
-0.188
-0.282
-0.253
-0.222
-0.149
-0.128
-0.313
-0.262
-0.129
-0.119
-0.181
-0.254
-0.178
-0.275
-0.189
-0.156
-0.112
-0.165
-0.21
-0.222
-0.188
-0.132
-0.251
-0.248
-0.251
-0.188
-0.249
-0.254
-0.176
-0.256
-0.175
-0.184
-0.194
-0.234
-0.219
-0.192
-0.182
-0.206
-0.207
-0.254
-0.087
-0.184
-0.161
-0.232
-0.157
-0.123
-0.171
-0.175
-0.264
-0.194
-0.117
-0.288
-0.173
-0.102
-0.251
-0.122
-0.258
-0.284
-0.291
-0.205
-0.291
-0.249
-0.198
-0.208
-0.198
-0.217
-0.22
-0.357
