-64.34
-68.14
-70.11
-61.87
-57.97
-68.71
-59.83
-68.23
-78.22
-68.32
-59.74
-57.85
-68.98
-53.94
-61.51
-54.43
-74.47
-66.14
-50.47
-47.97
-55.71
-54.71
-64.86
-62.93
-56.17
-43.12
-46.12
-47.58
-53.81
-51.09
-61.78
-58.68
-54.27
-51.77
-59.79
-44.25
-51.0
-50.18
-45.83
-51.34
-32.4
-54.94
-61.13
-64.67
-48.74
-51.46
-53.37
-60.2
-59.46
-56.38
-68.82
-53.49
-56.93
-55.5
-62.5
-65.58
-62.61
-68.15
-65.2
-62.92
-58.32
-61.33
-65.02
-68.12
-55.16
-55.5
-55.52
-63.28
-48.94
-49.48
-49.24
-49.87
-45.03
-41.12
-38.27
-34.61
-39.59
-55.32
-55.24
-57.82
-58.8
-66.28
-53.93
-59.02
-59.31
-61.66
-48.3
-58.05
-60.06
-68.77
-62.46
-60.63
-60.16
-65.18
-60.49
-55.35
-61.93
-66.89
-66.63
-55.81
-60.34
-55.8
-73.47
-65.46
-59.43
-74.07
-63.67
-62.8
-64.48
-42.74
-57.1
-52.68
-54.19
-58.7
-71.37
-61.28
-55.94
-42.11
-51.8
-51.76
-48.8
-57.09
-59.62
-69.79
-66.21
-56.85
-63.13
-62.42
-54.99
-52.45
-55.7
-67.2
-61.54
-60.65
-58.46
-48.05
-54.8
-58.03
-62.55
-69.22
-66.48
-73.81
-75.11
-59.06
-57.08
-59.59
-45.53
-58.52
-66.85
-45.94
