-70.0
-74.5
-64.75
-57.63
-68.01
-69.78
-69.22
-62.66
-73.43
-62.17
-61.61
-62.74
-72.53
-70.23
-73.19
-66.39
-71.01
-65.06
-61.44
-61.05
-73.13
-67.26
-68.87
-64.4
-62.78
-61.88
-61.26
-69.22
-60.74
-64.36
-74.9
-64.85
-67.6
-62.35
-64.1
-65.38
-76.65
-68.48
-83.06
-85.28
-73.74
-75.79
-67.09
-81.91
-65.95
-76.32
-79.47
-66.18
-71.82
-72.17
-71.78
-67.69
-66.48
-72.88
-71.34
-74.18
-73.23
-73.01
-90.0
-81.97
-73.56
-78.12
-73.41
-61.59
-72.13
-63.72
-78.08
-80.84
-70.43
-71.13
-63.61
-69.8
-76.0
-73.1
-62.25
-62.98
-61.62
-66.73
-65.59
-68.2
-73.07
-77.1
-74.16
-58.51
-62.85
-58.3
-58.3
-56.63
-63.04
-57.1
-46.75
-68.76
-60.28
-63.03
-64.69
-66.84
-61.48
-59.78
-59.72
-67.36
-63.41
-67.41
-70.08
-66.91
-65.3
-73.29
-62.27
-73.73
-68.46
-69.25
-67.68
-71.58
-66.21
-74.35
-66.69
-61.83
-61.11
-65.62
-63.02
-65.29
-64.34
-57.21
-56.31
-59.7
-60.05
-55.61
-53.33
-65.01
-64.36
-69.34
-62.45
-68.27
-64.31
-59.74
-64.27
-64.46
-66.19
-75.45
-68.42
-77.75
-71.71
-64.68
-63.95
-74.82
-74.02
-69.72
-76.65
-79.18
-72.68
-70.22
-73.01
-64.17
-69.57
-66.66
-64.17
-77.05
-65.91
-67.99
-64.68
-58.4
-64.64
-57.55
-58.59
-60.7
-68.36
-56.56
-60.27
-57.83
-60.99
-59.1
-54.87
-67.43
-71.17
-74.15
-73.99
-68.5
-70.5
-67.36
-56.11
-62.89
-69.84
-69.35
-74.87
-67.49
-65.42
-65.62
-66.76
-76.81
-75.08
-78.07
-75.66
-83.56
-75.27
-71.42
-74.63
-77.3
-63.41
-69.42
-72.4
-69.96
-72.63
