-453.338
-421.387
-426.874
-431.764
-436.638
-434.744
-442.906
-439.541
-445.749
-429.758
-466.051
-428.804
-460.621
-420.774
-468.464
-465.847
-466.189
-438.638
-487.265
-402.476
-467.34
-422.46
-430.146
-399.288
-404.084
-430.95
-402.649
-440.824
-406.821
-430.965
-434.271
-414.326
-397.871
-361.607
-413.214
-415.494
-425.071
-424.516
-449.919
-430.247
-437.993
-446.521
-425.236
-471.977
-431.555
-413.024
-432.46
-449.514
-462.933
-421.8
-446.524
-418.458
-393.967
-414.257
-417.427
-443.446
-441.42
-499.772
-519.265
-460.07
-438.183
-478.933
-487.72
-442.533
-389.178
-422.373
-456.028
-472.591
-403.586
-393.915
-419.408
-378.216
-419.874
-411.567
-391.366
-369.664
-418.913
-395.106
-410.155
-402.75
-418.106
-417.617
-393.775
-411.213
-437.656
-401.888
-395.926
-422.652
-418.447
-372.474
-360.16
-413.759
-411.63
-462.939
-443.097
-415.24
-440.02
-408.646
-421.787
-450.046
-452.849
-437.332
-424.889
-437.051
-463.744
-448.623
-417.409
-435.517
-445.053
-424.564
-447.485
-438.058
-425.028
-433.946
-415.1
-396.051
-429.689
-452.328
-379.471
-381.515
-395.929
-378.852
-375.965
-387.17
-375.387
-339.261
-366.595
-395.391
-398.532
-423.49
-437.373
-433.74
-430.25
-426.649
-431.828
-471.502
-457.408
-435.428
-453.725
-429.126
-403.013
-430.162
-426.094
-419.155
-442.874
-359.861
-478.837
-499.474
-487.661
-466.383
-460.352
-413.695
-466.424
-482.884
-436.165
-461.4
-486.932
-448.267
-417.893
-411.494
-434.591
-408.687
-442.729
-450.896
-444.03
-450.143
-425.634
-370.116
-434.845
-421.783
-429.026
-424.022
-438.191
-451.373
-457.064
-433.18
-430.326
-442.182
-423.787
-416.962
-423.439
-497.093
-460.509
-428.542
-449.326
-428.25
-402.343
-465.696
-441.849
-461.117
-438.227
-472.956
-413.654
-439.788
-460.028
-437.773
-354.802
-436.383
-471.012
-440.965
-503.295
