-70.46
-76.29
-77.92
-67.37
-69.28
-78.22
-66.92
-67.03
-58.31
-74.52
-78.3
-69.95
-77.67
-90.24
-92.29
-74.16
-77.55
-86.56
-74.35
-91.26
-81.1
-82.31
-68.66
-77.25
-80.08
-79.89
-73.66
-74.17
-76.18
-81.48
-82.31
-74.87
-83.57
-76.48
-76.08
-85.94
-69.35
-87.42
-82.79
-75.39
-82.27
-75.52
-88.66
-101.33
-80.09
-82.34
-95.35
-83.74
-84.93
-78.23
-65.87
-74.52
-70.61
-74.02
-69.59
-73.86
-75.3
-80.09
-88.87
-80.08
-83.29
-77.92
-76.32
-83.51
-85.53
-73.97
-81.44
-84.5
-75.28
-89.0
-86.62
-83.1
-89.17
-71.15
-80.99
-91.2
-80.68
-84.45
-90.46
-89.55
-73.63
-81.71
-82.73
-81.65
-86.49
-84.04
-80.31
-74.3
-83.8
-81.49
-62.53
-64.1
-53.73
-63.6
-75.0
-86.8
-79.76
-85.82
-98.31
-94.71
-91.61
-75.27
-95.18
-73.01
-81.13
-84.82
-84.25
-94.39
-99.11
-96.77
-99.51
-90.15
-79.04
-82.09
-97.28
-81.44
-73.37
-69.28
-83.85
-89.19
-80.21
-93.97
-78.61
-78.74
-83.77
-86.66
-84.28
-91.22
-85.68
-72.91
-74.35
-84.54
-86.03
-85.48
-93.14
-81.23
-71.05
-68.86
-67.78
-78.69
-80.62
-68.92
-69.22
-81.2
-90.31
-79.04
-83.44
-90.83
-72.88
-66.98
