-76.8
-82.59
-72.0
-72.98
-67.02
-72.6
-76.48
-78.07
-78.17
-69.97
-80.61
-77.51
-79.8
-83.8
-84.91
-71.77
-78.98
-77.45
-80.49
-76.35
-79.22
-66.66
-65.21
-77.57
-69.39
-80.02
-74.57
-80.37
-69.0
-73.1
-72.43
-73.23
-77.65
-74.99
-69.39
-75.45
-81.98
-80.38
-68.9
-68.42
-82.18
-78.05
-87.62
-80.3
-80.0
-96.96
-75.3
-82.46
-78.29
-84.68
-71.34
-76.14
-79.49
-70.08
-76.89
-71.54
-76.48
-77.53
-70.4
-77.76
-71.67
-71.81
-83.4
-84.27
-89.76
-78.91
-78.35
-80.97
-84.0
-85.13
-72.67
-77.86
-76.28
-79.6
-72.82
-86.27
-68.17
-74.41
-80.62
-68.68
-78.67
-69.73
-77.82
-81.4
-83.53
-73.96
-71.72
-83.27
-71.4
-81.43
-77.39
-78.33
-83.29
-84.26
-86.37
-85.29
-91.06
-81.93
-80.7
-79.8
-70.46
-78.29
-77.16
-75.22
-69.37
-75.88
-74.87
-79.59
-83.48
-82.13
-78.64
-73.03
-67.53
-78.27
-73.26
-68.32
-77.27
-76.65
-77.71
-90.16
-78.47
-70.6
-82.22
-74.29
-84.18
-82.35
-77.25
-77.78
-79.44
-82.05
-75.17
-81.19
-86.57
-79.28
-86.31
-79.44
-80.11
-74.8
-89.27
-77.74
-74.1
-71.79
-68.91
-66.32
-82.21
-82.6
-69.64
-83.66
-85.67
-91.61
-94.17
-79.11
-86.99
-77.65
-85.95
-78.76
-76.57
-82.11
-90.17
-90.19
-95.04
-83.69
-79.07
-82.21
-90.67
-90.05
-74.46
-79.94
-83.93
-73.17
-77.54
-83.55
-83.03
-73.74
-77.12
-73.22
-77.1
-85.07
-80.77
-76.86
-72.1
-76.48
-88.46
-84.55
-85.32
-84.75
-71.58
-78.68
-84.55
-77.45
-85.58
-79.75
-72.74
-80.44
-82.54
-82.2
-85.91
-85.14
-81.98
-83.47
-81.47
