-0.291
-0.275
-0.27
-0.193
-0.178
-0.259
-0.42
-0.373
-0.455
-0.303
-0.356
-0.356
-0.347
-0.352
-0.363
-0.336
-0.304
-0.365
-0.272
-0.235
-0.31
-0.253
-0.229
-0.25
-0.254
-0.259
-0.296
-0.274
-0.198
-0.207
-0.222
-0.241
-0.279
-0.252
-0.279
-0.241
-0.217
-0.278
-0.236
-0.302
-0.336
-0.23
-0.231
-0.192
-0.315
-0.388
-0.294
-0.218
-0.238
-0.278
-0.233
-0.248
-0.36
-0.304
-0.143
-0.306
-0.326
-0.253
-0.31
-0.26
-0.282
-0.452
-0.35
-0.288
-0.252
-0.36
-0.339
-0.347
-0.388
-0.403
-0.33
-0.335
-0.327
-0.246
-0.256
-0.277
-0.304
-0.377
-0.249
-0.308
-0.324
-0.282
-0.256
-0.267
-0.259
-0.138
-0.268
-0.394
-0.379
-0.4
-0.23
-0.322
-0.304
-0.193
-0.256
-0.321
-0.374
-0.298
-0.35
-0.349
-0.282
-0.248
-0.304
-0.26
-0.412
-0.245
-0.392
-0.319
-0.338
-0.323
-0.292
-0.26
-0.22
-0.258
-0.271
-0.278
-0.298
-0.324
-0.26
-0.291
-0.224
-0.166
-0.224
-0.166
-0.308
-0.253
-0.279
-0.213
-0.256
-0.292
-0.331
-0.364
-0.244
-0.284
-0.253
-0.21
-0.317
-0.286
-0.332
-0.305
-0.215
-0.158
-0.181
-0.229
-0.337
-0.26
-0.412
-0.352
-0.35
-0.517
-0.469
-0.304
-0.394
-0.301
-0.378
-0.404
-0.358
-0.257
-0.284
-0.35
-0.356
-0.284
-0.358
-0.383
-0.304
-0.303
-0.296
-0.248
-0.353
-0.392
-0.326
-0.389
-0.419
-0.367
-0.272
-0.328
-0.412
-0.242
-0.389
-0.315
-0.301
-0.384
-0.402
-0.406
-0.408
-0.294
-0.21
-0.273
-0.457
-0.24
-0.259
-0.286
-0.215
-0.284
-0.213
-0.297
-0.234
-0.372
-0.184
-0.344
-0.279
