-574.896
-596.679
-554.254
-545.379
-526.173
-578.922
-593.853
-542.419
-593.063
-552.258
-561.021
-590.139
-573.077
-584.663
-575.603
-545.87
-556.598
-562.31
-490.886
-539.258
-601.186
-526.807
-457.412
-458.102
-472.185
-544.731
-484.943
-471.617
-474.386
-492.418
-492.58
-467.873
-469.613
-513.462
-460.339
-547.05
-503.1
-532.192
-521.732
-553.347
-549.041
-510.383
-569.343
-580.905
-558.616
-577.898
-541.222
-595.044
-532.068
-556.016
-535.884
-541.531
-528.092
-546.491
-513.796
-522.393
-521.499
-525.959
-498.317
-510.07
-553.203
-545.045
-495.53
-572.914
-572.621
-545.299
-592.151
-576.585
-571.925
-602.332
-578.085
-579.448
-531.226
-569.082
-534.997
-599.901
-503.824
-545.241
-520.88
-563.726
-540.57
-509.848
-568.881
-563.759
-544.915
-584.2
-495.481
-578.698
-557.006
-550.887
-586.696
-553.815
-580.994
-604.077
-593.347
-568.623
-653.132
-580.569
-581.067
-563.931
-531.132
-595.61
-519.543
-543.965
-527.841
-520.915
-586.784
-576.327
-580.152
-586.342
-568.437
-509.097
-550.043
-560.131
-568.315
-534.221
-582.636
-605.822
-535.765
-554.771
-561.154
-571.567
-586.647
-534.359
-540.513
-564.212
-562.557
-569.233
-566.328
-559.819
-564.856
-606.352
-609.691
-595.957
-585.107
-574.986
-599.846
-592.208
-586.728
-547.826
-515.158
-495.176
-540.473
-513.395
-582.779
-571.942
-615.318
-601.804
-607.121
-599.914
-659.76
-557.379
-582.641
-563.373
-608.069
-634.936
-630.737
-624.818
-588.828
-636.241
-590.308
-594.91
-585.038
-595.254
-571.64
-556.051
-520.567
-556.011
-600.559
-584.274
-601.225
-618.759
-587.332
-578.203
-617.043
-596.354
-556.796
-581.592
-586.018
-550.063
-567.22
-564.256
-603.906
-568.515
-599.196
-554.196
-518.652
-496.024
-531.593
-494.821
-571.645
-555.767
-503.77
-515.378
-566.378
-550.461
-515.814
-592.877
-518.724
-511.543
-526.595
