-0.648
-0.601
-0.778
-0.708
-0.726
-0.659
-0.657
-0.708
-0.886
-0.747
-0.595
-0.577
-0.56
-0.662
-0.732
-0.792
-0.542
-0.78
-0.557
-0.563
-0.742
-0.591
-0.764
-0.911
-0.784
-0.713
-0.794
-0.682
-0.625
-0.661
-0.719
-0.966
-0.712
-0.706
-0.761
-0.727
-0.629
-0.646
-0.607
-0.656
-0.707
-0.51
-0.587
-0.677
-0.744
-0.636
-0.705
-0.769
-0.747
-0.639
-0.871
-0.698
-0.357
-0.639
-0.629
-0.727
-0.775
-0.583
-0.511
-0.475
-0.62
-0.563
-0.533
-0.638
-0.673
-0.594
-0.807
-0.59
-0.575
-0.538
-0.717
-0.574
-0.629
-0.565
-0.554
-0.611
-0.659
-0.786
-0.646
-0.775
-0.683
-0.692
-0.771
-0.725
-0.652
-0.776
-0.7
-0.788
-0.451
-0.583
-0.743
-0.819
-0.783
-0.7
-0.792
-0.551
-0.709
-0.849
-0.706
-0.903
-0.698
-0.685
-0.798
-0.696
-0.904
-0.789
-0.728
-0.755
-0.78
-0.724
-0.687
-0.809
-0.737
-0.676
-0.68
-0.733
-0.722
-0.767
-0.778
-0.586
-0.514
-0.612
-0.612
-0.788
-0.717
-0.55
-0.819
-0.666
-0.775
-0.714
-0.595
-0.585
-0.545
-0.669
-0.86
-0.64
-0.932
-0.843
-0.658
-0.6
-0.725
-0.637
-0.72
-0.706
-0.645
-0.616
-0.684
-0.586
-0.722
-0.575
-0.535
-0.56
-0.53
-0.653
-0.61
-0.734
-0.644
-0.763
-0.712
-0.864
-0.627
-0.72
-0.642
-0.917
-0.583
-0.624
-0.752
-0.633
-0.614
-0.61
-0.56
-0.585
-0.68
-0.617
-0.61
-0.648
-0.669
-0.668
-0.727
-0.709
-0.697
-0.693
-0.651
-0.477
-0.638
-0.844
-0.78
-0.516
-0.728
-0.845
-0.56
-0.672
-0.753
-0.828
-0.947
-0.862
-1.102
-0.929
-0.822
-0.833
-0.916
-0.854
-0.784
-0.685
-0.652
-0.807
-0.88
-0.724
-0.762
-0.644
-0.647
-0.716
-0.633
-0.703
-0.629
-0.568
-0.537
-0.441
-0.639
-0.736
-0.544
-0.854
-0.733
-0.627
-0.742
-0.782
-0.467
-0.737
-0.795
-0.653
-0.72
-0.761
-0.711
-0.851
-0.784
-0.639
-0.902
-0.67
-0.675
-0.807
-0.745
-0.652
-0.956
-0.811
-0.796
-0.943
-0.698
-0.69
-0.759
-0.879
-0.796
-0.846
-0.882
-0.539
-0.788
-0.665
-0.765
-0.721
-0.564
-0.651
-0.607
-0.641
-0.565
-0.644
-0.58
-0.57
-0.585
-0.569
-0.561
-0.57
-0.522
-0.549
-0.661
-0.629
-0.572
-0.482
-0.533
-0.558
-0.686
-0.689
-0.735
-0.74
-0.802
-0.665
-0.74
-0.731
-0.686
-0.716
-0.6
-0.691
-0.609
-0.554
-0.737
-0.652
-0.666
-0.548
-0.966
-0.68
-0.74
-0.657
-0.689
-0.646
-0.631
-0.622
-0.502
-0.625
-0.612
-0.636
-0.662
-0.745
-0.54
-0.73
-0.697
-0.628
-0.563
-0.508
-0.711
-0.525
-0.853
-0.713
-0.826
-0.602
-0.594
-0.739
-0.606
-0.6
-0.474
-0.787
-0.701
-0.734
-0.663
-0.716
-0.799
-0.736
-0.969
-0.724
-0.722
-0.854
-0.564
-0.785
-0.754
-0.762
-0.741
-0.669
-0.697
-0.751
-0.666
-0.619
-0.691
-0.612
-0.688
-0.731
-0.695
-0.564
-0.685
-0.718
-0.578
-0.707
-0.768
-0.632
-0.682
-0.583
-0.646
-0.745
-0.848
-0.645
-0.658
-0.52
-0.572
-0.678
-0.604
-0.525
-0.639
-0.905
-0.74
-0.745
-0.829
-0.85
-0.649
-0.704
-0.777
-0.832
-0.784
-0.598
-0.66
-0.714
-0.734
-0.853
-0.695
-0.696
-0.671
-0.617
-0.638
-0.594
-0.72
-0.745
-0.491
-0.616
-0.521
-0.87
-0.759
-0.735
-0.744
-0.703
-0.637
-0.613
-0.67
-0.656
-0.614
-0.611
-0.718
-0.698
-0.619
-0.396
-0.469
-0.474
-0.629
-0.467
-0.746
-0.639
-0.456
-0.572
-0.503
-0.684
-0.665
-0.659
-0.543
-0.495
-0.664
-0.585
-0.649
-0.575
-0.499
-0.579
-0.552
-0.596
-0.559
-0.542
-0.527
-0.534
-0.655
-0.682
-0.587
-0.623
-0.652
-0.531
-0.511
-0.531
-0.475
-0.502
-0.575
