-126.97
-114.78
-122.36
-116.04
-117.64
-116.27
-120.55
-118.76
-115.87
-129.07
-121.78
-126.94
-124.37
-122.21
-120.83
-117.5
-116.87
-111.93
-118.77
-116.89
-120.73
-113.26
-119.44
-104.16
-116.19
-116.0
-112.71
-113.28
-120.52
-109.31
-123.14
-124.44
-118.11
-132.58
-123.71
-118.68
-124.99
-118.52
-114.15
-124.26
-118.18
-107.63
-99.48
-119.42
-114.62
-109.77
-120.26
-116.62
-114.07
-116.31
-119.84
-108.51
-101.56
-112.13
-118.65
-122.22
-104.85
-107.17
-117.2
-120.27
-107.18
-119.56
-113.91
-123.25
-115.44
-120.47
-120.01
-122.53
-120.46
-111.05
-112.05
-114.51
-113.14
-122.28
-109.64
-119.3
-110.41
-117.16
-121.88
-112.31
-127.54
-112.11
-113.62
-124.08
-124.35
-127.59
-116.21
-119.45
-117.05
-119.05
-120.06
-121.52
-119.39
-115.35
-115.09
-115.46
-110.28
-116.77
-111.48
-124.89
-124.64
-117.97
-119.77
-123.81
-121.88
-116.56
-114.24
-127.31
-118.54
-130.37
-123.77
-115.26
-113.79
-116.82
-108.38
-119.33
-119.28
-106.08
-113.8
-111.31
-114.33
-117.86
-104.56
-118.65
-121.23
-115.75
-127.52
-108.32
-115.45
-114.7
-103.48
-108.53
-117.92
-122.52
-114.19
-110.43
-113.31
-108.72
-109.23
-109.59
-108.73
-110.4
-117.26
-105.61
-114.48
-112.58
-110.05
-123.5
-120.75
-101.47
-106.55
-104.15
-102.84
-117.45
-116.83
-120.83
-102.51
-107.85
-109.7
-105.37
-96.93
-111.22
-102.82
-100.05
-91.61
-113.27
-118.1
-87.98
-106.54
-92.0
-98.15
-90.58
-96.47
-100.27
-100.48
-89.01
-108.02
-97.33
-93.1
-105.01
-92.12
-97.98
-101.69
-93.6
-100.67
-92.93
-99.7
-101.24
-102.79
-113.58
-103.79
-97.42
-110.81
-116.7
-111.24
-98.29
-103.95
-106.11
-95.09
-98.95
-101.48
-97.25
-104.21
-102.64
-97.06
-104.8
-100.96
-99.17
-110.52
-97.89
-95.61
-99.34
-107.33
-98.16
-101.32
-89.57
-96.64
-86.64
-95.73
-101.46
-89.56
-97.79
-95.54
-98.72
-108.29
-109.62
-93.06
-95.55
-109.02
-107.7
-100.26
-96.49
-97.57
-100.25
-100.87
-104.37
-105.4
-100.91
-97.22
-99.76
-103.91
-108.78
-108.97
-101.7
-109.35
-109.15
-99.05
-98.0
-107.05
-100.23
-106.84
-101.6
-108.98
-99.89
-102.29
-93.42
-104.53
-100.5
-96.17
-91.62
-93.51
-87.98
-97.94
-103.95
-102.53
-106.55
-97.72
-99.46
-81.14
-96.19
-96.76
-95.34
-99.76
-104.1
-98.44
-92.68
-92.46
-87.28
-91.7
-98.66
-91.42
-102.17
-94.65
-99.12
-92.66
-89.76
-82.81
-94.22
-89.32
-96.11
-91.19
-98.23
-101.27
-104.76
-108.09
-102.32
-94.63
-89.61
-93.24
-101.78
-95.81
-99.86
-90.22
-106.61
-88.58
-110.61
-103.9
-100.73
-87.18
-108.96
-88.92
-98.6
-89.95
-98.42
-94.76
-91.56
-96.94
-98.24
-102.82
-97.18
-96.16
-96.53
-92.86
-94.98
-91.41
-91.41
-89.78
-93.58
-96.26
-102.84
-91.76
-98.75
-92.07
-92.59
-99.48
-95.83
-94.29
-99.37
-96.17
-95.66
-104.76
-96.14
-96.27
-91.94
-98.61
-103.2
-104.57
-99.15
-104.45
-100.69
-101.93
-105.34
-102.39
-92.99
-99.17
-93.65
-98.61
-94.36
-94.05
-99.07
-95.34
-98.52
-92.8
-98.18
-96.53
-100.05
-105.46
-87.64
-99.77
-103.92
-102.21
-98.87
-102.65
-100.46
-80.24
-101.85
-95.22
-103.55
-95.69
-92.64
-99.73
-102.21
-101.08
-93.92
-104.42
-101.93
-96.11
-101.97
-93.19
-97.9
-92.13
-93.22
-93.08
-88.3
-88.69
-86.49
-74.0
-82.65
-88.21
-85.83
-87.12
-100.56
-96.39
-104.15
-81.75
-91.08
-79.21
-94.43
-92.6
-84.05
-89.67
-92.31
-86.04
-95.23
-81.42
-92.59
-80.96
-92.17
-88.23
-90.77
-98.05
-104.03
-80.38
-84.55
-98.6
-83.12
-86.87
-85.65
-90.72
-87.81
-96.93
-78.93
-80.59
-87.19
-85.19
-91.16
-81.79
-91.79
-87.52
-90.8
-90.4
-86.71
-86.52
-81.39
-83.64
-79.34
-80.37
-80.39
-81.4
-86.84
-77.8
