-814.114
-796.582
-804.429
-789.025
-780.779
-794.752
-797.122
-855.152
-797.934
-849.327
-824.256
-845.848
-893.038
-829.583
-771.713
-786.486
-782.031
-802.862
-794.651
-789.603
-809.87
-791.088
-785.471
-819.787
-769.604
-793.776
-810.343
-819.169
-805.916
-823.386
-795.903
-795.094
-801.78
-827.281
-818.954
-760.134
-835.13
-825.108
-772.813
-807.269
-801.942
-813.393
-796.271
-803.363
-759.372
-798.008
-847.16
-765.034
-806.54
-752.3
-814.324
-737.616
-704.066
-799.802
-805.945
-774.62
-825.488
-769.442
-760.88
-774.252
-735.663
-803.522
-796.194
-834.458
-806.095
-780.857
-768.386
-738.961
-740.619
-802.207
-710.278
-827.865
-794.672
-806.265
-814.264
-745.402
-790.699
-758.73
-772.683
-720.522
-752.245
-811.485
-799.501
-822.419
-806.593
-812.265
-816.229
-795.223
-804.681
-723.363
-779.916
-783.356
-830.307
-770.724
-761.876
-770.528
-794.677
-799.276
-745.707
-787.064
-728.987
-754.808
-746.538
-785.709
-784.457
-788.404
-824.407
-787.901
-794.854
-769.99
-805.712
-789.568
-761.154
-773.432
-804.785
-812.123
-813.359
-806.244
-786.405
-789.644
-779.541
-789.75
-822.356
-767.649
-790.371
-727.095
-783.792
-760.511
-775.641
-771.978
-777.988
-750.839
-781.735
-759.6
-827.281
-697.24
-794.301
-830.038
-687.082
-754.503
-749.713
-711.825
-785.293
-747.197
-769.047
-770.615
-766.798
-764.025
-798.252
-728.195
-711.058
-732.824
-713.1
-820.587
-801.86
-803.917
-781.474
-730.043
-773.756
-723.266
-710.642
-793.567
-756.687
-711.626
-748.583
-739.494
-822.346
-761.103
-739.225
-701.487
-665.342
-710.926
-731.77
-707.522
-760.69
-766.088
-677.745
-788.277
-738.528
-744.606
-679.221
-686.272
-681.69
-663.945
-721.205
-729.576
-746.122
-716.774
-721.413
-775.39
-754.673
-782.958
-730.711
-756.7
-758.498
-761.659
-729.126
-798.809
-782.95
-780.07
-762.592
-702.063
-812.339
-815.165
-832.23
-820.268
-830.969
-763.699
-840.164
-753.134
-744.546
-738.0
-807.757
-822.53
-793.326
-676.196
-732.993
-716.403
-770.344
-763.524
-727.813
-777.963
-727.952
-708.783
-748.673
-742.89
-759.488
-747.969
-767.067
-738.608
-745.187
-758.199
-769.356
-794.284
-793.443
-736.569
-785.116
-776.499
-746.789
-772.02
-795.099
-743.115
-780.633
-733.637
-791.104
-805.997
-763.283
-736.593
-710.489
-775.923
-830.472
-785.366
-761.386
-750.481
-732.576
-707.384
-779.513
-672.338
-752.425
-679.866
-715.145
-701.622
-739.314
-724.946
-713.651
-689.557
-689.063
-702.845
-697.47
-712.403
-750.233
-731.328
-736.771
-766.776
-757.41
-697.601
-698.143
-698.227
-727.148
-679.526
-665.899
-751.781
-770.632
-695.293
-703.997
-709.231
-675.384
-685.585
-688.789
-744.657
-702.267
-776.811
-789.074
-717.492
-736.821
-692.688
-707.339
-727.526
-739.487
-712.462
-717.71
-743.613
-699.115
-754.442
-734.119
-763.315
-740.141
-707.097
-713.706
-704.08
-703.811
-719.001
-701.295
-733.011
-706.683
-764.763
-731.019
-683.807
-762.808
-701.962
-772.163
-691.762
-680.687
-636.666
-682.671
-709.374
-697.709
-694.595
-692.235
-740.353
-692.428
-692.87
-714.128
-731.969
-738.083
-733.909
-700.599
-744.014
-756.787
-740.401
-754.036
-724.052
-741.899
-768.693
-716.971
-743.115
-753.467
-743.3
-665.898
-751.116
-790.978
-734.494
-720.837
-751.88
-739.621
-731.528
-764.385
-715.77
-745.289
-744.272
-739.736
-726.334
-699.115
-691.111
-754.239
-743.652
-753.55
-719.906
-711.766
-748.357
-767.549
-732.25
-737.955
-768.62
-743.818
-749.194
-713.51
-719.256
-701.805
-714.94
-753.302
-724.234
-758.082
-762.03
-764.357
-731.692
-694.039
-727.034
-670.646
-719.085
-725.224
-735.134
-682.472
-711.849
-656.891
-666.982
-648.581
-676.427
-693.701
-630.976
-674.288
-757.074
-699.987
-713.375
-710.999
-684.53
-692.672
-682.201
-709.662
-642.54
-696.748
-693.19
-681.433
-709.785
-653.363
-724.711
-676.578
-689.748
-704.287
-718.953
-708.467
-718.869
-709.376
-687.898
-695.394
-678.696
-681.578
-648.278
-669.101
-676.265
-678.991
-627.698
-641.492
-636.613
-644.888
-679.937
-679.445
-682.909
-680.609
-675.637
-709.563
-681.538
-654.896
-623.995
-649.873
-603.031
-616.701
-602.458
-640.048
-645.698
-614.163
