-133.03
-124.3
-107.86
-125.01
-126.34
-115.49
-114.73
-119.03
-122.28
-131.68
-119.75
-127.7
-128.05
-142.62
-131.09
-146.2
-137.34
-123.22
-129.31
-136.29
-108.09
-128.83
-133.8
-131.17
-116.05
-132.54
-131.96
-123.86
-128.22
-125.16
-134.15
-136.2
-130.93
-137.22
-124.84
-130.71
-130.24
-118.04
-130.07
-124.41
-140.18
-138.15
-135.12
-134.26
-130.99
-126.26
-127.86
-130.21
-120.87
-145.79
-124.75
-130.91
-132.55
-130.75
-135.69
-132.3
-134.78
-140.54
-131.21
-140.0
-138.15
-129.2
-130.59
-131.28
-131.17
-124.62
-129.47
-130.8
-128.07
-136.73
-125.36
-123.76
-131.74
-127.23
-144.23
-127.53
-124.54
-118.0
-124.95
-131.02
-119.38
-121.66
-119.87
-118.91
-130.82
-120.58
-132.5
-133.49
-118.11
-121.36
-119.54
-124.55
-136.65
-116.85
-128.55
-123.49
-127.91
-131.79
-137.83
-115.63
-117.78
-126.16
-121.57
-136.62
-133.63
-126.54
-125.29
-110.78
-119.27
-121.33
-113.1
-124.38
-115.74
-103.7
-117.4
-122.61
-129.05
-109.43
-122.72
-106.75
-93.53
-102.78
-114.01
-106.33
-115.76
-110.49
-100.35
-127.3
-116.36
-121.78
-96.91
-97.35
-104.98
-104.57
-109.31
-111.38
-104.79
-102.66
-102.49
-122.23
-113.64
-105.05
-107.15
-114.04
-111.9
-103.32
-121.01
-114.12
-109.4
-117.58
