-663.956
-681.724
-648.066
-721.417
-654.502
-616.499
-691.708
-675.941
-698.61
-720.669
-710.974
-706.527
-678.331
-724.557
-694.597
-707.832
-709.071
-701.832
-699.243
-687.107
-627.001
-629.726
-594.413
-642.785
-585.197
-645.5
-646.877
-652.149
-645.439
-622.244
-632.27
-699.125
-626.436
-672.443
-632.402
-660.794
-685.405
-713.435
-699.622
-669.074
-675.982
-668.341
-685.192
-723.076
-697.997
-748.956
-661.449
-637.057
-678.83
-665.509
-675.233
-727.986
-695.69
-689.069
-758.164
-716.346
-728.493
-732.686
-700.003
-745.583
-709.072
-715.94
-635.832
-689.7
-674.354
-672.975
-685.594
-668.792
-656.206
-619.338
-665.86
-704.535
-660.284
-705.427
-714.105
-779.029
-688.902
-724.345
-756.847
-768.373
-691.041
-781.553
-722.779
-698.274
-722.255
-730.681
-741.492
-671.382
-701.915
-725.54
-695.935
-678.377
-640.053
-681.793
-697.903
-712.18
-743.73
-645.486
-657.607
-579.294
-638.646
-645.256
-650.579
-666.621
-651.922
-713.27
-640.406
-710.477
-659.351
-720.961
-682.345
-651.589
-654.386
-709.823
-656.249
-659.641
-746.861
-681.723
-688.881
-686.159
-696.045
-675.098
-646.501
-662.854
-666.098
-593.383
-684.618
-664.48
-680.461
-682.19
-645.209
-665.768
-654.472
-643.028
-658.948
-694.767
-683.322
-653.04
-681.779
-638.053
-683.56
-659.351
-698.892
-681.284
-670.613
-701.348
-635.869
-660.245
-645.618
-675.996
-674.592
-677.438
-692.724
-621.502
-578.758
-664.559
-632.317
-663.842
-652.233
-663.481
-630.599
-675.403
-714.749
-674.785
-681.29
-620.712
-662.724
-683.341
-687.972
-607.933
-668.917
-645.128
-682.378
-652.678
-650.051
-685.498
-662.884
-697.747
-700.363
-726.366
-724.623
-643.388
-627.663
-693.961
-674.508
-751.472
-722.424
-651.207
-684.837
-702.754
-662.481
-723.994
-720.296
-741.317
-697.465
-629.217
-744.366
-649.436
-648.342
-649.242
-609.369
-666.006
-663.173
-713.215
-685.751
-671.103
-662.505
-689.72
-666.048
-641.353
-675.515
-743.84
-687.221
-752.88
-687.601
-604.871
-609.661
-647.952
-667.217
-682.414
-661.634
-643.751
-670.619
-711.401
-700.641
-697.828
-651.436
-625.68
-662.2
-653.6
-692.733
-693.412
-624.578
-620.166
-631.534
-692.315
-736.383
-648.367
-640.362
-725.991
-721.867
-682.039
-732.691
-734.611
-715.328
-675.738
-680.023
-674.342
-660.444
-734.531
-617.498
-650.265
-666.982
-727.923
-679.9
-666.114
-667.391
-677.85
-712.863
-694.449
-688.541
-696.313
-672.634
-653.182
-687.61
-681.952
-718.677
-721.162
-607.12
-702.766
-755.581
-733.427
-737.221
-717.784
-715.53
-730.193
-656.709
-686.056
-660.516
-629.407
-656.942
-666.244
-664.907
-680.53
-646.754
-701.025
-707.981
-743.293
-725.208
-689.985
-700.435
-667.189
-701.718
-663.24
-691.31
-700.272
-730.372
-725.342
-734.13
-689.743
-702.955
-682.628
-665.164
-707.409
-762.071
-692.893
-701.915
-678.918
-736.736
-670.288
-665.678
-711.071
-676.701
-729.173
-676.623
-710.387
-687.861
-718.603
-708.785
-703.531
-686.131
-626.668
-685.127
-655.201
-622.725
-696.17
-676.868
-697.385
-677.461
-733.969
-690.898
-717.719
-663.316
-671.978
-729.004
-670.585
-693.118
-701.343
-684.82
-717.001
-599.476
-616.474
-732.344
-697.092
-692.887
-665.368
-671.976
-692.378
-731.883
-661.259
-695.29
-658.349
-700.704
-670.584
-700.83
-666.04
-697.343
-677.857
-672.205
-644.477
-687.024
-660.532
-655.32
-702.997
-705.295
-718.631
-701.215
-695.346
-736.625
-686.814
-696.234
-731.649
-733.827
-718.515
-751.687
-709.481
-643.184
-711.75
-680.738
-650.501
-662.104
-661.114
-650.662
-662.957
-684.09
-670.22
-696.388
-738.417
-734.121
-760.061
-749.47
-683.137
-777.263
-672.741
-745.908
-713.303
-712.248
-731.615
-698.803
-684.663
-705.246
-685.936
-695.75
-708.206
-720.434
-719.295
-723.782
-734.399
-727.956
-749.536
-746.442
-732.193
-711.255
-734.316
-709.22
-692.638
-744.637
-710.021
-712.635
-689.127
-688.888
-737.755
-721.645
-697.35
-643.85
-692.828
-715.367
-719.325
-665.137
-689.127
-664.408
-651.703
-654.646
-689.391
-668.396
-653.589
-680.705
-712.783
-731.242
-715.658
-670.478
-707.201
-666.64
-705.814
-720.453
-692.339
-655.105
-688.864
-687.025
-704.982
-657.791
