-0.418
-0.416
-0.464
-0.563
-0.48
-0.525
-0.557
-0.328
-0.536
-0.537
-0.397
-0.491
-0.476
-0.483
-0.478
-0.45
-0.546
-0.401
-0.496
-0.415
-0.344
-0.505
-0.244
-0.323
-0.36
-0.424
-0.479
-0.296
-0.402
-0.374
-0.428
-0.332
-0.448
-0.396
-0.378
-0.317
-0.707
-0.677
-0.603
-0.537
-0.371
-0.478
-0.284
-0.374
-0.424
-0.628
-0.643
-0.435
-0.489
-0.422
-0.535
-0.578
-0.5
-0.479
-0.429
-0.408
-0.482
-0.525
-0.514
-0.574
-0.48
-0.534
-0.428
-0.425
-0.538
-0.483
-0.355
-0.462
-0.5
-0.323
-0.438
-0.398
-0.461
-0.457
-0.414
-0.538
-0.508
-0.457
-0.59
-0.538
-0.527
-0.667
-0.653
-0.468
-0.445
-0.61
-0.584
-0.541
-0.345
-0.506
-0.489
-0.485
-0.472
-0.44
-0.412
-0.474
-0.585
-0.557
-0.511
-0.441
-0.416
-0.407
-0.562
-0.416
-0.385
-0.549
-0.389
-0.358
-0.41
-0.406
-0.43
-0.496
-0.492
-0.458
-0.488
-0.483
-0.556
-0.475
-0.522
-0.47
-0.462
-0.378
-0.492
-0.342
-0.413
-0.548
-0.418
-0.407
-0.506
-0.358
-0.457
-0.407
-0.371
-0.443
-0.465
-0.434
-0.451
-0.475
-0.377
-0.636
-0.476
-0.65
-0.425
-0.28
-0.522
-0.426
-0.404
-0.431
-0.454
-0.457
-0.309
-0.371
-0.429
-0.349
-0.449
-0.531
-0.425
-0.225
-0.324
-0.504
-0.471
-0.425
-0.524
-0.396
-0.351
-0.35
-0.337
-0.299
-0.348
-0.407
-0.465
-0.345
-0.394
-0.421
-0.55
-0.483
-0.348
-0.525
-0.379
-0.635
-0.413
-0.376
-0.387
-0.4
-0.371
-0.376
-0.405
-0.375
-0.487
-0.577
-0.62
-0.479
-0.422
-0.389
-0.628
-0.453
-0.467
-0.305
-0.463
-0.402
-0.439
-0.568
-0.422
-0.415
-0.527
-0.4
-0.33
-0.442
-0.146
-0.379
-0.337
-0.409
-0.364
-0.267
-0.275
-0.369
-0.361
-0.391
-0.598
-0.296
-0.401
-0.446
-0.473
-0.443
-0.411
-0.495
-0.545
-0.403
-0.471
-0.434
-0.553
-0.504
-0.352
-0.327
-0.302
-0.43
-0.402
-0.251
-0.515
-0.519
-0.442
-0.407
-0.559
-0.39
-0.258
-0.489
-0.6
-0.429
-0.354
-0.324
-0.341
-0.437
-0.489
-0.556
-0.452
-0.385
-0.421
-0.457
-0.555
-0.487
-0.387
-0.419
-0.402
-0.413
-0.543
-0.444
-0.448
-0.582
-0.481
-0.635
-0.69
-0.546
-0.513
-0.495
-0.546
-0.478
-0.397
-0.387
-0.435
-0.527
-0.476
-0.505
-0.508
-0.502
-0.458
-0.43
-0.489
-0.565
-0.712
-0.631
-0.496
-0.465
-0.561
-0.654
-0.546
-0.688
-0.502
-0.597
-0.376
-0.449
-0.542
-0.567
-0.562
-0.648
-0.476
-0.531
-0.312
-0.539
-0.524
-0.489
-0.343
-0.406
-0.317
-0.594
-0.625
-0.444
-0.435
-0.443
-0.427
-0.478
-0.46
-0.432
-0.463
-0.402
-0.397
-0.53
-0.58
-0.543
-0.51
-0.518
-0.474
-0.591
-0.467
-0.407
-0.474
-0.374
-0.316
-0.5
-0.291
-0.312
-0.338
-0.267
-0.493
-0.448
-0.404
-0.48
-0.421
-0.426
-0.567
-0.412
-0.348
-0.378
-0.569
-0.586
-0.612
-0.461
-0.662
-0.562
-0.553
-0.576
-0.409
-0.431
-0.507
-0.509
-0.548
-0.513
-0.425
-0.58
-0.43
-0.326
-0.349
-0.494
-0.491
-0.472
-0.559
-0.549
-0.524
-0.329
-0.443
-0.381
-0.32
-0.418
-0.413
-0.217
-0.38
-0.368
-0.329
-0.367
-0.532
-0.471
-0.473
-0.447
-0.578
-0.428
-0.496
-0.505
-0.603
-0.402
-0.283
-0.468
-0.48
-0.437
-0.48
-0.485
-0.521
-0.49
-0.511
-0.346
-0.419
-0.557
-0.563
-0.537
-0.562
-0.667
-0.518
-0.517
-0.468
-0.539
-0.355
-0.4
-0.451
-0.667
-0.703
-0.587
-0.582
-0.581
-0.73
-0.575
-0.701
-0.568
-0.438
-0.614
-0.436
-0.307
-0.5
-0.341
-0.488
-0.414
-0.597
-0.491
-0.474
-0.534
-0.468
-0.45
-0.552
-0.514
-0.631
-0.384
-0.552
-0.557
-0.644
