-115.25
-104.7
-101.47
-108.31
-102.0
-103.97
-98.37
-106.73
-105.27
-111.08
-118.98
-106.72
-112.78
-111.14
-110.41
-108.88
-108.66
-101.67
-107.58
-108.84
-100.81
-101.69
-100.9
-108.99
-104.85
-100.92
-102.49
-103.49
-96.07
-97.04
-109.42
-103.97
-110.38
-109.38
-102.86
-109.27
-106.73
-115.03
-112.94
-116.18
-111.76
-107.88
-117.18
-114.3
-115.77
-107.92
-110.85
-102.81
-114.3
-105.45
-111.6
-115.67
-109.3
-117.72
-121.91
-125.32
-106.05
-109.94
-112.45
-119.06
-114.85
-109.6
-109.25
-113.19
-114.91
-111.39
-113.71
-110.7
-102.32
-111.73
-119.69
-107.16
-111.64
-108.6
-121.42
-129.7
-120.73
-123.4
-126.36
-129.68
-114.15
-128.52
-123.43
-119.75
-121.01
-113.65
-121.73
-116.52
-120.77
-109.4
-117.64
-112.71
-115.88
-111.4
-108.23
-115.92
-115.07
-119.34
-111.29
-117.83
-110.39
-113.44
-107.42
-105.84
-119.03
-114.08
-106.4
-114.58
-110.85
-111.63
-114.39
-114.47
-107.88
-111.86
-106.14
-111.96
-119.55
-112.3
-111.59
-113.31
-114.46
-111.06
-103.42
-117.04
-118.2
-109.25
-117.58
-115.26
-115.8
-114.18
-112.2
-111.66
-115.83
-111.69
-112.45
-105.17
-107.63
-113.21
-108.29
-106.82
-114.67
-113.35
-118.59
-112.95
-108.98
-107.92
-106.09
-116.0
-107.64
-104.0
-107.47
-112.93
-114.7
-107.47
-102.28
-110.63
-118.95
-105.77
-109.55
-114.91
-111.69
-114.39
-115.91
-108.27
-109.29
-105.94
-107.17
-112.0
-113.62
-111.27
-103.45
-103.59
-106.67
-108.78
-116.79
-112.71
-114.44
-115.78
-118.5
-121.33
-122.64
-109.49
-109.13
-115.85
-117.5
-123.0
-116.95
-114.05
-116.7
-116.82
-109.9
-116.08
-110.59
-113.03
-108.24
-108.37
-117.4
-106.73
-101.29
-103.17
-101.01
-115.22
-111.2
-105.15
-97.14
-99.06
-96.97
-104.66
-100.42
-105.0
-103.99
-113.0
-107.75
-115.35
-104.82
-103.91
-105.92
-101.93
-116.4
-107.74
-103.52
-111.51
-100.61
-116.64
-105.34
-112.59
-104.06
-111.6
-106.01
-112.13
-118.45
-111.36
-107.7
-107.35
-98.92
-109.02
-114.65
-108.23
-109.08
-111.61
-123.28
-113.63
-124.06
-121.38
-113.64
-116.14
-112.25
-115.74
-118.41
-116.69
-115.23
-107.75
-111.48
-115.71
-119.88
-109.18
-112.84
-111.35
-117.07
-114.28
-110.99
-117.82
-117.3
-109.99
-118.96
-104.8
-118.17
-118.31
-115.91
-123.34
-131.45
-117.33
-123.09
-111.75
-111.04
-108.58
-110.09
-118.89
-114.45
-115.88
-114.69
-112.76
-112.91
-107.42
-115.2
-109.72
-113.83
-119.83
-124.55
-119.77
-115.43
-116.95
-123.17
-118.22
-113.81
-120.11
-119.99
-114.64
-120.64
-112.42
-120.9
-111.84
-117.29
-117.17
-125.46
-118.03
-109.44
-118.44
-121.16
-111.49
-107.04
-113.63
-113.31
-114.09
-113.76
-115.48
-96.02
-109.85
-110.18
-111.61
-120.74
-110.19
-113.44
-108.25
-104.71
-112.68
-120.98
-116.55
-118.7
-114.21
-102.89
-126.71
-104.32
-114.3
-112.01
-105.01
-111.06
-114.3
-105.06
-108.48
-108.68
-110.99
-124.91
-112.59
-112.21
-115.03
-108.51
-114.27
-117.11
-100.18
-112.38
-108.69
-104.62
-108.45
-114.87
-108.17
-110.83
-109.66
-105.8
-112.51
-118.5
-107.88
-118.55
-120.95
-120.94
-122.55
-111.67
-116.27
-111.24
-113.09
-112.95
-114.06
-118.38
-115.0
-127.57
-109.3
-113.9
-111.01
-106.67
-98.79
-117.03
-120.48
-110.68
-103.11
-107.14
-116.56
-125.46
-118.2
-113.69
-131.81
-128.95
-117.79
-110.19
-115.26
-128.86
-125.73
-117.77
-113.96
-110.24
-116.05
-116.46
-117.3
-114.61
-118.18
-128.23
-118.52
-119.97
-116.11
-125.54
-111.41
-121.79
-118.84
-120.46
-127.9
-122.72
-111.95
-128.43
-120.32
-119.59
-122.31
-113.14
-123.88
-124.14
-114.55
-113.23
-115.46
-125.05
-116.7
-120.67
-118.71
-114.09
-120.89
-112.67
-116.91
-114.84
-111.55
-121.06
-123.53
-113.12
-118.79
-119.54
-118.56
-112.81
-118.01
-117.66
-115.96
-113.53
-114.16
-114.56
-120.09
-118.6
