-111.05
-127.5
-125.36
-128.01
-138.03
-126.88
-125.57
-127.4
-128.4
-132.98
-125.66
-131.38
-114.13
-131.85
-136.22
-118.71
-133.78
-131.53
-127.27
-118.19
-132.85
-112.67
-124.19
-122.89
-137.12
-139.53
-134.17
-139.17
-142.68
-151.5
-128.5
-152.0
-131.93
-133.56
-144.95
-136.87
-132.52
-138.08
-136.98
-130.81
-127.46
-128.01
-127.98
-127.71
-133.62
-135.19
-135.05
-119.05
-132.81
-113.67
-116.99
-125.29
-129.13
-121.53
-140.9
-128.86
-118.68
-130.38
-126.32
-125.18
-122.36
-136.65
-126.08
-134.16
-122.95
-124.33
-138.11
-128.03
-118.52
-131.08
-128.03
-123.37
-114.33
-125.64
-126.94
-114.49
-120.87
-117.33
-129.23
-131.6
-118.8
-121.16
-129.04
-121.03
-120.74
-123.09
-122.16
-124.86
-113.2
-117.3
-122.67
-120.39
-120.52
-119.73
-123.17
-122.14
-120.31
-119.91
-111.03
-109.55
-123.47
-125.51
-123.98
-108.2
-99.37
-122.98
-127.11
-116.71
-111.31
-124.97
-113.89
-131.33
-137.95
-112.09
-115.85
-102.96
-129.18
-135.14
-134.34
-115.6
-109.07
-113.0
-122.37
-126.67
-129.08
-118.95
-121.76
-112.48
-134.99
-143.44
-134.2
-118.48
-114.11
-126.89
-127.27
-133.96
-130.25
-126.57
-124.49
-129.85
-116.65
-137.93
-127.0
-120.26
-115.9
-113.74
-135.55
-119.43
-114.17
-113.59
