-45.07
-60.29
-55.64
-54.16
-61.71
-67.03
-56.42
-67.62
-68.58
-54.14
-58.17
-57.78
-53.58
-61.33
-66.71
-63.0
-65.02
-59.01
-59.74
-53.91
-54.06
-59.83
-61.38
-53.06
-54.57
-58.48
-54.69
-54.04
-50.11
-56.02
-49.7
-52.28
-60.81
-48.42
-56.45
-45.28
-46.5
-57.95
-64.65
-61.81
-62.81
-64.68
-44.36
-44.76
-51.67
-53.45
-49.53
-53.79
-59.46
-58.17
-61.17
-65.78
-62.96
-72.5
-60.36
-52.53
-64.62
-61.77
-49.27
-49.87
-54.47
-62.29
-52.9
-70.77
-60.53
-56.78
-55.13
-64.74
-55.24
-48.69
-57.52
-60.04
-63.79
-47.41
-67.44
-69.42
-67.57
-56.44
-68.99
-52.95
-58.56
-62.35
-54.23
-66.57
-67.86
-54.88
-50.37
-51.66
-59.77
-49.95
-50.18
-50.95
-54.04
-64.62
-55.5
-76.4
-63.11
-58.53
-55.29
-64.4
-56.93
-57.77
-69.8
-61.06
-48.25
-56.23
-54.63
-56.01
-60.82
-62.98
-60.58
-66.78
-58.13
-58.38
-51.69
-55.9
-52.79
-48.59
-58.36
-54.42
-45.74
-61.11
-56.2
-63.77
-60.03
-58.83
-54.7
-58.46
-61.84
-61.62
-62.14
-58.16
-49.0
-49.47
-53.84
-43.81
-49.45
-51.07
-50.32
-49.55
-51.96
-66.12
-71.31
-66.11
-61.81
-56.23
-52.99
-54.12
-57.57
-52.92
