-0.332
-0.316
-0.247
-0.271
-0.273
-0.359
-0.381
-0.398
-0.405
-0.434
-0.305
-0.296
-0.28
-0.225
-0.247
-0.328
-0.297
-0.307
-0.382
-0.247
-0.335
-0.302
-0.24
-0.41
-0.35
-0.217
-0.162
-0.192
-0.245
-0.169
-0.252
-0.211
-0.194
-0.217
-0.235
-0.233
-0.278
-0.306
-0.195
-0.24
-0.239
-0.264
-0.167
-0.197
-0.308
-0.191
-0.152
-0.214
-0.172
-0.2
-0.133
-0.12
-0.239
-0.251
-0.197
-0.277
-0.365
-0.304
-0.233
-0.293
-0.181
-0.346
-0.322
-0.301
-0.363
-0.291
-0.201
-0.249
-0.21
-0.29
-0.254
-0.263
-0.268
-0.259
-0.267
-0.374
-0.172
-0.206
-0.335
-0.206
-0.124
-0.084
-0.137
-0.163
-0.274
-0.213
-0.129
-0.243
-0.256
-0.21
-0.062
-0.309
-0.21
-0.264
-0.195
-0.216
-0.276
-0.24
-0.338
-0.246
-0.205
-0.229
-0.311
-0.228
-0.202
-0.168
-0.219
-0.37
-0.292
-0.228
-0.343
-0.339
-0.304
-0.302
-0.353
-0.417
-0.329
-0.326
-0.255
-0.226
-0.262
-0.274
-0.254
-0.218
-0.272
-0.388
-0.276
-0.352
-0.346
-0.267
-0.321
-0.242
-0.287
-0.396
-0.325
-0.2
-0.213
-0.16
-0.187
-0.269
-0.221
-0.173
-0.226
-0.288
-0.256
-0.226
-0.154
-0.272
-0.276
-0.262
-0.293
-0.26
-0.218
-0.198
-0.182
-0.192
-0.213
-0.213
-0.279
-0.199
-0.337
-0.349
-0.222
-0.258
-0.183
-0.264
-0.191
-0.172
-0.223
-0.172
-0.213
-0.159
-0.164
-0.283
-0.282
-0.238
-0.29
-0.291
-0.259
-0.204
-0.214
-0.336
-0.23
-0.164
-0.151
-0.187
-0.28
-0.255
-0.318
-0.219
-0.247
-0.215
-0.229
-0.211
-0.177
-0.121
-0.161
-0.342
-0.345
-0.209
-0.186
