-423.114
-389.346
-407.371
-425.429
-446.912
-472.669
-408.131
-441.198
-440.759
-448.359
-428.281
-407.591
-373.301
-374.074
-431.351
-406.654
-380.457
-371.904
-410.837
-375.847
-367.602
-401.968
-372.805
-412.726
-402.857
-407.454
-408.808
-392.716
-411.211
-385.66
-408.097
-350.878
-384.724
-381.443
-383.268
-369.442
-409.261
-407.625
-370.332
-394.607
-411.981
-416.317
-399.436
-365.102
-374.371
-371.507
-360.039
-360.097
-407.798
-397.753
-380.917
-417.634
-432.78
-434.758
-433.284
-428.843
-445.712
-465.186
-427.339
-434.157
-395.62
-455.632
-428.962
-438.507
-450.103
-436.434
-436.743
-431.414
-419.805
-418.184
-386.386
-451.606
-417.845
-405.629
-405.184
-398.821
-377.088
-410.738
-398.414
-400.724
-418.389
-382.617
-431.746
-400.672
-437.532
-439.856
-394.021
-398.888
-417.204
-455.157
-448.37
-444.574
-371.304
-389.151
-361.224
-371.334
-409.001
-415.383
-390.44
-430.214
-479.305
-441.835
-473.308
-492.401
-481.492
-439.427
-416.445
-427.71
-423.635
-373.963
-436.418
-427.734
-406.889
-459.433
-468.77
-443.187
-488.776
-461.454
-463.585
-463.076
-449.042
-410.603
-434.484
-385.859
-446.643
-459.472
-475.329
-437.038
-446.079
-412.816
-459.844
-440.077
-433.444
-469.209
-472.636
-453.491
-459.176
-457.458
-393.817
-400.924
-437.98
-399.87
-404.293
-454.313
-454.391
-489.083
-442.16
-427.163
-406.09
-436.035
-440.556
-468.512
-460.043
-446.075
-408.734
-405.05
-444.309
-462.855
-427.204
-432.975
-444.521
-441.679
-420.639
-462.818
-444.214
-413.978
-351.065
-405.133
-407.228
-423.132
-440.884
-440.218
-422.296
-456.484
-447.222
-462.913
-440.39
-441.588
-451.336
-435.607
-441.604
-446.212
-422.878
-404.517
-418.741
-409.85
-391.453
-419.399
-416.208
-430.338
-427.863
-513.095
-502.324
-453.081
-416.768
-403.543
-456.308
-451.234
-479.107
-435.23
-407.081
