-62.97
-56.23
-61.37
-61.9
-70.85
-61.48
-65.07
-68.81
-64.29
-70.19
-62.43
-57.38
-62.58
-51.39
-63.16
-59.13
-61.44
-57.24
-63.96
-57.78
-55.83
-59.29
-55.34
-50.5
-58.79
-60.48
-53.77
-51.92
-59.18
-59.06
-61.19
-50.06
-52.97
-58.28
-55.8
-54.57
-57.74
-58.08
-49.75
-54.48
-53.99
-60.35
-55.58
-52.0
-55.05
-49.71
-52.22
-54.93
-56.19
-58.82
-57.84
-60.51
-58.5
-59.7
-58.64
-67.06
-63.95
-64.17
-62.21
-59.34
-60.06
-64.26
-61.47
-65.88
-64.76
-63.43
-67.68
-62.84
-63.98
-61.27
-53.71
-58.65
-64.39
-62.86
-63.4
-65.39
-61.65
-56.92
-52.83
-60.74
-62.31
-59.37
-63.74
-60.98
-58.72
-50.94
-53.89
-61.77
-66.28
-60.38
-56.26
-59.15
-57.91
-46.59
-65.6
-57.51
-60.85
-57.72
-63.12
-61.69
-65.23
-67.82
-64.47
-65.37
-64.35
-66.88
-63.13
-68.31
-58.9
-61.41
-62.7
-64.69
-55.13
-71.26
-63.08
-61.98
-64.92
-68.26
-65.27
-61.31
-59.53
-67.11
-61.57
-55.39
-64.98
-69.08
-60.52
-62.88
-72.14
-58.36
-58.03
-56.09
-60.83
-66.15
-65.31
-53.05
-49.61
-54.1
-61.48
-57.17
-52.89
-53.49
-53.17
-59.08
-58.83
-67.22
-51.76
-58.29
-58.24
-59.73
-54.28
-58.91
-66.02
-61.57
-54.8
-61.53
-58.06
-60.96
-62.2
-53.41
-61.28
-59.36
-59.19
-59.9
-52.3
-57.66
-52.84
-51.4
-52.4
-58.66
-44.83
-58.07
-57.45
-53.76
-55.89
-58.26
-62.44
-54.71
-61.52
-53.54
-45.35
-57.54
-55.1
-54.19
-56.82
-51.3
-58.77
-60.59
-56.53
-53.21
-57.14
-49.54
-61.59
-61.11
-59.98
-59.08
-56.51
-51.92
-53.16
-60.62
-50.7
