-0.491
-0.368
-0.49
-0.536
-0.329
-0.432
-0.408
-0.382
-0.471
-0.345
-0.403
-0.575
-0.371
-0.43
-0.456
-0.387
-0.476
-0.313
-0.37
-0.49
-0.439
-0.277
-0.408
-0.431
-0.399
-0.476
-0.522
-0.298
-0.489
-0.463
-0.48
-0.509
-0.436
-0.434
-0.4
-0.341
-0.385
-0.6
-0.506
-0.406
-0.398
-0.277
-0.477
-0.404
-0.339
-0.436
-0.413
-0.383
-0.441
-0.363
-0.615
-0.443
-0.467
-0.429
-0.385
-0.31
-0.271
-0.501
-0.342
-0.349
-0.351
-0.307
-0.43
-0.66
-0.513
-0.407
-0.436
-0.463
-0.429
-0.347
-0.339
-0.266
-0.391
-0.284
-0.22
-0.355
-0.352
-0.417
-0.436
-0.36
-0.396
-0.343
-0.332
-0.465
-0.275
-0.357
-0.478
-0.369
-0.439
-0.33
-0.385
-0.362
-0.22
-0.404
-0.5
-0.375
-0.335
-0.391
-0.457
-0.361
-0.378
-0.34
-0.168
-0.188
-0.233
-0.341
-0.286
-0.242
-0.412
-0.185
-0.429
-0.29
-0.163
-0.392
-0.407
-0.237
-0.423
-0.324
-0.299
-0.367
-0.367
-0.439
-0.462
-0.495
-0.441
-0.459
-0.503
-0.391
-0.586
-0.497
-0.473
-0.29
-0.502
-0.356
-0.383
-0.406
-0.437
-0.382
-0.383
-0.444
-0.483
-0.38
-0.481
-0.524
-0.381
-0.439
-0.36
-0.456
-0.525
-0.564
-0.49
-0.342
-0.399
-0.446
-0.528
-0.366
-0.31
-0.473
-0.242
-0.457
-0.334
-0.144
-0.322
-0.328
-0.281
-0.452
-0.386
-0.449
-0.412
-0.48
-0.44
-0.346
-0.488
-0.383
-0.374
-0.443
-0.364
-0.418
-0.424
-0.323
-0.449
-0.351
-0.271
-0.351
-0.546
-0.408
-0.419
-0.425
-0.637
-0.428
-0.506
-0.482
-0.379
-0.535
-0.479
-0.483
-0.44
-0.49
-0.392
-0.495
-0.504
-0.442
-0.595
-0.443
-0.57
-0.385
-0.389
-0.387
-0.316
-0.398
-0.288
-0.444
-0.434
-0.414
-0.392
-0.556
-0.462
-0.271
-0.363
-0.383
-0.343
-0.387
-0.349
-0.469
-0.288
-0.45
-0.373
-0.344
-0.489
-0.428
-0.271
-0.457
-0.276
-0.449
-0.532
-0.579
-0.338
-0.385
-0.519
-0.411
-0.469
-0.442
-0.424
-0.263
-0.403
-0.455
-0.264
-0.265
-0.308
-0.243
-0.322
-0.242
-0.418
-0.399
-0.394
-0.47
-0.294
-0.42
-0.392
-0.426
-0.495
-0.481
-0.404
-0.472
-0.32
-0.37
-0.387
-0.441
-0.605
-0.425
-0.435
-0.303
-0.362
-0.427
-0.325
-0.435
-0.409
-0.303
-0.392
-0.328
-0.393
-0.397
-0.519
-0.393
-0.417
-0.357
-0.448
-0.375
-0.472
-0.451
-0.438
-0.297
-0.335
-0.408
-0.471
-0.375
-0.506
-0.622
-0.575
-0.541
-0.646
-0.415
-0.502
-0.488
-0.455
-0.483
-0.575
-0.382
-0.451
-0.202
-0.639
-0.611
-0.391
-0.33
-0.559
-0.576
-0.759
-0.511
-0.72
-0.422
-0.455
-0.461
-0.567
-0.603
-0.619
-0.613
-0.433
-0.43
-0.493
-0.47
-0.507
-0.523
-0.418
-0.398
-0.358
-0.302
-0.296
-0.395
-0.423
-0.292
-0.536
-0.577
-0.602
-0.429
-0.481
-0.609
-0.429
-0.504
-0.462
-0.389
-0.418
-0.585
-0.64
-0.561
-0.625
-0.474
-0.548
-0.5
-0.558
-0.591
-0.551
-0.541
-0.649
-0.606
-0.68
-0.595
-0.605
-0.406
-0.597
-0.55
-0.5
-0.499
-0.461
-0.447
-0.436
-0.419
-0.302
-0.361
-0.314
-0.411
-0.436
-0.272
-0.473
-0.529
-0.57
-0.529
-0.696
-0.626
-0.5
-0.63
-0.557
-0.572
-0.552
-0.536
-0.595
-0.538
-0.48
-0.434
-0.597
-0.648
-0.563
-0.561
-0.668
-0.611
-0.558
-0.474
-0.514
-0.621
-0.49
-0.507
-0.691
-0.694
-0.576
-0.735
-0.742
-0.584
-0.876
-0.613
-0.73
-0.586
-0.615
-0.595
-0.611
-0.447
-0.381
-0.488
-0.434
-0.564
-0.46
-0.442
-0.447
-0.47
-0.638
-0.526
-0.606
-0.601
-0.51
-0.449
-0.734
-0.575
-0.543
-0.389
-0.415
-0.352
-0.482
-0.225
-0.345
-0.192
-0.415
-0.374
-0.488
