-100.1
-97.3
-100.29
-107.29
-96.41
-94.29
-87.52
-102.57
-94.38
-104.27
-93.49
-98.47
-108.11
-100.47
-102.32
-102.67
-105.27
-102.46
-105.02
-108.03
-110.18
-105.71
-114.63
-97.86
-101.09
-105.16
-117.08
-98.98
-104.92
-117.53
-115.25
-104.54
-108.9
-107.47
-100.25
-119.99
-111.32
-108.5
-104.34
-117.19
-122.68
-113.41
-107.68
-98.75
-99.57
-100.98
-105.0
-103.34
-99.12
-102.35
-98.65
-102.43
-96.64
-97.11
-96.22
-94.66
-93.34
-99.96
-97.93
-89.91
-90.04
-92.21
-89.67
-88.67
-92.29
-97.11
-99.17
-101.79
-101.43
-105.44
-96.23
-97.32
-96.66
-95.44
-103.67
-103.94
-92.96
-98.19
-108.13
-100.49
-99.74
-87.86
-105.17
-99.84
-102.11
-107.72
-104.27
-108.85
-103.48
-105.17
-106.91
-102.09
-108.62
-104.94
-110.48
-105.49
-106.95
-107.18
-100.36
-107.38
-108.79
-104.76
-108.15
-92.46
-102.46
-101.96
-107.51
-94.26
-96.23
-84.61
-105.39
-102.91
-100.19
-107.4
-109.28
-116.99
-110.51
-106.16
-106.39
-100.35
-111.78
-112.83
-111.65
-106.49
-111.28
-103.74
-107.0
-106.35
-107.06
-105.06
-103.67
-105.73
-106.2
-106.94
-105.21
-106.21
-112.78
-102.93
-99.81
-108.57
-106.21
-93.43
-97.35
-101.55
-105.77
-104.09
-96.69
-104.74
-107.67
-99.55
-98.32
-94.42
-107.8
-103.78
-99.09
-104.33
-93.76
-106.53
-99.95
-100.69
-99.51
-97.26
-92.13
-101.46
-100.56
-104.05
-96.9
-114.54
-99.38
-107.28
-101.86
-102.53
-103.45
-98.77
-92.07
-102.38
-109.22
-101.22
-100.1
-104.51
-86.81
-90.71
-109.16
-106.6
-112.53
-106.06
-102.67
-112.22
-112.81
-100.7
-105.21
-105.98
-111.85
-100.6
-91.58
-107.83
-101.81
-102.15
-98.95
-98.94
-111.21
-109.0
-116.06
-103.53
-108.43
-121.93
-110.06
-105.77
-103.92
-103.18
-103.06
-101.33
-106.18
-108.42
-106.16
-109.32
-95.06
-98.94
-102.35
-97.58
-96.05
-101.69
-99.18
-106.41
-101.35
-91.86
-92.21
-93.4
-99.32
-92.62
-96.02
-96.1
-100.12
-104.99
-90.73
-106.32
-99.65
-94.58
-104.6
-103.49
-99.47
-104.06
-102.39
-103.23
-94.95
-97.76
-98.95
-102.96
-99.96
-100.08
-101.84
-101.81
-105.82
-107.21
-105.68
-106.19
-102.82
-99.77
-108.22
-95.79
-96.5
-107.97
-101.5
-101.69
-99.81
-97.57
-92.62
-102.45
-104.35
-94.96
-100.44
-93.56
-98.52
-94.45
-95.71
-96.27
-95.9
-94.72
-91.35
-86.82
-91.8
-98.34
-98.53
-96.24
-96.42
-88.82
-92.08
-98.81
-92.78
-95.24
-94.17
-94.22
-96.54
-100.43
-102.75
-94.62
-105.24
-95.21
-95.72
-93.59
-93.78
-90.14
-82.79
-88.3
-91.56
-101.15
-100.23
-88.11
-95.86
-99.29
-94.56
-95.63
-89.2
-90.75
-97.9
-79.43
-93.74
-96.77
-102.96
-92.63
-96.56
-95.57
-102.04
-99.84
-110.03
-96.32
-99.17
-98.69
-83.69
-93.51
-87.59
-86.77
-90.19
-83.94
-100.09
-87.76
-87.68
-83.14
-77.15
-78.61
-87.75
-87.93
-78.3
-77.28
-86.88
-94.01
-90.79
-86.35
-88.72
-74.24
-82.23
-92.33
-96.97
-93.86
-93.37
-91.33
-89.66
-96.42
-101.45
-103.72
-96.76
-89.91
-93.15
-87.57
-95.72
-91.3
-98.41
-105.09
-93.99
-100.29
-85.23
-87.68
-92.5
-97.28
-94.06
-86.14
-83.88
-88.97
-86.68
-92.71
-88.49
-85.74
-84.65
-84.06
-85.29
-94.51
-95.23
-95.07
-89.42
-95.99
-94.79
-104.39
-98.05
-103.94
-100.47
-103.56
-108.59
-100.5
-99.74
-87.61
-93.76
-92.0
-94.66
-91.39
-87.43
-86.59
-94.35
-92.84
-79.03
-89.36
-94.26
-92.26
-91.12
-85.67
-90.59
-94.67
-94.41
-89.9
-94.35
-86.32
-86.28
-90.04
-88.06
-96.55
-93.61
-90.41
-93.78
-89.6
-90.18
-95.82
-79.56
-91.9
-92.81
-95.44
-94.22
-90.87
-84.93
-98.8
-103.02
-101.56
-96.11
-90.57
-93.6
-97.1
-90.4
-90.9
-84.54
-79.0
-81.55
-87.62
-86.85
