-103.98
-106.52
-126.8
-108.64
-111.37
-104.94
-102.98
-96.84
-105.13
-111.81
-104.72
-95.59
-93.13
-98.25
-106.02
-103.65
-114.48
-112.2
-112.59
-122.07
-105.31
-105.34
-96.3
-111.07
-105.53
-103.31
-99.09
-109.11
-113.64
-104.18
-117.1
-96.91
-123.05
-120.91
-108.49
-109.56
-99.08
-109.2
-118.87
-106.25
-115.5
-112.64
-116.34
-116.55
-116.93
-116.86
-104.77
-110.33
-113.57
-116.66
-117.78
-118.42
-122.72
-100.66
-120.88
-115.38
-117.38
-105.92
-100.16
-91.63
-116.02
-114.73
-107.19
-112.5
-117.97
-118.44
-124.5
-119.09
-120.91
-117.54
-126.19
-101.45
-122.4
-104.9
-121.93
-111.81
-110.8
-121.48
-109.82
-116.7
-107.77
-113.71
-116.31
-112.53
-112.97
-107.14
-116.21
-116.41
-112.67
-114.16
-95.05
-105.9
-102.25
-106.15
-119.61
-115.48
-92.12
-110.11
-114.79
-100.08
-111.97
-109.46
-116.48
-108.75
-112.56
-116.05
-85.62
-124.38
-107.88
-124.16
-112.88
-114.3
-114.52
-114.01
-120.97
-118.66
-109.05
-121.55
-113.38
-124.66
-122.44
-115.73
-120.11
-114.28
-101.08
-112.44
-132.57
-113.01
-119.66
-111.82
-98.96
-115.39
-123.84
-124.26
-121.03
-114.59
-126.98
-120.09
-121.13
-120.16
-105.67
-109.52
-126.67
-111.26
-102.17
-119.7
-100.38
-117.15
-104.76
-108.13
