-646.059
-647.246
-607.877
-653.959
-669.757
-675.731
-667.801
-638.393
-631.166
-671.209
-674.303
-705.66
-710.117
-688.877
-682.883
-696.748
-657.837
-711.466
-695.351
-696.535
-694.451
-673.978
-718.528
-616.78
-658.463
-641.117
-694.639
-659.246
-701.681
-710.718
-672.477
-631.523
-674.928
-696.667
-683.245
-743.422
-697.972
-695.541
-701.195
-737.22
-705.473
-634.695
-657.546
-624.562
-650.382
-652.346
-715.081
-678.533
-648.385
-655.741
-695.361
-692.085
-703.675
-595.299
-584.535
-561.182
-590.083
-556.531
-621.183
-644.24
-613.188
-561.15
-597.595
-602.785
-604.974
-593.431
-626.804
-627.329
-655.016
-666.673
-597.161
-563.19
-618.076
-612.005
-617.868
-583.103
-632.138
-625.078
-658.627
-614.056
-670.797
-561.633
-627.446
-654.088
-618.291
-646.934
-644.191
-677.044
-636.971
-630.899
-634.529
-646.203
-671.106
-672.405
-636.601
-616.519
-613.703
-678.371
-642.954
-617.342
-652.074
-668.471
-685.907
-624.197
-630.466
-631.194
-651.913
-593.09
-590.637
-555.313
-583.977
-650.418
-618.066
-650.502
-623.808
-624.069
-668.046
-664.648
-666.822
-652.51
-660.755
-663.902
-666.652
-601.835
-661.226
-663.878
-630.039
-682.242
-614.155
-686.902
-634.72
-671.961
-648.514
-633.846
-622.454
-611.31
-658.461
-599.962
-597.725
-630.132
-595.561
-620.898
-596.079
-631.945
-635.352
-635.385
-611.954
-637.919
-675.207
-590.231
-631.536
-587.223
-645.634
-602.214
-610.41
-658.319
-583.264
-684.238
-660.904
-681.985
-631.973
-632.124
-644.344
-595.911
-674.815
-638.232
-615.392
-688.812
-615.71
-635.672
-647.178
-671.228
-692.795
-640.217
-631.084
-688.08
-714.972
-651.37
-664.302
-635.484
-639.364
-685.675
-639.406
-701.258
-708.441
-629.844
-674.961
-696.6
-693.832
-651.625
-659.413
-674.196
-694.437
-643.439
-668.977
-702.889
-668.086
-710.054
-647.604
-683.644
-709.07
-727.893
-722.041
-696.431
-735.605
-744.995
-703.617
-702.791
-714.083
-694.334
-712.846
-670.714
-694.478
-703.849
-672.532
-664.116
-608.66
-654.072
-665.702
-669.179
-643.777
-686.934
-652.178
-660.196
-683.59
-653.747
-656.513
-654.435
-686.001
-641.2
-667.763
-603.005
-690.586
-691.954
-665.727
-693.759
-668.562
-615.143
-683.56
-700.005
-651.815
-683.214
-656.124
-636.212
-640.879
-665.5
-671.475
-666.75
-638.045
-678.195
-686.644
-690.077
-693.483
-654.505
-652.018
-630.969
-607.811
-629.129
-629.259
-664.523
-620.131
-660.614
-678.382
-666.467
-641.237
-698.859
-638.895
-627.845
-702.389
-632.55
-612.568
-638.893
-660.725
-606.798
-577.028
-622.718
-637.283
-555.487
-572.012
-570.278
-606.727
-602.448
-579.074
-561.173
-561.238
-572.243
-640.039
-637.734
-600.025
-579.577
-616.698
-562.087
-607.203
-616.348
-598.321
-648.246
-659.578
-607.73
-608.545
-630.715
-646.609
-668.861
-613.813
-565.664
-610.234
-595.133
-625.177
-578.64
-626.78
-645.111
-625.249
-649.592
-587.31
-592.75
-650.968
-588.519
-565.094
-595.335
-696.283
-596.576
-608.51
-654.431
-665.141
-651.387
-670.713
-650.096
-667.528
-602.845
-619.651
-589.08
-608.945
-599.025
-609.546
-618.173
-639.341
-618.186
-566.571
-565.808
-585.202
-623.98
-610.288
-621.198
-613.052
-631.339
-629.331
-648.419
-627.119
-593.369
-581.184
-598.935
-573.513
-589.082
-603.179
-648.27
-616.28
-585.655
-616.471
-588.464
-570.553
-592.718
-615.537
-587.445
-637.944
-625.872
-668.837
-664.746
-700.008
-692.312
-660.013
-614.207
-619.819
-652.826
-631.292
-652.96
-648.25
-565.612
-582.826
-591.465
-600.671
-566.654
-578.439
-614.259
-699.527
-675.287
-686.478
-631.166
-648.95
-663.41
-656.441
-650.012
-641.427
-612.627
-570.687
-631.663
-660.917
-733.545
-642.531
-611.333
-645.811
-636.584
-670.006
-672.745
-667.03
-612.808
-610.102
-618.977
-587.906
-595.234
-629.453
-614.017
-597.624
-614.797
-621.296
-617.264
-595.686
-560.646
-613.926
-608.258
-629.202
-612.723
-578.789
-589.199
-572.505
-613.087
-579.556
-607.32
-632.018
-648.008
-570.432
-625.912
-599.894
-618.778
-585.468
-624.064
-658.207
-633.64
-603.332
-600.966
-611.299
-653.031
-601.158
-573.126
-603.503
-617.32
-592.555
-566.311
-561.192
-551.888
-555.966
-572.926
-561.057
