-82.35
-84.76
-85.27
-83.3
-76.58
-74.0
-71.1
-80.15
-86.71
-77.39
-77.5
-81.0
-89.14
-85.6
-77.12
-78.43
-82.31
-78.64
-80.02
-84.31
-75.73
-72.39
-82.88
-92.33
-86.35
-89.02
-98.04
-89.01
-84.86
-86.65
-85.67
-89.91
-82.06
-89.73
-88.24
-80.48
-89.2
-90.96
-85.69
-98.54
-83.26
-88.57
-86.27
-70.41
-80.09
-96.17
-90.15
-94.22
-100.87
-93.63
-78.27
-78.35
-75.34
-77.79
-77.12
-84.52
-70.19
-76.12
-72.62
-60.34
-74.69
-77.38
-69.23
-64.63
-66.14
-69.7
-75.13
-69.81
-66.4
-78.46
-71.08
-70.36
-64.94
-62.04
-59.26
-57.67
-71.75
-59.45
-69.75
-67.68
-65.74
-60.93
-67.34
-64.37
-63.27
-66.98
-65.13
-64.58
-59.52
-63.5
-71.52
-63.86
-54.73
-62.46
-66.39
-73.97
-70.51
-68.66
-69.54
-72.51
-72.53
-74.4
-68.63
-65.23
-65.85
-64.67
-67.8
-83.32
-84.43
-69.24
-80.0
-80.75
-77.51
-84.38
-73.89
-80.33
-77.11
-83.77
-84.1
-95.97
-88.29
-81.32
-81.93
-78.98
-88.74
-86.27
-88.79
-89.37
-92.01
-80.56
-80.99
-95.4
-78.89
-84.47
-82.23
-84.71
-82.7
-80.68
-79.06
-80.63
-82.14
-79.32
-80.75
-74.56
-73.93
-81.65
-71.47
-85.19
-80.23
-82.58
-78.73
-81.37
-76.5
-66.44
-79.91
-79.96
-86.17
-74.95
-75.19
-68.37
-72.58
-67.22
-68.82
-74.73
-78.96
-70.45
-73.46
-67.32
-64.08
-58.78
-72.8
-72.09
-69.25
-69.02
-76.56
-64.66
-60.52
-65.64
-68.42
-62.07
-66.68
-61.54
-65.88
-65.33
-64.39
-54.77
-75.53
-74.55
-70.03
-67.0
-65.03
-71.8
-75.34
-79.74
-70.21
-69.95
-77.52
-67.28
-75.85
-70.44
-70.09
