-516.984
-525.587
-525.012
-547.979
-552.143
-554.486
-553.815
-507.305
-558.035
-537.716
-552.136
-536.896
-539.384
-539.68
-534.102
-574.487
-531.479
-539.881
-546.291
-572.12
-544.808
-554.338
-581.758
-620.001
-608.434
-569.158
-670.3
-617.36
-661.684
-604.981
-597.92
-586.325
-543.342
-682.454
-646.326
-535.645
-603.606
-613.275
-647.726
-575.088
-618.658
-626.095
-628.678
-575.814
-624.315
-645.289
-642.507
-616.613
-661.8
-655.827
-536.472
-551.873
-526.572
-587.006
-577.908
-528.768
-523.872
-542.239
-526.947
-498.651
-532.943
-535.27
-521.637
-504.486
-547.765
-537.993
-471.618
-500.163
-500.387
-525.039
-531.438
-497.413
-480.9
-443.516
-467.152
-437.511
-469.682
-417.956
-376.561
-430.98
-420.555
-413.207
-435.244
-416.551
-403.188
-435.921
-448.103
-436.272
-414.254
-429.367
-444.373
-397.288
-432.048
-422.448
-514.193
-497.393
-497.226
-489.814
-513.183
-458.732
-474.551
-527.473
-531.848
-575.557
-506.988
-515.33
-599.862
-568.384
-558.02
-528.093
-561.999
-584.643
-537.475
-574.6
-537.515
-587.94
-585.894
-593.118
-629.694
-603.272
-644.483
-569.031
-597.947
-559.047
-596.706
-606.819
-654.972
-599.456
-592.408
-581.029
-607.144
-588.11
-601.368
-596.41
-599.963
-555.214
-571.781
-558.396
-618.64
-581.475
-569.247
-595.559
-582.695
-567.93
-561.885
-587.89
-574.008
-615.773
-565.969
-584.6
-626.003
-603.492
-602.726
-581.167
-606.119
-635.029
-614.021
-574.01
-593.416
-574.999
-564.918
-558.947
-546.266
-526.788
-565.85
-509.066
-527.309
-543.577
-500.164
-462.29
-569.961
-556.67
-522.415
-548.539
-592.1
-508.609
-517.272
-537.431
-557.265
-514.642
-523.979
-518.745
-571.727
-532.029
-572.061
-540.38
-555.677
-546.407
-565.438
-531.259
-510.115
-526.803
-567.981
-615.466
-536.757
-553.345
-589.129
-550.819
-561.128
-580.476
-526.843
