-0.346
-0.271
-0.22
-0.335
-0.259
-0.338
-0.376
-0.299
-0.434
-0.388
-0.361
-0.3
-0.316
-0.284
-0.291
-0.304
-0.275
-0.286
-0.303
-0.381
-0.417
-0.355
-0.258
-0.368
-0.322
-0.292
-0.488
-0.354
-0.304
-0.438
-0.47
-0.476
-0.376
-0.573
-0.375
-0.362
-0.399
-0.413
-0.408
-0.471
-0.453
-0.556
-0.526
-0.449
-0.394
-0.442
-0.451
-0.487
-0.426
-0.429
-0.435
-0.407
-0.448
-0.422
-0.377
-0.356
-0.363
-0.333
-0.235
-0.257
-0.189
-0.253
-0.384
-0.295
-0.276
-0.288
-0.291
-0.251
-0.331
-0.347
-0.348
-0.16
-0.397
-0.285
-0.223
-0.247
-0.243
-0.216
-0.196
-0.261
-0.271
-0.164
-0.223
-0.247
-0.144
-0.244
-0.135
-0.123
-0.08
-0.15
-0.194
-0.185
-0.151
-0.202
-0.2
-0.305
-0.202
-0.222
-0.201
-0.222
-0.365
-0.397
-0.298
-0.467
-0.322
-0.277
-0.419
-0.429
-0.461
-0.46
-0.425
-0.383
-0.335
-0.334
-0.359
-0.471
-0.449
-0.473
-0.468
-0.517
-0.562
-0.435
-0.352
-0.495
-0.592
-0.507
-0.463
-0.506
-0.527
-0.465
-0.48
-0.605
-0.573
-0.686
-0.498
-0.547
-0.552
-0.488
-0.523
-0.428
-0.599
-0.608
-0.608
-0.415
-0.516
-0.464
-0.413
-0.507
-0.356
-0.449
-0.372
-0.488
-0.48
-0.489
-0.412
-0.527
-0.502
-0.621
-0.429
-0.583
-0.515
-0.494
-0.461
-0.608
-0.54
-0.538
-0.332
-0.477
-0.431
-0.347
-0.503
-0.464
-0.557
-0.507
-0.482
-0.412
-0.333
-0.377
-0.434
-0.358
-0.468
-0.395
-0.518
-0.348
-0.502
-0.449
-0.487
-0.456
-0.444
-0.5
-0.527
-0.375
-0.533
-0.519
-0.525
-0.488
-0.421
-0.535
-0.523
-0.56
-0.482
