-75.24
-87.1
-75.69
-86.09
-85.26
-82.95
-82.0
-85.35
-85.46
-70.63
-85.37
-79.27
-82.32
-70.07
-76.47
-77.02
-76.9
-71.37
-74.34
-86.19
-78.97
-75.1
-72.44
-62.8
-69.33
-61.5
-80.78
-60.08
-55.71
-70.74
-66.11
-60.05
-69.44
-66.32
-57.81
-65.7
-64.45
-59.82
-54.71
-63.74
-68.04
-59.1
-57.83
-71.36
-75.17
-67.54
-73.24
-77.48
-71.98
-65.41
-74.48
-83.96
-70.08
-84.97
-79.25
-79.2
-83.05
-79.93
-87.76
-80.77
-79.74
-91.06
-77.34
-90.13
-82.11
-81.95
-88.56
-89.88
-94.64
-92.7
-105.53
-78.97
-83.47
-84.04
-98.9
-98.16
-108.86
-104.61
-94.56
-98.3
-98.69
-116.58
-107.96
-102.06
-95.21
-98.03
-91.4
-91.23
-93.52
-85.53
-79.08
-86.92
-94.96
-80.09
-84.14
-86.95
-79.16
-93.08
-95.16
-89.16
-98.62
-80.77
-96.54
-83.67
-95.1
-102.36
-104.28
-94.3
-89.73
-83.63
-88.17
-86.5
-82.76
-85.16
-88.33
-80.39
-77.51
-86.1
-71.21
-54.61
-89.01
-79.0
-75.35
-75.65
-80.31
-65.57
-55.19
-75.23
-72.16
-64.88
-74.59
-67.83
-76.9
-62.95
-64.15
-72.38
-86.26
-72.37
-74.67
-70.96
-74.01
-67.71
-79.96
-93.13
-69.46
-67.42
-85.48
-68.0
-78.24
-68.76
