-0.837
-0.649
-0.642
-0.833
-0.584
-0.941
-0.611
-0.645
-0.682
-0.748
-0.58
-0.682
-0.604
-0.575
-0.643
-0.737
-0.822
-0.529
-0.56
-0.519
-0.767
-0.699
-0.676
-0.758
-0.582
-0.628
-0.65
-0.585
-0.705
-0.728
-0.567
-0.698
-0.801
-0.738
-0.626
-0.512
-0.857
-0.706
-0.775
-0.655
-0.685
-0.614
-0.66
-0.883
-0.731
-0.834
-0.792
-0.781
-0.606
-0.739
-0.694
-0.675
-0.474
-0.733
-0.471
-0.68
-0.598
-0.778
-0.727
-0.793
-0.439
-0.681
-0.567
-0.647
-0.712
-0.496
-0.511
-0.746
-0.746
-0.598
-0.558
-0.578
-0.669
-0.62
-0.536
-0.666
-0.607
-0.641
-0.621
-0.593
-0.553
-0.773
-0.549
-0.64
-0.72
-0.73
-0.711
-0.66
-0.511
-0.574
-0.61
-0.693
-0.881
-0.635
-0.567
-0.852
-0.482
-0.455
-0.749
-0.727
-0.621
-0.554
-0.665
-0.659
-0.578
-0.568
-0.671
-0.631
-0.465
-0.736
-0.845
-0.643
-0.676
-0.543
-0.586
-0.771
-0.678
-0.789
-0.848
-0.589
-0.82
-0.707
-0.534
-0.818
-0.715
-0.809
-0.473
-0.625
-0.582
-0.489
-0.704
-0.585
-0.586
-0.55
-0.734
-0.759
-0.805
-0.366
-0.628
-0.652
-0.596
-0.498
-0.543
-0.611
-0.562
-0.591
-0.783
-0.725
-0.723
-0.731
-0.574
-0.752
-0.692
-0.759
-0.811
-0.716
-0.662
-0.487
-0.558
-0.635
-0.649
-0.63
-0.564
-0.595
-0.539
-0.457
-0.673
-0.63
-0.584
-0.642
-0.495
-0.601
-0.616
-0.562
-0.509
-0.553
-0.702
-0.49
-0.736
-0.625
-0.583
-0.553
-0.567
-0.56
-0.465
-0.645
-0.641
-0.593
-0.549
-0.448
-0.617
-0.53
-0.596
-0.506
-0.695
-0.667
-0.665
-0.827
-0.609
-0.775
-0.708
-0.601
-0.633
-0.598
-0.572
-0.598
-0.612
-0.572
-0.659
-0.633
-0.461
-0.74
-0.591
-0.627
-0.529
-0.497
-0.597
-0.635
-0.648
-0.604
-0.639
-0.688
-0.591
-0.615
-0.718
-0.576
-0.659
-0.667
-0.528
-0.637
-0.691
-0.52
-0.584
-0.658
-0.591
-0.571
-0.416
-0.516
-0.598
-0.619
-0.596
-0.643
-0.61
-0.588
-0.715
-0.632
-0.631
-0.729
-0.625
-0.575
-0.643
-0.72
-0.55
-0.498
-0.443
-0.803
-0.68
-0.578
-0.539
-0.685
-0.545
-0.567
-0.481
-0.508
-0.445
-0.45
-0.606
-0.612
-0.632
-0.565
-0.403
-0.547
-0.609
-0.567
-0.44
-0.545
-0.533
-0.449
-0.573
-0.616
-0.702
-0.959
-0.746
-0.809
-0.936
-0.637
-0.745
-0.553
-0.826
-0.564
-0.702
-0.636
-0.547
-0.837
-0.609
-0.676
-0.708
-0.648
-0.486
-0.624
-0.605
-0.672
-0.544
-0.587
-0.627
-0.72
-0.767
-0.786
-0.568
-0.539
-0.712
-0.894
-0.554
-0.56
-0.726
-0.699
-0.725
-0.693
-0.771
-0.878
-0.753
-0.88
-0.678
-0.735
-0.647
-0.618
-0.663
-0.567
-0.537
-0.587
-0.649
-0.622
-0.738
-0.745
-0.538
-0.68
-0.382
-0.68
-0.593
-0.554
-0.66
-0.787
-0.824
-0.538
-0.704
-0.576
-0.586
-0.729
-0.881
-0.724
-0.567
-0.593
-0.508
-0.804
-0.873
-0.72
-0.754
-0.717
-1.023
-0.971
-0.603
-0.714
-0.642
-0.509
-0.702
-0.494
-0.801
-0.604
-0.784
-0.964
-0.64
-0.679
-0.612
-0.704
-0.7
-0.543
-0.586
-0.819
-0.73
-0.689
-0.713
-0.624
-0.681
-0.702
-0.939
-0.586
-0.864
-0.58
-0.724
-0.663
-0.831
-0.797
-0.64
-0.697
-0.645
-0.765
-0.687
-0.55
-0.835
-0.511
-0.624
-0.643
-0.668
-0.728
-0.911
-0.861
-0.561
-0.783
-0.522
-0.631
-0.714
-0.874
-0.735
-0.614
-0.838
-0.803
-0.812
-0.815
-0.721
-0.731
-0.605
-0.749
-0.738
-0.873
-0.581
-0.832
-0.811
-0.611
-0.582
-0.869
-0.578
-0.574
-0.631
-0.82
-0.56
-0.772
-0.76
-0.617
-0.748
-0.669
-0.713
-0.543
-0.695
-0.644
-0.506
-0.806
-0.683
-0.498
-0.593
-0.611
-0.554
