-110.52
-110.76
-106.65
-117.95
-105.63
-119.34
-123.21
-112.68
-113.54
-109.03
-126.76
-103.2
-117.68
-109.53
-112.54
-115.27
-121.04
-105.36
-120.92
-105.66
-120.66
-125.63
-117.56
-116.64
-117.96
-113.2
-119.08
-118.17
-100.28
-112.34
-119.69
-112.74
-110.78
-111.19
-122.78
-122.57
-108.8
-120.3
-120.24
-109.19
-121.6
-128.53
-120.41
-128.37
-119.11
-123.81
-134.24
-129.08
-117.65
-117.49
-110.02
-117.13
-122.12
-121.23
-121.43
-117.56
-111.39
-107.28
-117.18
-123.08
-109.62
-114.72
-120.57
-116.59
-117.9
-114.6
-118.73
-116.64
-111.81
-111.24
-116.52
-114.4
-115.77
-117.45
-125.69
-118.42
-111.02
-119.77
-117.57
-121.35
-113.31
-119.4
-119.6
-117.48
-115.55
-121.44
-118.06
-124.26
-111.94
-114.16
-121.02
-132.71
-129.92
-134.06
-128.71
-126.07
-120.6
-121.65
-118.63
-114.1
-124.95
-123.13
-123.61
-123.27
-111.3
-129.6
-116.28
-119.05
-123.3
-110.71
-109.73
-110.53
-118.8
-109.19
-112.91
-117.94
-99.41
-104.53
-117.06
-119.91
-115.05
-128.66
-119.96
-117.58
-116.53
-121.23
-119.66
-116.98
-121.61
-122.58
-125.1
-113.49
-113.89
-108.71
-117.37
-121.59
-120.11
-119.7
-119.02
-123.94
-116.98
-117.48
-111.56
-122.05
-118.87
-102.7
-119.15
-111.57
-119.61
-110.42
-125.53
-124.28
-106.55
-124.75
-126.77
-116.79
-114.05
-123.0
-109.84
-117.38
-118.37
-120.88
-116.31
-112.22
-114.39
-107.07
-111.22
-115.26
-108.41
-125.5
-122.71
-114.16
-127.36
-114.13
-110.61
-120.58
-128.25
-123.18
-114.75
-117.8
-117.05
-130.92
-112.67
-127.35
-106.88
-122.8
-118.74
-123.14
-116.31
-119.19
-127.14
-124.44
-119.16
-112.95
-122.43
-122.26
-127.93
-123.17
-115.79
-114.41
-120.61
-110.5
-121.0
-114.61
-119.93
-122.62
-117.65
-109.67
-114.43
-121.74
-112.5
-109.52
-122.74
-116.81
-116.21
-112.25
-109.48
-118.92
-122.16
-114.06
-112.97
-115.37
-110.81
-123.51
-125.31
-117.11
-118.2
-122.9
-121.08
-111.43
-118.98
-132.66
-121.8
-100.91
-120.85
-115.42
-114.2
-119.09
-103.31
-104.73
-114.41
-115.63
-122.58
-104.49
-104.17
-123.19
-116.01
-114.5
-128.6
-112.39
-104.65
-109.14
-100.38
-116.1
-117.22
-119.73
-115.19
-119.05
-106.7
-114.61
-109.68
-107.34
-106.38
-113.21
-118.07
-104.17
-106.24
-117.67
-115.75
-107.51
-109.21
-104.47
-108.16
-114.19
-110.94
-114.64
-117.23
-116.42
-103.56
-109.11
-115.12
-126.83
-112.49
-121.76
-120.46
-105.59
-107.48
-109.91
-112.63
-116.07
-117.48
-111.62
-120.11
-116.85
-119.13
-115.23
-109.19
-116.01
-112.05
-113.92
-108.61
-110.05
-123.26
-113.76
-115.33
-116.25
-106.18
-112.45
-118.45
-117.13
-116.45
-109.62
-119.42
-125.02
-113.58
-114.19
-117.76
-106.11
-106.61
-109.86
-118.74
-110.12
-121.67
-115.36
-112.56
-105.33
-100.61
-102.46
-114.82
-105.93
-117.55
-102.25
-112.07
-100.12
-112.78
-113.24
-108.84
-122.48
-114.39
-108.86
-108.92
-112.3
-115.11
-105.37
-111.97
-104.26
-110.81
-120.25
-119.93
-104.48
-113.34
-111.41
-118.72
-111.77
-117.41
-114.47
-115.02
-96.96
-118.31
-113.06
-124.55
-121.27
-114.84
-111.22
-105.22
-118.19
-121.71
-122.49
-120.75
-121.63
-106.54
-126.9
-110.53
-114.37
-107.15
-109.78
-111.94
-112.14
-116.17
-97.29
-106.07
-122.74
-110.55
-114.56
-114.12
-110.99
-112.77
-106.89
-129.14
-115.62
-106.68
-110.62
-109.43
-114.33
-113.59
-113.13
-108.22
-109.97
-109.44
-111.67
-113.38
-104.21
-114.97
-99.44
-104.42
-111.69
-104.73
-114.18
-119.23
-123.05
-117.82
-119.14
-120.81
-110.46
-120.14
-115.97
-119.8
-117.24
-101.08
-115.24
-114.41
-112.7
-104.46
-115.53
-101.67
-120.49
-112.51
-119.17
-109.39
-112.05
-107.94
-111.19
-103.11
-108.16
-103.96
-108.95
-114.76
-91.27
-106.6
-93.88
-108.33
-110.65
-121.2
-92.93
-94.84
-104.93
-112.16
-110.23
-100.49
-113.72
-101.62
