-838.812
-751.806
-830.851
-816.616
-814.411
-814.267
-820.763
-794.903
-769.641
-826.1
-824.187
-775.551
-802.723
-733.529
-811.716
-795.882
-785.45
-779.202
-803.488
-768.479
-794.852
-777.702
-801.965
-799.655
-816.959
-786.324
-775.88
-790.19
-802.699
-789.737
-803.781
-768.835
-795.372
-786.693
-772.793
-830.361
-816.141
-801.458
-879.555
-813.848
-871.861
-831.59
-797.458
-789.995
-869.069
-856.936
-882.295
-807.972
-886.781
-826.057
-853.313
-848.99
-839.057
-840.215
-799.352
-772.078
-804.819
-792.686
-793.901
-772.913
-794.96
-834.963
-791.23
-800.047
-794.014
-779.024
-793.48
-853.785
-754.601
-794.234
-798.535
-784.118
-790.418
-738.761
-742.871
-796.227
-788.334
-777.425
-793.593
-787.042
-802.04
-825.422
-798.138
-826.747
-764.966
-793.172
-816.664
-786.063
-756.175
-759.779
-785.564
-785.128
-838.541
-847.87
-786.605
-796.213
-786.098
-776.68
-786.561
-821.921
-809.61
-799.27
-829.587
-829.919
-798.501
-742.437
-787.323
-805.9
-780.363
-738.582
-786.245
-765.748
-837.651
-801.534
-748.595
-835.035
-793.419
-810.03
-807.942
-799.045
-795.695
-822.125
-773.965
-791.529
-803.541
-799.715
-779.05
-791.041
-801.034
-801.512
-795.508
-769.232
-777.392
-751.548
-845.997
-772.371
-880.058
-722.277
-771.93
-804.609
-783.147
-740.351
-824.098
-816.046
-823.153
-790.792
-862.187
-748.639
-857.495
-763.737
-803.475
-802.769
-752.619
-841.06
-838.159
-792.826
-745.568
-795.413
-771.223
-821.538
-801.626
-803.518
-757.527
-728.942
-750.726
-775.163
-822.711
-789.301
-831.019
-824.66
-699.484
-761.791
-765.921
-761.664
-760.169
-770.129
-770.29
-778.837
-745.402
-776.546
-807.714
-790.448
-732.646
-735.317
-736.495
-784.676
-760.649
-751.714
-792.356
-757.511
-824.284
-764.343
-754.651
-821.447
-792.177
-840.476
-803.075
-788.587
-800.684
-790.054
-811.893
-812.573
-755.336
-789.39
-791.071
-769.85
-762.157
-753.982
-791.998
-763.465
-791.911
-810.634
-796.117
-750.287
-814.214
-713.38
-774.781
-792.367
-819.281
-752.546
-794.75
-797.684
-791.215
-784.59
-840.669
-746.196
-803.425
-757.882
-775.566
-787.114
-770.263
-796.123
-755.836
-707.849
-778.068
-733.067
-766.152
-697.582
-767.927
-806.311
-752.943
-752.173
-784.946
-744.775
-755.443
-773.191
-831.963
-777.027
-819.262
-806.942
-758.391
-785.223
-753.42
-718.435
-746.505
-755.278
-726.324
-720.379
-691.452
-746.288
-765.607
-742.293
-751.534
-699.07
-689.167
-756.415
-703.418
-721.312
-758.983
-720.154
-687.753
-713.441
-733.814
-733.634
-721.763
-711.757
-739.893
-789.66
-723.734
-739.037
-769.255
-782.684
-809.6
-785.19
-809.155
-741.419
-767.666
-797.732
-805.06
-803.624
-746.84
-751.805
-740.207
-753.374
-742.689
-759.461
-810.127
-790.749
-761.598
-793.686
-779.666
-746.223
-778.406
-753.037
-748.401
-782.414
-775.658
-774.013
-722.607
-756.855
-752.215
-755.204
-762.826
-806.805
-786.728
-778.662
-785.033
-756.872
-722.739
-745.413
-787.556
-833.051
-747.928
-804.255
-774.864
-759.555
-753.601
-757.995
-786.261
-782.688
-751.455
-792.947
-845.715
-832.616
-752.793
-721.073
-743.471
-793.735
-811.232
-775.563
-735.543
-821.139
-789.788
-822.175
-822.797
-738.731
-787.114
-832.103
-860.272
-771.79
-832.287
-798.348
-850.552
-783.716
-849.447
-795.432
-796.333
-751.127
-803.798
-844.268
-876.819
-901.07
-826.642
-790.874
-763.279
-849.765
-832.394
-833.326
-822.585
-776.864
-760.046
-821.957
-801.577
-806.55
-776.736
-731.475
-792.213
-743.588
-773.585
-715.092
-751.049
-766.095
-741.621
-817.696
-725.008
-809.956
-771.201
-788.907
-777.663
-765.755
-758.236
-787.443
-802.213
-793.918
-726.873
-700.547
-733.032
-727.641
-752.148
-789.961
-712.787
-765.329
-830.113
-737.853
-756.323
-837.113
-740.455
-823.139
-782.991
-837.791
-825.54
-787.057
-810.935
-760.375
-791.996
-843.302
-789.09
-780.012
-799.096
-810.885
-781.527
-803.343
-822.524
-805.474
-805.31
-806.32
-828.579
-780.839
-738.98
-815.136
-763.498
-728.558
-740.748
-776.672
-788.868
-806.256
-704.019
-714.459
-766.963
-808.884
-700.36
-787.127
-748.81
-755.153
-703.183
-724.703
-725.781
-769.539
-708.964
-771.334
-756.171
