-137.6
-137.95
-132.38
-143.51
-131.88
-119.7
-122.63
-123.89
-143.41
-142.93
-121.89
-141.85
-134.3
-123.32
-132.4
-134.08
-111.67
-142.32
-125.43
-128.16
-126.86
-128.17
-135.22
-121.24
-122.32
-138.05
-124.14
-137.33
-138.51
-137.62
-127.37
-133.76
-130.63
-137.13
-125.45
-131.16
-117.97
-125.96
-130.87
-120.51
-129.92
-142.68
-133.74
-127.39
-120.07
-140.65
-141.25
-134.28
-129.45
-125.51
-134.97
-139.93
-142.11
-145.65
-134.76
-120.08
-131.66
-131.73
-138.97
-123.01
-119.7
-120.08
-140.87
-137.18
-118.56
-128.51
-124.55
-126.74
-135.3
-125.52
-135.84
-141.16
-134.28
-137.81
-126.39
-135.07
-135.88
-124.88
-133.75
-129.41
-118.53
-121.55
-126.49
-127.75
-133.11
-127.03
-143.83
-118.15
-137.23
-136.13
-129.44
-117.85
-140.9
-148.97
-126.25
-127.92
-138.8
-127.77
-131.4
-121.84
-135.15
-136.38
-113.64
-133.1
-142.56
-132.31
-137.88
-125.35
-128.28
-140.06
-125.67
-123.53
-130.74
-127.15
-129.05
-121.04
-132.31
-127.94
-133.85
-151.75
-133.03
-130.34
-130.91
-124.86
-121.26
-137.4
-130.91
-132.92
-123.94
-122.41
-132.13
-132.66
-119.77
-133.72
-119.89
-135.62
-121.5
-128.66
-141.71
-135.81
-135.7
-119.35
-118.94
-131.67
-131.9
-137.55
-130.33
-124.89
-137.27
-121.5
