-799.648
-775.278
-741.589
-773.082
-732.103
-833.531
-725.945
-804.391
-787.126
-759.093
-745.718
-838.593
-874.116
-762.581
-759.273
-771.724
-759.824
-733.1
-747.08
-737.258
-781.051
-782.164
-821.655
-783.541
-750.153
-788.525
-812.527
-813.792
-827.195
-818.958
-774.255
-775.393
-881.054
-808.282
-812.564
-777.428
-812.725
-790.847
-819.077
-787.579
-798.296
-775.466
-790.646
-771.531
-803.414
-785.685
-779.833
-834.936
-800.439
-830.827
-788.247
-757.393
-770.758
-798.928
-765.961
-782.962
-812.967
-792.262
-815.68
-823.325
-806.827
-776.141
-805.53
-777.473
-801.558
-782.182
-774.54
-807.557
-799.985
-754.036
-802.901
-750.682
-769.439
-787.677
-821.863
-793.621
-807.42
-807.182
-824.901
-770.031
-780.236
-787.196
-756.612
-787.362
-766.376
-786.345
-768.179
-776.376
-776.492
-784.628
-772.952
-771.448
-810.104
-783.2
-830.258
-806.946
-846.454
-811.135
-746.824
-752.35
-776.48
-760.284
-782.383
-751.735
-792.531
-809.429
-795.367
-765.945
-809.875
-836.506
-781.374
-811.619
-773.344
-798.953
-822.999
-775.181
-822.399
-817.062
-827.531
-812.097
-779.76
-836.465
-802.987
-819.112
-784.995
-786.388
-825.48
-819.74
-816.015
-809.83
-779.975
-828.721
-769.317
-838.07
-829.028
-843.728
-810.992
-751.217
-781.357
-773.688
-794.339
-822.204
-808.066
-837.84
-771.562
-810.292
-796.832
-777.472
-765.12
-777.736
-755.87
-746.496
-808.661
-764.813
-803.543
-791.731
-804.239
-819.094
-788.72
-782.712
-791.646
-759.988
-774.16
-740.671
-787.709
-729.189
-761.153
-779.324
-808.257
-785.444
-817.009
-831.108
-874.653
-782.855
-823.593
-779.352
-760.503
-765.768
-792.392
-808.113
-831.289
-767.547
-756.092
-735.302
-725.723
-746.83
-733.69
-751.043
-790.671
-764.193
-760.542
-794.429
-726.654
-748.83
-807.546
-727.15
-722.677
-711.875
-715.443
-682.563
-720.033
-746.498
-698.434
-750.851
-695.952
-674.604
-704.705
-654.872
-654.204
-677.435
-731.505
-728.994
-696.044
-701.681
-750.274
-738.458
-686.434
-680.267
-708.883
-714.526
-728.63
-717.455
-756.362
-753.672
-777.218
-744.014
-732.485
-739.616
-741.307
-701.443
-700.656
-698.526
-715.118
-693.017
-670.948
-731.815
-737.435
-739.391
-683.357
-713.118
-686.04
-733.331
-717.542
-690.979
-747.376
-708.751
-713.156
-711.266
-670.731
-695.172
-722.655
-712.294
-702.195
-722.449
-675.297
-690.201
-719.521
-703.115
-693.945
-682.018
-672.026
-693.045
-707.821
-733.773
-696.041
-641.139
-736.739
-758.027
-749.952
-693.294
-722.969
-730.096
-659.888
-715.164
-679.355
-747.321
-695.712
-730.382
-702.743
-700.989
-712.206
-726.647
-713.635
-707.66
-729.913
-712.798
-712.231
-743.807
-778.242
-715.243
-725.863
-687.439
-726.564
-708.513
-723.546
-754.725
-821.962
-780.092
-762.107
-755.189
-790.439
-807.041
-786.477
-785.609
-764.66
-778.54
-777.291
-812.794
-748.844
-776.626
-772.427
-765.04
-748.328
-747.968
-795.986
-794.151
-775.799
-770.379
-795.466
-733.474
-805.265
-776.603
-776.318
-772.977
-775.966
-761.928
-842.644
-818.81
-833.742
-798.813
-796.371
-827.439
-812.88
-806.97
-800.521
-771.053
-836.744
-851.946
-864.624
-827.566
-831.88
-798.906
-813.641
-833.06
-813.36
-780.614
-740.257
-830.713
-780.246
-751.751
-775.653
-792.823
-824.092
-775.632
-782.521
-783.783
-785.282
-791.85
-770.431
-764.232
-813.068
-840.754
-802.852
-809.027
-822.479
-769.54
-781.029
-785.311
-774.389
-762.259
-719.33
-732.573
-767.077
-765.125
-768.172
-744.551
-701.251
-761.185
-795.39
-752.189
-718.978
-754.038
-735.801
-719.701
-718.611
-688.617
-658.016
-698.729
-721.027
-692.095
-683.686
-758.082
-754.018
-771.986
-737.362
-716.025
-753.377
-746.474
-750.016
-716.03
-739.3
-740.009
-738.581
-734.91
-757.991
-775.257
-744.873
-732.762
-681.487
-715.627
-728.508
-714.828
-679.118
-685.39
-698.091
-720.97
-703.315
-694.459
-668.777
-714.137
-692.882
-726.799
-709.343
-649.54
-675.2
-690.722
-700.321
-711.018
-697.555
-718.882
-719.104
-699.592
-706.172
-705.56
-662.449
-730.173
-678.444
-687.959
-712.046
-701.627
-688.353
-697.867
-692.879
-654.952
-704.608
-739.76
-726.131
-740.291
-679.816
-692.594
-700.952
