-125.61
-131.11
-132.31
-137.81
-128.36
-131.15
-133.09
-131.58
-134.75
-124.44
-133.28
-122.45
-142.67
-122.34
-132.17
-129.03
-131.04
-147.18
-126.22
-112.26
-130.35
-121.24
-128.66
-127.57
-140.37
-130.92
-118.41
-131.75
-144.05
-123.0
-139.31
-132.23
-133.19
-124.4
-123.97
-131.6
-124.24
-130.23
-131.9
-143.88
-142.11
-135.37
-140.13
-134.68
-139.07
-139.05
-144.7
-149.06
-129.84
-115.36
-139.76
-128.62
-136.49
-123.91
-142.3
-128.91
-130.44
-113.19
-140.62
-141.96
-132.52
-126.62
-129.86
-124.24
-128.93
-134.59
-130.9
-138.26
-145.97
-129.17
-117.85
-143.99
-131.31
-139.99
-135.33
-135.71
-128.63
-143.52
-127.85
-126.04
-131.38
-137.06
-131.55
-131.93
-131.4
-141.2
-139.27
-120.56
-120.69
-131.21
-139.83
-134.97
-131.87
-137.39
-131.17
-139.23
-131.47
-128.74
-128.8
-131.92
-133.45
-128.87
-134.63
-127.53
-126.24
-140.89
-133.0
-134.9
-143.22
-133.44
-124.29
-126.99
-117.66
-118.08
-125.98
-121.62
-118.74
-126.0
-127.65
-126.23
-124.36
-136.79
-138.97
-118.27
-117.37
-123.82
-114.06
-120.23
-126.57
-133.06
-130.03
-120.35
-119.48
-115.01
-109.21
-124.12
-121.27
-110.29
-125.04
-122.28
-133.38
-129.43
-126.6
-130.61
-148.52
-129.17
-116.05
-109.66
-123.7
-133.07
