-112.46
-120.63
-114.2
-111.56
-113.15
-125.5
-112.99
-109.27
-109.02
-123.55
-112.03
-132.99
-123.85
-123.39
-109.9
-99.58
-115.21
-118.27
-110.19
-111.69
-110.31
-116.91
-128.41
-121.42
-116.46
-121.63
-110.4
-104.35
-117.55
-115.41
-119.7
-118.45
-119.13
-121.44
-123.95
-118.14
-115.46
-125.61
-111.98
-113.99
-111.29
-121.99
-122.66
-114.3
-115.35
-116.76
-110.88
-122.07
-109.03
-112.05
-117.59
-115.69
-119.62
-112.98
-121.09
-121.81
-117.79
-125.71
-121.09
-113.43
-105.4
-114.73
-127.74
-125.11
-126.99
-115.98
-110.5
-122.33
-118.38
-105.04
-116.12
-102.84
-102.54
-113.88
-121.4
-112.58
-108.09
-114.84
-115.61
-122.18
-120.64
-120.15
-116.77
-108.71
-116.33
-115.31
-108.94
-105.04
-111.49
-119.17
-120.57
-119.87
-124.99
-116.8
-129.84
-122.87
-120.1
-131.12
-110.53
-116.76
-118.32
-118.82
-116.71
-120.06
-125.32
-117.63
-124.26
-115.31
-123.45
-121.51
-113.92
-114.94
-123.39
-109.12
-119.4
-121.52
-119.62
-128.21
-128.35
-114.34
-118.65
-131.17
-122.42
-123.2
-122.12
-126.51
-119.0
-119.79
-112.65
-125.83
-116.74
-120.07
-113.41
-121.72
-114.43
-124.54
-127.59
-109.62
-118.13
-109.58
-125.33
-110.84
-108.95
-121.94
-108.7
-120.97
-113.34
-114.34
-125.18
-113.71
-116.39
-111.73
-108.88
-115.72
-113.01
-122.23
-125.43
-118.14
-111.2
-120.69
-105.67
-109.6
-115.13
-99.05
-111.28
-128.51
-103.99
-110.09
-112.27
-113.48
-112.71
-117.57
-114.61
-112.98
-108.29
-101.43
-113.18
-104.0
-119.5
-111.95
-108.62
-111.58
-107.67
-115.3
-113.31
-109.82
-111.98
-106.81
-110.93
-109.93
-115.16
-114.05
-122.33
-116.54
-126.39
-121.51
-108.88
-105.49
-119.41
-115.88
-101.45
-109.46
-108.46
-99.81
-107.09
-101.87
-99.17
-103.51
-107.12
-101.39
-103.37
-91.59
-107.58
-99.17
-115.47
-111.67
-112.57
-112.88
-97.04
-108.47
-101.68
-99.26
-102.26
-100.84
-116.64
-112.0
-108.49
-104.35
-109.55
-100.72
-103.62
-91.46
-97.22
-89.71
-99.62
-106.06
-106.63
-113.22
-103.83
-97.4
-105.74
-111.89
-107.81
-95.33
-103.5
-104.93
-106.49
-102.52
-104.75
-104.3
-110.39
-107.4
-108.03
-96.64
-102.59
-103.12
-106.68
-101.37
-100.1
-100.61
-100.76
-99.71
-98.06
-101.35
-99.37
-104.94
-104.39
-95.47
-114.56
-103.22
-107.25
-102.21
-103.84
-107.06
-101.94
-104.34
-106.19
-99.54
-99.3
-105.66
-113.08
-103.23
-99.8
-109.29
-99.8
-104.23
-98.68
-108.09
-115.22
-112.45
-114.81
-114.05
-114.07
-107.22
-117.44
-111.8
-106.58
-116.59
-109.55
-117.45
-116.77
-116.23
-109.89
-105.59
-107.02
-115.26
-112.6
-109.22
-118.28
-115.46
-115.71
-111.43
-103.45
-113.76
-110.59
-114.05
-110.5
-123.71
-116.17
-105.66
-125.58
-126.32
-118.23
-110.55
-120.25
-117.81
-120.08
-118.09
-118.86
-119.46
-106.67
-117.13
-104.3
-119.74
-112.72
-109.37
-116.27
-123.92
-121.75
-116.42
-112.09
-125.42
-120.38
-124.18
-112.85
-113.99
-116.25
-119.34
-108.66
-123.75
-110.49
-118.16
-113.64
-108.93
-111.1
-107.58
-112.46
-109.62
-106.39
-115.46
-110.11
-112.62
-115.52
-99.31
-112.82
-113.2
-98.39
-104.28
-105.57
-98.96
-97.56
-108.04
-102.28
-115.1
-109.2
-100.16
-108.08
-114.67
-114.15
-112.84
-104.51
-104.76
-103.11
-103.38
-97.73
-101.86
-94.25
-95.06
-107.48
-96.16
-99.25
-109.5
-96.53
-92.14
-107.94
-96.3
-107.25
-104.67
-102.9
-102.52
-105.51
-102.83
-106.08
-111.53
-102.42
-102.28
-98.83
-108.3
-104.19
-100.8
-108.36
-97.42
-100.6
-94.76
-98.06
-106.26
-97.78
-97.62
-95.15
-107.81
-91.54
-102.99
-101.34
-100.67
-90.53
-96.1
-98.67
-102.93
-101.9
-99.48
-93.28
-97.2
-95.54
-98.62
-91.16
-99.2
-95.82
-97.31
-84.76
-114.9
-93.66
-98.73
-95.01
-92.33
-93.6
-87.27
-108.75
-111.88
-105.29
-101.24
-96.87
