-0.487
-0.809
-0.591
-0.521
-0.695
-0.628
-0.513
-0.607
-0.596
-0.66
-0.657
-0.72
-0.47
-0.568
-0.64
-0.862
-0.45
-0.588
-0.564
-0.676
-0.528
-0.593
-0.885
-0.657
-0.585
-0.654
-0.614
-0.652
-0.637
-0.623
-0.64
-0.661
-0.705
-0.652
-0.622
-0.553
-0.705
-0.552
-0.69
-0.676
-0.668
-0.622
-0.91
-0.588
-0.511
-0.682
-0.891
-0.783
-0.551
-0.657
-0.876
-0.681
-0.859
-0.668
-0.647
-0.732
-0.775
-0.625
-0.732
-0.874
-0.667
-0.534
-0.544
-0.568
-0.51
-0.68
-0.573
-0.615
-0.935
-0.652
-0.629
-0.852
-0.732
-0.539
-0.749
-0.718
-0.619
-0.725
-0.757
-0.653
-0.629
-0.558
-0.471
-0.567
-0.656
-0.808
-0.443
-0.64
-0.667
-0.62
-0.674
-0.692
-0.841
-0.632
-0.812
-0.669
-0.52
-0.774
-0.702
-0.76
-0.626
-0.494
-0.56
-0.657
-0.746
-0.688
-0.583
-0.455
-0.507
-0.805
-0.791
-0.719
-0.79
-0.791
-0.554
-0.596
-0.595
-0.569
-0.499
-0.494
-0.689
-0.709
-0.562
-0.53
-0.341
-0.628
-0.661
-0.553
-0.619
-0.603
-0.612
-0.539
-0.738
-0.782
-0.753
-0.826
-0.431
-0.725
-0.747
-0.691
-0.472
-0.67
-0.687
-0.838
-0.775
-0.657
-0.687
-0.636
-0.595
-0.656
-0.502
-0.681
-0.812
-0.69
-0.834
-0.871
-0.741
-0.607
-0.678
-0.655
-0.658
-0.624
-0.68
-0.688
-0.892
-0.608
-0.669
-0.748
-0.596
-0.608
-0.546
-0.899
-0.891
-0.729
-0.598
-0.769
-0.749
-0.571
-0.652
-0.637
-0.515
-0.685
-0.647
-0.79
-0.763
-0.612
-0.705
-0.532
-0.695
-0.719
-0.593
-0.696
-0.754
-0.666
-0.698
-0.663
-0.774
-0.453
-0.568
-0.533
-0.584
-0.626
-0.596
-0.582
-0.519
-0.561
-0.528
-0.841
-0.449
-0.553
-0.56
-0.573
-0.701
-0.604
-0.597
-0.74
-0.682
-0.677
-0.732
-0.813
-0.676
-0.781
-0.794
-0.589
-0.847
-0.815
-0.558
-0.607
-0.748
-0.58
-0.765
-0.433
-0.772
-0.652
-0.626
-0.744
-0.612
-0.548
-0.441
-0.508
-0.455
-0.568
-0.471
-0.479
-0.628
-0.505
-0.544
-0.716
-0.584
-0.625
-0.549
-0.691
-0.625
-0.529
-0.475
-0.575
-0.644
-0.677
-0.58
-0.693
-0.585
-0.561
-0.863
-0.441
-0.66
-0.462
-0.504
-0.572
-0.509
-0.826
-0.727
-0.491
-0.537
-0.612
-0.668
-0.601
-0.59
-0.66
-0.471
-0.624
-0.855
-0.772
-0.709
-0.745
-0.637
-0.627
-0.554
-0.556
-0.51
-0.641
-0.543
-0.414
-0.656
-0.656
-0.684
-0.641
-0.625
-0.793
-0.917
-0.646
-0.611
-0.548
-0.668
-0.594
-0.639
-0.463
-0.799
-0.759
-0.839
-0.855
-0.839
-0.857
-0.717
-0.626
-0.723
-0.865
-0.619
-0.625
-0.875
-0.77
-0.682
-0.842
-0.711
-0.696
-0.674
-0.704
-0.687
-0.504
-0.763
-0.611
-0.63
-0.738
-0.692
-0.782
-0.762
-0.75
-0.651
-0.587
-0.638
-0.609
-0.726
-0.59
-0.54
-0.615
-0.697
-0.704
-0.616
-0.776
-0.792
-0.639
-0.719
-0.723
-0.755
-0.577
-0.618
-0.754
-0.688
-0.509
-0.772
-0.655
-0.557
-0.785
-0.765
-0.504
-0.826
-0.698
-0.669
-0.73
-0.841
-0.513
-0.518
-0.668
-0.562
-0.65
-0.779
-0.733
-0.712
-0.726
-0.73
-0.602
-0.584
-0.703
-0.67
-0.563
-0.622
-0.587
-0.569
-0.498
-0.532
-0.446
-0.528
-0.652
-0.417
-0.452
-0.593
-0.748
-0.753
-0.414
-0.619
-0.61
-0.453
-0.512
-0.54
-0.588
-0.758
-0.677
-0.644
-0.811
-0.616
-0.367
-0.665
-0.599
-0.538
-0.593
-0.662
-0.736
-0.581
-0.632
-0.451
-0.549
-0.449
-0.716
-0.558
-0.579
-0.562
-0.889
-0.549
-0.776
-0.59
-0.694
-0.582
-0.598
-0.55
-0.54
-0.569
-0.751
-0.712
-0.627
-0.563
-0.421
-0.394
-0.614
-0.51
-0.668
-0.664
-0.561
-0.667
-0.658
-0.586
-0.471
-0.578
