-52.55
-60.98
-59.97
-60.17
-56.35
-55.73
-52.19
-58.89
-55.84
-48.22
-50.48
-49.55
-49.35
-49.46
-56.03
-54.27
-52.98
-47.4
-48.43
-50.91
-48.9
-51.47
-51.45
-48.94
-45.8
-51.88
-52.65
-52.51
-56.82
-55.65
-62.13
-48.55
-57.04
-56.19
-54.61
-57.23
-60.18
-55.45
-60.45
-57.42
-48.55
-52.96
-47.28
-58.56
-56.06
-50.64
-56.38
-58.32
-49.87
-58.21
-48.93
-51.99
-62.83
-53.99
-52.95
-60.15
-53.6
-51.84
-51.53
-57.54
-52.36
-50.12
-51.46
-55.35
-58.72
-56.4
-49.67
-54.19
-51.42
-48.36
-59.15
-50.02
-51.24
-58.29
-45.25
-55.45
-62.17
-52.85
-52.61
-60.79
-48.51
-49.34
-54.68
-53.73
-56.92
-53.23
-52.84
-54.81
-47.35
-60.09
-58.13
-56.87
-54.34
-58.7
-53.51
-55.9
-55.83
-56.7
-51.17
-58.57
-60.41
-58.33
-56.04
-59.77
-50.6
-59.68
-56.42
-61.83
-61.09
-60.76
-54.77
-53.54
-57.76
-58.85
-57.91
-57.08
-58.05
-49.62
-55.85
-54.68
-52.08
-53.02
-52.52
-55.59
-55.15
-52.33
-53.82
-59.2
-47.51
-52.25
-55.53
-55.4
-58.54
-51.53
-57.32
-60.32
-58.82
-56.12
-53.04
-54.94
-56.26
-55.9
-53.12
-56.29
-62.31
-57.2
-56.68
-58.38
-57.64
-57.33
-50.77
-56.87
-60.34
-52.65
-56.91
-54.19
-54.7
-64.48
-55.26
-56.63
-46.28
-52.61
-62.31
-64.1
-54.65
-51.59
-60.97
-61.99
-53.03
-54.62
-62.12
-64.12
-58.33
-55.89
-62.79
-65.06
-54.99
-61.57
-59.32
-53.75
-55.91
-60.23
-52.53
-55.0
-59.23
-57.94
-55.87
-56.88
-48.16
-51.1
-45.28
-50.23
-54.4
-49.78
-55.45
-56.29
-62.19
-52.05
-54.27
-63.65
-58.96
-55.94
-58.61
-62.31
-56.77
-57.44
-58.11
-57.89
-60.2
-59.13
-60.01
-63.98
-55.96
-59.33
-56.6
-55.9
-64.1
-62.76
-61.49
-60.76
-64.78
-57.92
-59.51
-57.58
-63.91
-68.18
-63.79
-68.07
-57.99
-64.75
-61.71
-59.89
-57.33
-62.0
-55.86
-66.51
-54.35
-63.94
-61.11
-61.83
-58.66
-59.6
-61.74
-58.04
-59.66
-57.34
-56.93
-60.73
-59.88
-62.44
-58.28
-60.72
-55.17
-54.39
-54.66
-62.82
-58.93
-57.4
-61.03
-52.28
-56.05
-62.53
-60.09
-61.78
-58.98
-61.05
-56.55
-61.71
-56.13
-51.69
-62.66
-60.24
-61.01
-54.5
-51.69
-63.28
-60.23
-51.72
-55.86
-58.1
-61.02
-61.45
-60.69
-53.85
-58.03
-61.15
-57.81
-55.99
-57.75
-50.6
-56.59
-59.48
-54.3
-57.08
-51.61
-60.77
-64.58
-59.73
-54.38
-56.04
-59.44
-58.95
-55.45
-52.05
-57.71
-60.27
-65.45
-60.29
-56.66
-55.67
-56.95
-64.22
-60.04
-57.66
-56.58
-62.23
-51.3
-52.96
-55.11
-64.27
-55.55
-48.03
-58.14
-58.67
-60.94
-53.49
-56.2
-54.32
-55.11
-56.1
-58.88
-54.28
-57.36
-57.9
-53.38
-54.26
-51.13
-55.38
-53.52
-50.28
-53.32
-46.63
-53.6
-59.11
-56.23
-52.67
-53.4
-52.2
-54.84
-54.56
-57.52
-45.46
-48.53
-48.01
-50.51
-58.46
-55.05
-50.86
-46.45
-48.75
-47.15
-50.74
-43.1
-49.53
-47.44
-50.68
-52.33
-49.49
-54.13
-55.72
-55.11
-56.73
-58.28
-60.29
-58.51
-64.28
-59.36
-62.77
-60.89
-62.96
-60.64
-56.03
-61.03
-61.15
-60.05
-66.32
-57.34
-56.56
-49.28
-60.95
-55.71
-56.19
-56.56
-55.24
-58.82
-51.68
-52.56
-54.44
-56.51
-50.44
-47.56
-48.2
-46.64
-54.16
-51.95
-42.73
-52.66
-50.38
-47.46
-61.29
-60.43
-50.53
-51.95
-48.47
-54.15
-56.74
-56.93
-62.88
-58.31
-54.39
-55.18
-52.66
-44.54
-51.4
-45.43
-47.71
-51.15
-50.8
-49.06
-55.72
-57.64
-45.56
-50.84
-50.4
-49.3
-48.87
-50.54
-45.29
-43.94
-46.74
-48.71
-47.06
-49.68
-45.21
-48.2
-53.76
-51.43
-53.41
-52.68
-50.27
-49.67
-52.42
-55.74
-52.68
-55.92
-57.89
-47.8
-53.42
-50.16
-55.48
-57.19
-59.09
-59.37
-62.33
-62.13
-60.57
-55.98
-63.05
-57.57
-65.99
-62.22
-60.62
-63.55
-63.52
-64.51
-62.29
-63.07
-54.15
-55.74
-62.53
-54.12
-62.99
-54.37
-63.96
-62.61
-62.9
-62.68
-68.2
-59.78
-56.01
-65.44
-53.2
-67.19
-59.71
-55.24
-61.98
-62.63
-65.87
-61.77
-68.14
-66.21
-62.77
-63.28
-61.15
-61.75
-53.93
-60.69
-55.54
-57.63
-67.59
-63.47
-59.45
-64.44
-68.3
-65.83
-65.92
-60.75
-66.01
-61.97
-65.29
-54.63
-54.09
-45.28
-55.14
-50.55
-55.99
-54.52
-58.65
-54.16
-58.72
-56.44
-60.85
-50.06
-57.61
-48.94
-56.36
-55.84
-55.83
-64.96
-63.45
-58.69
-60.66
-65.59
-56.86
-63.32
-58.75
-60.06
-52.5
-59.83
-57.65
-53.45
-56.08
-58.99
-51.17
-55.34
-59.44
-61.1
-60.43
-68.1
-63.39
-58.33
-54.64
-56.1
-59.07
-64.1
-60.94
-59.87
-56.86
-59.48
-64.23
-61.7
-66.91
-63.81
-65.93
-61.72
-61.22
-65.55
-62.42
-51.67
-59.44
-57.9
-52.53
-51.38
-52.04
-52.49
-57.27
-56.27
-57.62
-54.83
-61.06
-60.33
-50.68
-60.15
-55.05
-59.99
-55.52
-62.17
-66.51
-59.05
-52.34
-58.39
-50.71
-58.26
-55.33
-54.64
-49.73
-54.06
-47.39
-50.96
-50.2
-49.68
-61.32
-52.13
-59.46
-62.56
-59.53
-61.62
-63.84
-60.02
-58.27
-60.67
-53.15
-55.19
-60.54
-57.53
-58.71
-55.89
-60.14
-59.3
-68.05
-67.94
-62.83
-62.96
-60.0
-59.49
-61.41
-62.78
-60.01
-55.65
-52.74
-57.45
-59.98
-60.33
-60.36
-51.84
-63.18
-64.44
-66.71
-63.9
-61.1
-67.85
-63.83
-63.34
-69.13
-68.83
-63.84
-66.67
-70.33
-62.8
-62.25
-60.06
-64.23
-66.09
-61.46
-63.48
-65.42
-65.66
-57.41
-63.17
-64.06
-66.52
-63.52
-56.59
-53.22
-64.54
-64.12
-70.08
-66.27
-69.8
-69.96
-66.47
-70.94
-65.23
-61.92
-64.49
-70.35
-60.99
-67.81
-62.28
-65.9
-65.23
-60.64
-59.83
-74.06
-62.57
-61.92
-67.74
-54.17
-60.71
-56.23
-51.9
-53.6
-62.22
-62.11
-61.09
-58.1
-65.29
-59.89
-63.0
-64.12
-62.52
-59.63
-59.32
-64.13
-62.21
-60.5
-62.35
-64.31
-58.56
-71.57
-66.03
-68.15
-69.45
-63.57
-56.17
-69.93
-60.0
-66.99
-67.17
-63.83
-62.66
-64.65
-67.68
-65.06
-62.89
-59.54
-60.66
-61.67
-59.33
-58.08
-65.4
-66.26
-67.11
-67.97
-55.43
-63.78
-63.79
-64.35
-62.71
-61.67
-68.7
-66.04
-67.64
-66.67
-68.61
-69.83
-64.95
-61.85
-65.02
-60.14
-74.27
-68.76
-70.35
-69.35
-65.0
-73.27
-64.08
-67.39
-59.79
-59.6
-57.86
-57.63
-54.39
-70.52
-56.33
-63.86
-62.6
-64.74
-67.05
-63.38
-67.22
-57.68
-66.25
-55.03
-67.37
-61.38
-58.99
-61.2
-62.36
-63.74
-66.47
-61.29
-68.63
-69.19
-66.3
-76.28
-60.49
-70.66
-66.1
-69.21
-68.6
-71.84
-74.78
-71.45
-67.22
-66.19
-65.4
-70.56
-67.14
-63.77
-65.61
-65.24
-55.89
-69.71
-60.71
-60.54
-60.13
-65.59
-62.13
-65.15
-62.28
-62.03
-61.72
-63.14
-66.37
-65.92
-61.93
-69.21
-65.93
-71.71
-63.06
-66.16
-64.2
-56.68
-60.07
-69.23
-62.52
-72.9
-64.25
-65.66
-65.61
-60.87
-64.99
-73.01
-73.3
-61.68
-69.32
-65.64
-68.82
-63.58
-66.11
-64.97
-60.42
-63.89
-70.76
-75.06
-74.0
-70.3
-74.9
-68.6
-70.28
-64.32
-68.89
-67.88
-66.17
-75.75
-71.54
-68.98
-74.63
-71.14
-71.08
-71.59
-69.86
-71.88
-71.14
-71.26
-70.64
-68.48
-67.65
-69.84
-66.49
-64.22
-69.85
-73.76
-73.49
-73.11
-77.91
-70.83
-65.36
-76.7
-77.42
-71.41
-77.91
-77.34
-69.62
-71.97
-71.53
-70.0
-65.02
-62.73
-60.86
-59.03
-64.88
-69.87
-66.69
-68.36
-72.66
-69.28
-66.02
-63.86
-71.25
-66.54
-70.86
-71.6
-67.55
-73.8
-75.18
-64.7
-63.3
-66.29
-60.86
-65.96
-69.73
-71.72
-64.9
-57.42
-59.14
-65.08
-70.42
-61.52
-74.92
-62.23
-69.55
-67.93
-68.03
-74.02
-68.87
-75.09
-74.07
-74.24
-71.76
-74.17
-70.96
-62.5
-72.34
-69.0
-68.16
-67.51
-68.01
-63.7
-65.41
