-438.945
-401.979
-381.11
-356.31
-345.123
-385.807
-379.195
-388.278
-342.721
-333.098
-330.039
-348.499
-358.187
-306.053
-358.324
-350.447
-343.217
-344.868
-316.717
-345.002
-315.631
-354.147
-354.668
-344.518
-335.516
-379.343
-369.429
-390.011
-397.539
-410.693
-416.917
-390.191
-381.465
-358.187
-381.579
-410.318
-374.367
-382.762
-414.358
-414.213
-344.151
-396.043
-415.684
-380.79
-423.699
-388.128
-394.526
-398.895
-375.994
-423.626
-370.014
-402.653
-403.402
-380.27
-416.887
-404.766
-413.472
-409.836
-420.079
-391.805
-387.708
-373.393
-420.213
-383.747
-380.07
-390.226
-370.131
-405.796
-424.051
-367.01
-394.865
-355.118
-347.108
-394.608
-395.981
-404.535
-416.981
-394.286
-380.521
-435.14
-400.897
-394.209
-369.124
-388.394
-399.471
-345.367
-391.642
-384.966
-396.064
-425.079
-387.604
-431.225
-392.581
-403.338
-409.983
-398.011
-344.037
-454.778
-436.008
-414.274
-395.95
-427.617
-412.284
-410.148
-436.206
-397.083
-423.751
-423.384
-425.074
-395.167
-385.532
-388.498
-395.192
-404.751
-422.389
-432.507
-418.924
-391.308
-391.237
-373.905
-423.641
-405.438
-396.198
-398.28
-366.569
-365.939
-363.119
-406.099
-393.455
-387.617
-423.098
-414.511
-415.345
-381.621
-416.06
-436.273
-411.006
-352.612
-382.226
-426.061
-413.31
-406.969
-390.628
-404.783
-396.737
-449.308
-400.837
-412.594
-398.872
-399.933
-427.018
-390.136
-399.299
-381.792
-412.598
-423.129
-421.926
-399.952
-353.952
-385.039
-380.104
-389.198
-384.423
-383.526
-395.679
-414.727
-409.614
-426.511
-423.664
-421.735
-412.177
-428.053
-422.214
-398.722
-403.507
-449.147
-434.709
-365.731
-401.355
-403.017
-417.688
-411.338
-385.669
-405.199
-418.576
-395.238
-377.818
-414.163
-373.473
-327.464
-338.751
-358.965
-365.678
-350.023
-385.744
-367.12
-384.233
-378.742
-414.978
-435.554
-426.406
-385.195
-430.029
-420.577
-428.6
-418.624
-411.646
-424.026
-353.485
-369.248
-365.454
-404.247
-420.151
-382.656
-380.138
-371.779
-380.602
-435.621
-390.905
-408.906
-424.156
-420.412
-404.029
-406.502
-467.186
-443.273
-454.818
-426.113
-477.546
-424.798
-419.294
-429.127
-445.414
-428.674
-406.187
-430.89
-413.025
-415.119
-432.103
-399.888
-419.436
-392.131
-427.425
-419.351
-418.939
-417.217
-424.269
-420.92
-398.562
-408.575
-432.423
-440.781
-367.912
-414.843
-422.315
-403.112
-386.452
-409.672
-400.878
-423.898
-413.093
-419.323
-432.129
-404.119
-417.175
-436.244
-388.709
-428.884
-405.0
-394.542
-432.623
-421.455
-399.681
-446.45
-442.109
-448.67
-412.276
-440.211
-408.83
-413.591
-416.385
-433.954
-397.166
-429.682
-420.397
-398.183
-406.362
-427.105
-448.71
-424.243
-399.742
-446.315
-414.883
-424.556
-397.872
-405.946
-421.238
-421.122
-410.035
-426.229
-419.718
-439.766
-385.799
-377.318
-410.711
-441.478
-421.504
-404.898
-414.278
-399.564
-429.333
-420.656
-416.792
-446.196
-408.855
-460.314
-406.531
-442.834
-423.976
-414.406
-369.769
-379.099
-386.089
-369.324
-379.661
-376.064
-390.318
-364.268
-373.001
-353.167
-368.389
-350.109
-403.524
-380.147
-368.109
-382.197
-356.831
-363.142
-339.9
-387.183
-341.552
-316.073
-407.39
-446.09
-391.263
-383.776
-365.08
-381.198
-384.732
-375.475
-398.382
-385.539
-390.539
-379.818
-362.491
-391.578
-365.208
-372.328
-345.269
-318.843
-358.624
-359.499
-362.445
-350.909
-358.797
-317.132
-355.723
-341.786
-359.812
-382.426
-388.76
-382.932
-412.089
-433.896
-418.395
-424.684
-432.305
-407.06
-422.525
-409.91
-387.52
-385.751
-415.039
-429.444
-419.716
-448.316
-413.202
-395.764
-405.149
-413.311
-379.623
-364.012
-400.683
-359.231
-367.433
-379.705
-402.61
-365.619
-355.025
-347.39
-362.992
-334.086
-376.448
-348.884
-363.614
-340.351
-372.036
-365.768
-382.515
-398.847
-450.259
-399.075
-388.692
-375.968
-376.785
-378.752
-399.073
-415.842
-405.285
-417.986
-400.011
-426.606
-324.801
-353.757
-359.591
-366.876
-367.824
-349.26
-408.57
-383.276
-409.969
-364.185
-387.029
-358.452
-374.677
-395.521
-366.45
-346.701
-348.076
-365.103
-372.734
-354.623
-382.938
-351.668
-419.731
-392.211
-367.117
-385.935
-389.566
-420.775
-378.596
-393.832
-407.718
-386.992
-421.342
-428.809
-363.031
-377.705
-373.463
-411.012
-382.799
-393.305
-411.048
-454.36
-446.548
-362.395
-403.128
-454.882
-412.458
-417.821
-425.267
-447.464
-445.4
-470.778
-451.855
-482.614
-472.907
-421.462
-434.333
-406.679
-411.266
-414.028
-455.376
-434.115
-482.36
-474.852
-448.061
-450.711
-464.879
-442.515
-474.593
-435.447
-496.038
-457.762
-452.075
-464.71
-454.494
-467.272
-458.491
-448.192
-455.609
-436.626
-424.364
-492.622
-390.693
-453.937
-433.075
-446.317
-480.425
-493.986
-479.177
-426.202
-448.807
-420.806
-431.221
-456.552
-450.048
-471.523
-468.366
-440.047
-369.96
-450.787
-419.625
-418.146
-428.061
-404.221
-436.838
-402.208
-443.128
-427.952
-440.935
-440.809
-451.947
-448.658
-448.028
-444.909
-445.172
-437.078
-474.044
-472.912
-463.077
-446.871
-448.968
-434.961
-468.032
-456.506
-426.626
-429.602
-429.364
-425.734
-410.453
-397.213
-412.147
-407.389
-427.633
-446.807
-433.154
-448.626
-446.032
-444.962
-429.689
-395.485
-372.038
-447.238
-442.365
-457.043
-457.369
-426.463
-427.495
-419.447
-450.756
-436.531
-460.881
-415.402
-411.029
-448.571
-424.074
-451.455
-407.53
-405.82
-406.094
-437.609
-325.178
-364.961
-356.064
-364.912
-374.455
-377.179
-382.802
-380.558
-385.168
-437.335
-416.183
-420.884
-400.218
-427.097
-459.214
-485.899
-440.298
-416.409
-456.53
-414.566
-427.387
-453.307
-452.9
-456.016
-388.176
-414.164
-430.882
-420.815
-407.192
-415.396
-418.154
-403.987
-424.377
-439.102
-464.258
-432.836
-431.453
-415.786
-430.851
-460.954
-392.55
-409.157
-459.063
-472.947
-435.107
-449.821
-429.145
-465.819
-520.637
-430.862
-461.081
-482.585
-485.287
-435.535
-481.482
-409.559
-413.133
-416.27
-398.207
-488.938
-518.838
-473.05
-465.268
-457.991
-467.262
-472.313
-463.243
-438.698
-444.148
-458.758
-441.524
-432.724
-429.948
-439.097
-429.238
-464.618
-473.576
-445.493
-441.674
-436.098
-452.25
-432.335
-463.263
-411.094
-438.858
-399.369
-376.351
-463.183
-449.245
-424.119
-445.33
-433.728
-424.265
-454.664
-468.695
-449.058
-457.827
-505.908
-449.566
-455.945
-464.578
-448.412
-447.192
-453.837
-454.865
-437.363
-401.014
-472.406
-471.518
-427.192
-446.81
-480.709
-457.914
-438.458
-463.256
-406.436
-440.377
-434.224
-405.674
-438.329
-426.747
-486.365
-441.508
-402.26
-470.402
-467.851
-469.528
-486.403
-449.851
-408.837
-446.228
-457.433
-429.687
-453.277
-450.213
-469.9
-480.826
-473.69
-502.779
-478.748
-499.126
-453.622
-499.17
-413.286
-508.943
-432.033
-412.749
-456.19
-450.195
-455.496
-412.392
-448.683
-434.309
-436.416
-441.686
-473.875
-412.646
-423.939
-481.723
-441.455
-354.347
-408.756
-415.799
-442.554
-452.645
-440.009
-382.052
-447.323
-399.576
-423.928
-445.714
-423.621
-508.403
-484.768
-442.655
-426.927
-441.126
-456.404
-456.65
-463.534
-453.33
-456.924
-472.877
-473.433
-457.418
-465.222
-455.844
-447.541
-440.74
-408.736
-428.928
-419.261
-448.308
-474.342
-407.959
-407.843
-485.139
-474.81
-427.062
-443.736
-438.609
-429.853
-451.008
-426.495
-411.908
-430.482
-427.219
-429.203
-464.381
-468.654
-408.836
-489.369
-426.07
-506.245
-517.813
-445.505
-473.077
-458.622
-455.39
-471.89
-489.436
-512.399
-429.137
-453.156
-502.747
-467.887
-472.314
-446.389
-476.84
-423.14
-387.565
-446.358
-384.344
-440.239
-397.859
-404.324
-421.19
-452.811
-429.587
-420.648
-461.924
-475.032
-488.852
-465.381
-483.868
-470.765
-453.809
-479.68
-466.472
-495.995
-449.221
-491.839
-486.258
-499.286
-412.378
-504.891
-443.48
-470.709
-453.053
-439.746
-487.083
-531.452
-500.577
-483.354
-524.532
-473.609
-423.958
-471.247
-516.794
-505.836
-477.385
-510.927
-539.898
-543.519
-553.824
-528.534
-518.512
-517.817
-480.911
-499.96
-512.576
-493.533
-509.828
-478.341
-508.004
-495.921
-526.163
-523.677
-521.257
-532.159
-504.431
-533.604
-526.454
-511.038
-483.554
-539.908
-521.682
-513.186
-520.019
-508.617
-516.195
-518.42
-505.486
-500.72
-526.153
-497.01
-521.5
-561.14
-540.06
-524.499
-502.568
-535.176
-537.387
-513.153
-453.44
-532.84
-472.424
-428.893
-463.78
-427.313
-498.383
-521.367
-528.235
-498.3
-531.359
-501.447
-473.419
-528.805
-497.536
-482.337
-472.896
-483.821
-492.849
-508.621
-527.005
-458.79
-490.225
-488.203
-479.955
-445.584
-453.37
-506.484
-523.689
-461.229
-480.364
-490.185
-465.205
-471.141
-525.306
-490.613
-505.605
-470.213
-463.738
-540.58
-485.415
-516.446
-459.055
-515.038
-506.456
-514.615
-476.57
-511.158
-522.196
-479.703
-509.997
-434.995
-509.949
-496.153
-496.816
