-54.06
-40.78
-42.36
-45.33
-40.85
-47.5
-46.34
-39.65
-41.79
-47.3
-43.1
-42.25
-34.62
-52.63
-39.93
-40.48
-38.8
-38.82
-43.84
-47.74
-40.22
-52.03
-38.48
-46.86
-51.97
-44.26
-49.66
-52.81
-44.42
-43.67
-51.97
-45.38
-44.24
-47.97
-46.25
-47.08
-38.86
-44.45
-40.85
-50.78
-52.31
-46.25
-52.87
-53.02
-48.28
-42.94
-43.8
-39.67
-54.5
-52.9
-57.11
-52.17
-50.69
-56.11
-51.69
-49.45
-49.32
-47.54
-50.03
-52.86
-52.51
-43.36
-47.36
-54.35
-40.29
-55.53
-58.98
-49.39
-43.38
-49.89
-48.88
-47.79
-52.01
-49.32
-47.79
-46.27
-38.77
-39.8
-47.99
-38.11
-45.92
-48.29
-50.37
-50.1
-39.71
-54.35
-53.47
-51.15
-45.31
-48.81
-41.38
-52.89
-43.73
-52.08
-43.95
-50.44
-47.02
-45.88
-50.03
-52.08
-46.91
-43.63
-45.65
-54.14
-47.92
-46.24
-42.58
-49.84
-52.81
-43.5
-46.43
-43.79
-49.84
-54.91
-44.88
-53.99
-45.85
-47.45
-52.47
-51.6
-52.81
-47.44
-52.52
-49.21
-51.68
-56.81
-48.04
-57.96
-47.5
-51.77
-48.87
-54.84
-51.91
-44.79
-45.62
-46.79
-50.81
-52.59
-54.59
-40.09
-38.75
-39.78
-47.85
-47.42
-37.47
-45.75
-42.01
-45.71
-44.55
-51.23
-49.9
