-0.223
-0.235
-0.2
-0.223
-0.278
-0.225
-0.25
-0.161
-0.299
-0.163
-0.121
-0.167
-0.069
-0.242
-0.238
-0.279
-0.117
-0.127
-0.166
-0.203
-0.187
-0.18
-0.069
-0.223
-0.097
-0.146
-0.176
-0.097
-0.258
-0.211
-0.263
-0.194
-0.207
-0.277
-0.18
-0.29
-0.253
-0.264
-0.271
-0.271
-0.201
-0.203
-0.245
-0.19
-0.145
-0.233
-0.166
-0.269
-0.225
-0.236
-0.202
-0.199
-0.229
-0.188
-0.209
-0.238
-0.125
-0.21
-0.214
-0.288
-0.247
-0.184
-0.216
-0.267
-0.179
-0.219
-0.239
-0.201
-0.189
-0.222
-0.228
-0.239
-0.252
-0.167
-0.22
-0.264
-0.249
-0.239
-0.169
-0.235
-0.202
-0.182
-0.298
-0.183
-0.183
-0.183
-0.215
-0.202
-0.17
-0.167
-0.207
-0.146
-0.149
-0.184
-0.261
-0.234
-0.226
-0.314
-0.258
-0.251
-0.256
-0.2
-0.164
-0.3
-0.234
-0.312
-0.187
-0.347
-0.219
-0.304
-0.169
-0.253
-0.261
-0.275
-0.23
-0.266
-0.243
-0.271
-0.298
-0.294
-0.274
-0.247
-0.235
-0.137
-0.15
-0.204
-0.253
-0.156
-0.226
-0.176
-0.216
-0.284
-0.245
-0.317
-0.445
-0.223
-0.287
-0.194
-0.144
-0.293
-0.066
-0.263
-0.225
-0.234
-0.235
-0.231
-0.252
-0.306
-0.257
-0.206
-0.293
-0.146
-0.233
-0.304
-0.344
-0.223
-0.224
-0.144
-0.214
-0.265
-0.264
-0.164
-0.188
-0.201
-0.211
-0.174
-0.235
-0.242
-0.148
-0.152
-0.181
-0.233
-0.22
-0.177
-0.168
-0.228
-0.127
-0.179
-0.332
-0.181
-0.207
-0.197
-0.189
-0.162
-0.247
-0.138
-0.104
-0.107
-0.147
-0.117
-0.156
-0.095
-0.092
-0.169
-0.258
-0.196
-0.216
-0.223
-0.275
-0.134
-0.221
-0.183
-0.177
-0.167
-0.208
-0.179
-0.186
-0.21
-0.166
-0.212
-0.149
-0.202
-0.2
-0.224
-0.178
-0.199
-0.158
-0.244
-0.172
-0.245
-0.138
-0.229
-0.216
-0.238
-0.316
-0.34
-0.225
-0.257
-0.349
-0.306
-0.262
-0.265
-0.203
-0.182
-0.163
-0.214
-0.138
-0.172
-0.314
-0.208
-0.275
-0.138
-0.336
-0.226
-0.248
-0.266
-0.194
-0.142
-0.207
-0.251
-0.238
-0.216
-0.157
-0.243
-0.204
-0.251
-0.264
-0.232
-0.217
-0.261
-0.289
-0.225
-0.217
-0.32
-0.318
-0.306
-0.352
-0.227
-0.189
-0.177
-0.239
-0.223
-0.203
-0.295
-0.243
-0.278
-0.224
-0.233
-0.209
-0.343
-0.266
-0.285
-0.287
-0.352
-0.29
-0.255
-0.232
-0.217
-0.233
-0.274
-0.281
-0.324
-0.181
-0.138
-0.137
-0.3
-0.3
-0.236
-0.287
-0.344
-0.387
-0.241
-0.253
-0.166
-0.22
-0.249
-0.275
-0.338
-0.234
-0.321
-0.295
-0.358
-0.355
-0.37
-0.409
-0.277
-0.325
-0.41
-0.3
-0.22
-0.216
-0.305
-0.316
-0.318
-0.292
-0.297
-0.267
-0.196
-0.301
-0.279
-0.306
-0.192
-0.337
-0.278
-0.204
-0.411
-0.281
-0.411
-0.23
-0.276
-0.306
-0.307
-0.187
-0.305
-0.296
-0.292
-0.329
-0.211
-0.1
-0.316
-0.227
-0.227
-0.218
-0.116
-0.287
-0.266
-0.18
-0.36
-0.205
-0.216
-0.256
-0.123
-0.196
-0.216
-0.272
-0.223
-0.153
-0.137
-0.17
-0.267
-0.168
-0.31
-0.225
-0.178
-0.258
-0.17
-0.259
-0.348
-0.167
-0.316
-0.269
-0.301
-0.209
-0.264
-0.232
-0.346
-0.324
-0.236
-0.242
-0.216
-0.236
-0.294
-0.241
-0.291
-0.261
-0.21
-0.243
-0.276
-0.313
-0.384
-0.281
-0.18
-0.273
-0.251
-0.245
-0.27
-0.299
-0.172
-0.307
-0.236
-0.226
-0.174
-0.257
-0.243
-0.228
-0.292
-0.283
-0.372
-0.272
-0.235
-0.357
-0.366
-0.305
-0.348
-0.256
-0.319
-0.324
-0.287
-0.241
-0.327
-0.215
-0.336
-0.291
-0.217
-0.295
-0.387
-0.204
-0.267
-0.281
-0.217
-0.386
-0.305
-0.248
-0.353
-0.295
-0.359
-0.34
-0.219
-0.291
-0.427
-0.24
-0.288
-0.392
-0.358
-0.364
-0.337
-0.299
-0.29
-0.384
-0.411
-0.49
-0.35
-0.392
-0.368
-0.369
-0.308
-0.521
-0.328
-0.328
-0.317
-0.366
-0.312
-0.249
-0.374
-0.287
-0.462
-0.345
-0.339
-0.368
-0.37
-0.364
-0.322
-0.445
-0.426
-0.402
-0.448
-0.393
-0.34
-0.306
-0.318
-0.337
-0.433
-0.355
-0.405
-0.339
-0.265
-0.398
-0.297
-0.347
-0.355
-0.334
-0.375
-0.272
-0.291
-0.338
-0.382
-0.429
-0.244
-0.45
-0.38
-0.404
-0.262
-0.367
-0.398
-0.446
-0.314
-0.342
-0.408
-0.361
-0.346
-0.283
-0.355
-0.358
-0.303
-0.255
-0.284
-0.172
-0.332
-0.204
-0.246
-0.103
-0.301
-0.277
-0.307
-0.275
-0.239
-0.358
-0.346
-0.357
-0.272
-0.27
-0.231
-0.363
-0.247
-0.21
-0.177
-0.285
-0.289
-0.28
-0.264
-0.246
-0.333
-0.251
-0.295
-0.28
-0.282
-0.309
-0.295
-0.246
-0.268
-0.323
-0.108
-0.204
-0.239
-0.176
-0.382
-0.287
-0.223
-0.275
-0.363
-0.236
-0.277
-0.243
-0.295
-0.23
-0.262
-0.19
-0.304
-0.254
-0.172
-0.254
-0.202
-0.33
-0.395
-0.206
-0.454
-0.158
-0.225
-0.19
-0.243
-0.322
-0.21
-0.271
-0.323
-0.322
-0.206
-0.179
-0.402
-0.272
-0.29
-0.332
-0.219
-0.194
-0.181
-0.137
-0.19
-0.264
-0.196
-0.252
-0.286
-0.251
-0.115
-0.182
-0.234
-0.218
-0.271
-0.169
-0.311
-0.244
-0.235
-0.203
-0.154
-0.261
-0.193
-0.198
-0.311
-0.357
-0.245
-0.19
-0.321
-0.26
-0.359
-0.327
-0.374
-0.306
-0.221
-0.224
-0.297
-0.272
-0.257
-0.332
-0.206
-0.261
-0.23
-0.348
-0.372
-0.458
-0.231
-0.326
-0.419
-0.35
-0.259
-0.298
-0.37
-0.191
-0.216
-0.224
-0.291
-0.301
-0.229
-0.24
-0.274
-0.259
-0.231
-0.265
-0.198
-0.272
-0.284
-0.258
-0.208
-0.279
-0.187
-0.278
-0.298
-0.269
-0.201
-0.372
-0.273
-0.183
-0.197
-0.296
-0.192
-0.201
-0.229
-0.246
-0.262
-0.262
-0.313
-0.327
-0.221
-0.275
-0.297
-0.321
-0.293
-0.486
-0.357
-0.226
-0.384
-0.471
-0.308
-0.261
-0.382
-0.304
-0.331
-0.233
-0.304
-0.207
-0.302
-0.213
-0.229
-0.15
-0.179
-0.32
-0.251
-0.331
-0.249
-0.233
-0.174
-0.209
-0.317
-0.23
-0.255
-0.206
-0.239
-0.262
-0.297
-0.187
-0.271
-0.197
-0.292
-0.184
-0.197
-0.137
-0.124
-0.343
-0.188
-0.129
-0.136
-0.226
-0.184
-0.285
-0.201
-0.115
-0.236
-0.161
-0.19
-0.148
-0.264
-0.125
-0.269
-0.341
-0.36
-0.374
-0.259
-0.332
-0.413
-0.354
-0.282
-0.359
-0.315
-0.239
-0.405
-0.305
-0.335
-0.246
-0.367
-0.365
-0.352
-0.298
-0.224
-0.232
-0.174
-0.149
-0.11
-0.22
-0.302
-0.203
-0.14
-0.197
-0.159
-0.183
-0.198
-0.291
-0.149
-0.226
-0.227
-0.278
-0.263
-0.178
-0.201
-0.184
-0.144
-0.074
-0.362
-0.29
-0.245
-0.159
-0.188
-0.244
-0.332
-0.133
-0.271
-0.254
-0.204
-0.186
-0.227
-0.21
-0.198
-0.235
-0.344
-0.297
-0.197
-0.184
-0.167
-0.253
-0.313
-0.284
-0.291
-0.328
-0.272
-0.454
-0.219
-0.185
-0.405
-0.251
-0.326
-0.26
-0.263
-0.314
-0.267
-0.218
-0.252
-0.3
-0.357
-0.186
-0.215
-0.311
-0.368
-0.354
-0.206
-0.215
-0.175
-0.22
-0.217
-0.228
-0.255
-0.258
-0.179
-0.217
-0.23
-0.213
-0.234
-0.227
-0.199
-0.185
-0.334
-0.193
-0.337
-0.433
-0.275
-0.325
-0.233
-0.283
-0.23
-0.15
-0.228
-0.278
-0.32
-0.345
-0.209
-0.187
-0.216
-0.169
-0.269
-0.288
-0.225
-0.211
-0.201
-0.393
-0.236
-0.247
-0.219
-0.315
-0.25
-0.208
-0.369
-0.288
-0.282
-0.214
-0.302
-0.277
-0.314
-0.286
-0.338
-0.37
-0.182
-0.368
-0.258
-0.291
-0.174
-0.274
-0.374
-0.302
-0.237
-0.274
-0.298
-0.245
-0.27
-0.276
-0.309
-0.298
-0.436
-0.263
-0.32
-0.342
-0.372
-0.24
-0.31
-0.226
-0.22
-0.311
-0.263
-0.267
-0.442
-0.218
-0.354
-0.344
-0.198
-0.283
-0.249
-0.334
-0.183
-0.363
-0.254
-0.174
-0.186
-0.298
-0.098
-0.237
-0.265
-0.277
-0.248
-0.265
-0.264
-0.308
-0.182
-0.206
-0.247
-0.31
-0.305
-0.194
