-0.415
-0.564
-0.426
-0.434
-0.403
-0.54
-0.461
-0.497
-0.607
-0.467
-0.525
-0.533
-0.558
-0.431
-0.564
-0.514
-0.649
-0.723
-0.456
-0.576
-0.554
-0.549
-0.619
-0.526
-0.509
-0.39
-0.372
-0.418
-0.408
-0.552
-0.349
-0.491
-0.648
-0.463
-0.38
-0.414
-0.397
-0.47
-0.461
-0.305
-0.559
-0.424
-0.453
-0.585
-0.627
-0.625
-0.448
-0.423
-0.443
-0.344
-0.416
-0.604
-0.593
-0.497
-0.495
-0.578
-0.527
-0.519
-0.455
-0.482
-0.47
-0.527
-0.555
-0.526
-0.591
-0.371
-0.515
-0.558
-0.401
-0.366
-0.459
-0.431
-0.651
-0.39
-0.434
-0.499
-0.352
-0.437
-0.316
-0.35
-0.502
-0.656
-0.536
-0.376
-0.394
-0.475
-0.596
-0.564
-0.507
-0.388
-0.341
-0.278
-0.566
-0.476
-0.512
-0.279
-0.361
-0.416
-0.466
-0.256
-0.551
-0.394
-0.509
-0.534
-0.472
-0.393
-0.387
-0.593
-0.552
-0.34
-0.414
-0.39
-0.388
-0.484
-0.529
-0.496
-0.389
-0.506
-0.485
-0.463
-0.698
-0.565
-0.566
-0.309
-0.368
-0.4
-0.512
-0.562
-0.506
-0.45
-0.426
-0.34
-0.473
-0.352
-0.521
-0.359
-0.342
-0.46
-0.373
-0.347
-0.283
-0.425
-0.409
-0.473
-0.451
-0.492
-0.493
-0.349
-0.278
-0.284
-0.524
-0.266
-0.438
-0.471
-0.427
-0.332
-0.481
-0.289
-0.556
-0.215
-0.409
-0.484
-0.382
-0.428
-0.578
-0.375
-0.408
-0.439
-0.399
-0.298
-0.59
-0.456
-0.378
-0.291
-0.36
-0.474
-0.363
-0.33
-0.598
-0.373
-0.394
-0.382
-0.393
-0.436
-0.407
-0.333
-0.321
-0.337
-0.505
-0.439
-0.362
-0.481
-0.289
-0.295
-0.364
-0.556
-0.333
-0.507
-0.325
-0.46
-0.53
-0.456
-0.363
-0.329
-0.406
-0.331
-0.405
-0.296
-0.443
-0.331
-0.33
-0.485
-0.483
-0.476
-0.479
-0.381
-0.342
-0.519
-0.372
-0.274
-0.589
-0.353
-0.353
-0.547
-0.45
-0.52
-0.397
-0.396
-0.482
-0.44
-0.465
-0.58
-0.521
-0.615
-0.558
-0.288
-0.542
-0.429
-0.402
-0.508
-0.332
-0.399
-0.364
-0.457
-0.291
-0.394
-0.331
-0.396
-0.449
-0.411
-0.435
-0.395
-0.48
-0.287
-0.439
-0.408
-0.332
-0.387
-0.467
-0.351
-0.472
-0.374
-0.353
-0.491
-0.407
-0.388
-0.597
-0.435
-0.515
-0.587
-0.421
-0.498
-0.467
-0.415
-0.45
-0.554
-0.4
-0.46
-0.417
-0.442
-0.553
-0.521
-0.538
-0.495
-0.466
-0.577
-0.499
-0.768
-0.655
-0.455
-0.542
-0.645
-0.449
-0.513
-0.608
-0.596
-0.567
-0.611
-0.582
-0.69
-0.675
-0.632
-0.817
-0.702
-0.528
-0.693
-0.583
-0.494
-0.447
-0.678
-0.607
-0.547
-0.689
-0.657
-0.504
-0.555
-0.602
-0.71
-0.616
-0.627
-0.509
-0.589
-0.573
-0.552
-0.646
-0.613
-0.571
-0.747
-0.681
-0.616
-0.667
-0.795
-0.582
-0.593
-0.591
-0.579
-0.513
-0.531
-0.585
-0.681
-0.591
-0.549
-0.513
-0.637
-0.748
-0.438
-0.892
-0.695
-0.794
-0.711
-0.582
-0.587
-0.395
-0.624
-0.795
-0.623
-0.767
-0.626
-0.615
-0.594
-0.869
-0.674
-0.614
-0.543
-0.491
-0.642
-0.465
-0.638
-0.555
-0.609
-0.645
-0.449
-0.476
-0.607
-0.618
-0.437
-0.623
-0.691
-0.59
-0.697
-0.789
-0.55
-0.547
-0.511
-0.483
-0.478
-0.565
-0.398
-0.531
-0.537
-0.566
-0.673
-0.539
-0.534
-0.686
-0.688
-0.612
-0.456
-0.471
-0.492
-0.66
-0.74
-0.725
-0.638
-0.48
-0.538
-0.678
-0.503
-0.678
-0.642
-0.49
-0.666
-0.578
-0.64
-0.655
-0.617
-0.603
-0.715
-0.535
-0.592
-0.5
-0.669
-0.45
-0.622
-0.411
-0.473
-0.556
-0.47
-0.654
-0.551
-0.544
-0.517
-0.641
-0.74
-0.722
-0.662
-0.745
-0.538
-0.894
-0.425
-0.621
-0.601
-0.597
-0.787
-0.692
-0.613
-0.526
-0.571
-0.533
-0.639
-0.578
