-115.8
-115.85
-100.67
-105.16
-116.03
-112.33
-119.7
-118.38
-119.79
-119.08
-119.77
-120.32
-116.33
-118.93
-111.44
-109.6
-122.26
-118.98
-118.78
-122.77
-110.7
-109.15
-117.94
-106.69
-112.05
-110.43
-108.84
-113.41
-104.72
-105.32
-115.75
-116.89
-111.14
-110.95
-114.09
-111.94
-102.43
-101.08
-111.02
-107.59
-112.72
-110.03
-112.15
-110.02
-117.69
-120.07
-121.33
-102.32
-110.83
-106.55
-111.85
-116.8
-115.04
-105.09
-109.68
-117.97
-115.87
-115.36
-117.9
-114.33
-120.85
-110.07
-109.77
-116.1
-124.62
-118.19
-113.54
-112.75
-112.17
-115.81
-115.92
-119.79
-110.85
-125.0
-110.21
-114.98
-113.91
-115.95
-123.61
-108.82
-112.52
-105.2
-111.16
-111.44
-114.16
-100.72
-100.68
-109.34
-112.76
-108.6
-106.57
-116.09
-120.82
-108.47
-100.57
-110.02
-109.62
-106.98
-115.17
-110.05
-106.71
-112.37
-104.52
-103.9
-110.43
-110.47
-114.4
-116.68
-109.91
-103.75
-107.75
-100.49
-107.86
-107.41
-103.01
-104.53
-110.9
-107.86
-111.06
-113.62
-105.77
-111.47
-104.56
-105.33
-102.47
-116.19
-116.1
-117.38
-110.53
-105.68
-111.45
-105.14
-99.66
-111.38
-101.66
-109.74
-108.87
-114.18
-120.0
-109.75
-115.06
-117.28
-113.0
-115.92
-121.27
-118.57
-122.3
-109.1
-117.9
-114.38
-106.54
-102.71
-117.89
-119.13
-119.69
-113.91
-116.99
-102.58
-109.76
-100.96
-114.54
-122.33
-111.94
-118.33
-115.38
-113.23
-118.85
-112.55
-102.13
-108.42
-107.25
-113.06
-113.52
-106.47
-114.21
-114.38
-112.77
-109.9
-113.56
-112.25
-115.27
-108.04
-114.17
-112.22
-116.98
-110.76
-117.09
-110.8
-123.11
-113.79
-106.08
-100.98
-112.03
-111.1
-107.36
-112.08
-114.66
-107.34
-122.6
-103.26
-111.71
-112.69
-111.91
-102.67
-119.11
-109.7
-111.04
-113.13
-112.11
-112.63
-119.28
-116.97
-114.63
-115.16
-116.09
-114.67
-115.89
-111.94
-116.59
-107.95
-108.43
-121.59
-116.34
-108.4
-109.69
-106.53
-104.96
-103.34
-113.14
-107.94
-116.29
-110.93
-111.63
-111.41
-115.85
-112.77
-107.42
-113.51
-106.29
-108.01
-105.57
-102.24
-113.07
-110.41
-123.69
-111.17
-106.67
-113.92
-105.62
-108.25
-113.48
-108.45
-113.36
-113.02
-110.73
-115.72
-102.69
-105.3
-112.97
-115.46
-116.92
-108.15
-120.22
-110.09
-113.12
-116.72
-116.85
-125.27
-114.35
-107.67
-117.34
-119.8
-101.57
-115.08
-114.8
-118.18
-114.81
-121.03
-123.52
-120.32
-122.28
-116.41
-118.94
-116.62
-115.95
-125.83
-116.36
-112.89
-115.65
-120.49
-116.73
-111.05
-114.95
-122.83
-119.96
-111.9
-109.38
-110.02
-118.79
-112.54
-113.19
-117.88
-118.66
-127.2
-122.98
-111.73
-116.64
-118.05
-113.37
-114.72
-120.53
-120.3
-114.99
-122.59
-105.82
-107.45
-102.46
-117.22
-105.19
-104.97
-118.59
-101.17
-112.03
-113.32
-114.36
-108.79
-117.03
-115.64
-118.6
-113.35
-117.1
-128.75
-114.42
-119.39
-117.44
-109.09
-105.94
-106.1
-110.2
-100.35
-113.57
-121.6
-111.74
-112.3
-124.89
-110.87
-130.67
-113.45
-109.43
-127.46
-124.4
-122.85
-125.22
-118.08
-121.49
-115.04
-113.79
-123.01
-118.02
-117.12
-124.46
-117.64
-128.23
-120.99
-127.4
-121.86
-119.22
-116.98
-112.37
-107.8
-101.54
-125.03
-108.14
-116.52
-117.61
-123.23
-126.9
-117.95
-113.02
-112.18
-125.31
-115.88
-110.45
-109.02
-100.5
-111.03
-107.61
-110.54
-109.71
-105.72
-114.77
-105.38
-113.52
-123.89
-116.91
-123.15
-120.51
-114.22
-117.54
-118.34
-123.68
-122.48
-118.77
-121.27
-123.29
-120.16
-107.51
-118.45
-124.61
-125.19
-129.08
-121.19
-114.12
-117.84
-115.02
-113.03
-118.11
-113.68
-110.66
-110.73
-116.45
-112.82
-116.95
-107.36
-120.74
-129.64
-118.84
-120.12
-119.83
-127.49
-119.79
-116.38
-128.25
-128.77
-122.18
-127.96
-129.76
-124.4
-115.2
-118.72
-116.32
-124.48
-120.61
-115.57
-122.6
-121.65
-120.87
-129.94
-120.91
-117.04
-120.66
