-707.725
-692.942
-722.321
-673.227
-749.99
-754.783
-827.218
-744.988
-766.556
-759.794
-781.537
-741.406
-760.745
-730.844
-749.245
-757.242
-801.867
-809.317
-734.959
-771.851
-753.681
-706.311
-740.048
-719.803
-658.522
-700.253
-693.322
-707.493
-633.424
-735.299
-670.267
-696.167
-697.755
-699.949
-724.569
-734.07
-687.412
-726.052
-724.034
-725.852
-767.029
-685.992
-680.215
-774.63
-713.679
-742.365
-708.075
-727.111
-727.786
-759.167
-766.123
-725.16
-747.587
-725.115
-712.166
-733.713
-841.104
-777.02
-711.861
-738.596
-770.298
-749.013
-680.039
-736.597
-796.383
-780.888
-721.38
-749.079
-708.467
-784.025
-811.796
-763.46
-669.719
-737.76
-677.614
-768.341
-737.977
-718.065
-775.59
-691.341
-763.318
-714.363
-748.981
-715.785
-750.885
-752.937
-674.655
-704.162
-695.311
-690.626
-708.524
-645.694
-684.885
-701.933
-704.589
-664.771
-649.121
-676.578
-707.509
-734.206
-699.735
-706.997
-673.683
-718.633
-670.902
-688.641
-673.931
-684.645
-672.817
-711.507
-677.744
-704.863
-736.406
-679.478
-715.624
-738.017
-787.277
-759.246
-706.458
-770.99
-742.752
-696.705
-730.041
-639.162
-673.924
-730.705
-687.985
-717.753
-754.864
-725.584
-754.097
-706.318
-650.609
-685.469
-741.623
-674.439
-725.426
-713.651
-704.905
-702.888
-740.587
-744.081
-713.655
-693.968
-707.556
-749.062
-749.413
-767.827
-757.27
-742.47
-648.333
-696.566
-663.801
-729.47
-686.381
-699.735
-723.419
-684.803
-719.354
-650.807
-738.496
-716.293
-700.593
-739.015
-680.138
-729.443
-709.621
-740.508
-679.902
-621.248
-657.885
-654.988
-610.6
-672.435
-708.412
-730.168
-660.871
-643.39
-700.656
-704.701
-713.564
-781.068
-724.681
-708.14
-741.608
-689.185
-774.061
-732.394
-727.27
-727.457
-698.852
-669.985
-683.596
-691.078
-670.535
-712.519
-634.284
-691.852
-719.9
-666.446
-686.514
-702.357
-669.91
-679.83
-774.083
-725.527
-621.886
-657.728
-701.24
-673.273
-695.335
-692.413
-702.549
-695.786
-700.601
-707.716
-689.724
-662.331
-749.225
-665.112
-707.04
-717.461
-657.987
-699.504
-681.916
-679.935
-632.493
-669.429
-714.193
-642.428
-685.494
-645.903
-671.82
-681.509
-671.917
-727.99
-732.584
-713.588
-701.477
-701.414
-690.569
-666.409
-672.855
-682.9
-736.441
-673.703
-718.424
-736.819
-728.362
-695.479
-696.844
-710.059
-734.363
-695.126
-703.776
-693.643
-692.586
-625.107
-737.817
-731.704
-727.939
-726.851
-749.965
-747.926
-731.098
-731.38
-762.869
-747.656
-707.998
-722.441
-750.52
-772.078
-751.361
-731.084
-700.092
-731.771
-696.834
-731.601
-693.176
-728.13
-752.537
-725.536
-722.731
-762.304
-680.639
-762.965
-757.065
-742.177
-723.825
-766.679
-728.918
-729.513
-777.218
-728.876
-758.178
-700.411
-715.031
-714.188
-742.324
-725.185
-723.334
-810.029
-775.467
-814.308
-730.767
-762.848
-762.092
-726.138
-779.119
-760.681
-777.179
-729.686
-751.245
-724.351
-696.846
-720.146
-765.611
-751.369
-703.616
-701.127
-719.508
-687.551
-725.021
-726.021
-722.865
-721.716
-711.584
-742.103
-770.085
-727.059
-764.012
-741.084
-713.328
-783.583
-784.395
-718.36
-760.642
-725.396
-671.415
-629.637
-687.61
-682.206
-706.739
-699.554
-686.674
-753.062
-757.279
-691.877
-789.388
-768.926
-721.493
-764.527
-747.45
-746.163
-761.891
-784.947
-798.051
-759.593
-764.009
-760.417
-771.5
-782.115
-795.929
-800.006
-805.692
-760.244
-803.215
-810.693
-762.191
-741.547
-714.344
-745.293
-732.863
-712.027
-726.152
-791.745
-775.306
-769.437
-761.158
-769.293
-792.033
-680.883
-737.31
-671.388
-689.26
-711.117
-746.646
-740.992
-709.72
-747.782
-705.302
-732.648
-723.682
-743.786
-753.411
-686.242
-773.71
-726.984
-704.414
-781.83
-774.533
-797.764
-791.695
-755.005
-777.214
-794.283
-823.985
-790.624
-823.604
-771.44
-802.024
-783.943
-726.837
-784.417
-743.007
-744.679
-700.8
-720.709
-724.643
-737.786
-708.912
-685.89
-755.735
-769.498
-705.149
-815.287
-774.077
-768.7
-799.54
-796.997
-826.254
-812.362
-840.009
-841.84
-762.248
-892.217
-828.057
-757.987
-728.749
-721.546
-719.076
-749.999
-751.163
-820.726
-731.019
-795.279
-738.601
-752.593
-717.001
-762.935
-764.969
