-125.09
-128.01
-122.6
-115.06
-101.11
-123.2
-135.54
-135.68
-117.92
-125.39
-120.9
-126.08
-114.65
-135.51
-130.96
-122.51
-118.06
-119.78
-115.58
-140.31
-135.67
-118.59
-119.22
-121.77
-118.89
-132.76
-115.95
-123.92
-127.59
-115.63
-132.22
-126.26
-126.48
-120.01
-126.63
-115.22
-110.45
-113.75
-117.96
-118.59
-116.11
-114.04
-129.33
-119.71
-105.61
-108.56
-102.96
-104.04
-113.6
-111.34
-105.45
-114.91
-109.55
-108.65
-108.87
-115.96
-122.34
-113.99
-110.39
-110.74
-101.22
-117.78
-109.53
-112.34
-114.91
-118.14
-121.31
-135.7
-114.51
-133.19
-119.89
-117.85
-96.95
-104.57
-106.26
-119.63
-115.87
-134.15
-123.8
-122.83
-120.14
-118.88
-88.5
-110.63
-124.99
-113.32
-111.67
-112.88
-126.12
-127.49
-117.92
-115.48
-129.17
-125.82
-121.48
-125.57
-136.63
-123.54
-127.95
-117.09
-116.18
-103.4
-123.69
-138.18
-112.47
-125.15
-120.75
-113.03
-121.24
-112.49
-121.35
-135.08
-107.7
-121.31
-128.24
-116.97
-118.57
-120.09
-114.43
-112.15
-109.63
-114.7
-100.03
-110.2
-123.33
-127.85
-101.49
-109.81
-132.75
-103.41
-118.21
-126.52
-130.81
-131.25
-130.15
-117.17
-138.53
-123.67
-131.42
-129.47
-112.8
-112.99
-118.48
-118.14
-119.07
-121.32
-109.44
-109.94
-117.62
-111.71
