-119.61
-127.92
-123.0
-119.94
-130.59
-135.66
-138.75
-130.02
-141.98
-127.48
-109.6
-127.99
-133.34
-142.06
-121.45
-130.28
-140.12
-145.67
-132.2
-147.65
-139.57
-141.12
-141.08
-135.63
-135.89
-143.53
-126.53
-135.98
-126.05
-137.02
-146.58
-152.1
-142.26
-137.56
-148.08
-128.77
-122.02
-110.44
-119.41
-124.77
-134.18
-141.47
-142.34
-137.67
-138.55
-127.5
-127.14
-143.1
-130.09
-141.44
-135.88
-129.65
-134.04
-128.65
-145.83
-126.7
-141.15
-142.26
-133.19
-110.34
-148.57
-128.96
-127.52
-133.98
-141.33
-144.66
-132.28
-135.43
-134.29
-129.5
-125.75
-121.81
-130.19
-116.03
-117.87
-122.02
-127.01
-128.63
-129.19
-114.24
-120.87
-135.99
-118.33
-108.86
-119.81
-130.28
-125.28
-111.63
-125.15
-112.4
-122.39
-137.2
-119.46
-107.94
-123.54
-109.7
-138.31
-126.99
-129.4
-125.12
-121.99
-122.54
-126.14
-115.84
-128.94
-119.58
-110.84
-118.6
-113.32
-130.42
-127.19
-119.47
-114.23
-115.2
-116.2
-127.61
-107.4
-110.34
-109.24
-130.0
-117.23
-137.65
-112.61
-113.76
-115.14
-116.21
-115.13
-121.07
-103.72
-118.31
-107.92
-110.51
-108.95
-106.59
-110.49
-112.1
-120.64
-115.55
-114.31
-118.7
-104.13
-125.33
-109.98
-115.04
-118.88
-117.66
-117.97
-121.05
-120.53
-110.68
