-748.82
-765.001
-788.46
-747.609
-785.226
-791.25
-736.219
-789.467
-817.645
-772.076
-749.026
-719.543
-727.359
-722.548
-795.301
-741.219
-746.779
-700.026
-696.552
-727.979
-698.817
-694.022
-761.86
-731.464
-699.395
-730.513
-762.583
-713.951
-751.908
-766.81
-665.393
-693.436
-649.858
-700.244
-660.202
-729.959
-705.366
-683.964
-692.945
-729.752
-696.091
-660.255
-709.686
-716.942
-670.258
-701.913
-672.131
-701.428
-706.599
-747.567
-705.142
-715.063
-671.646
-702.213
-667.497
-748.944
-694.174
-704.945
-729.276
-675.135
-652.259
-701.143
-704.092
-723.371
-718.918
-724.37
-724.721
-717.995
-712.57
-763.436
-754.583
-748.305
-780.858
-790.91
-765.412
-785.175
-715.424
-671.495
-736.64
-746.609
-751.694
-783.273
-728.919
-741.318
-788.955
-750.86
-704.146
-670.061
-702.641
-736.975
-803.328
-746.585
-735.965
-743.926
-784.108
-715.738
-730.693
-732.785
-706.443
-806.443
-750.991
-773.083
-734.676
-743.356
-834.283
-668.928
-721.449
-745.28
-759.494
-683.974
-735.482
-738.871
-712.737
-758.728
-782.615
-795.122
-715.947
-800.264
-739.482
-733.371
-722.774
-672.34
-685.982
-678.815
-746.997
-695.612
-718.286
-718.998
-712.603
-690.344
-700.574
-728.901
-697.07
-685.754
-678.949
-733.255
-645.814
-656.599
-710.195
-694.664
-672.785
-727.662
-681.653
-683.796
-698.811
-637.109
-732.694
-694.906
-725.321
-740.702
-693.827
-723.86
-708.052
-666.622
-733.033
-714.923
-651.271
-642.801
-704.864
-717.913
-718.872
-686.651
-658.43
-685.977
-671.539
-679.649
-610.081
-671.654
-670.655
-725.169
-639.306
-683.059
-661.61
-668.264
-749.44
-710.412
-663.655
-684.966
-666.085
-700.545
-679.772
-636.072
-645.157
-649.163
-698.935
-698.951
-709.849
-662.529
-671.341
-654.363
-648.803
-655.58
-669.689
-636.528
-653.907
-652.777
-695.678
-708.334
-613.633
-655.847
-644.913
-659.521
-653.405
-630.913
-608.131
-610.415
-673.607
-645.637
-645.28
-720.912
-672.422
-632.206
-677.035
-632.759
-666.109
-667.556
-640.115
-695.394
-715.936
-712.023
-694.67
-666.838
-654.091
-645.908
-669.784
-650.156
-699.94
-700.69
-715.071
-739.47
-705.991
-745.721
-705.942
-749.021
-703.512
-688.259
-726.548
-716.867
-698.17
-723.726
-692.049
-682.036
-646.532
-717.168
-701.235
-728.183
-697.04
-725.778
-712.525
-755.081
-733.338
-732.374
-724.595
-706.081
-639.228
-696.809
-729.368
-716.822
-700.3
-735.113
-699.7
-661.228
-718.512
-692.928
-700.024
-720.339
-724.238
-694.557
-706.29
-690.325
-698.792
-672.855
-684.558
-719.972
-660.513
-692.92
-650.863
-718.731
-659.32
-710.676
-689.514
-676.087
-695.144
-720.207
-704.694
-696.722
-715.199
-720.584
-652.194
-680.684
-669.21
-692.026
-666.563
-653.171
-659.938
-677.916
-665.384
-735.824
-700.826
-667.752
-713.559
-674.451
-714.818
-635.859
-671.787
-691.716
-670.8
-672.332
-652.059
-661.598
-648.511
-677.195
-630.41
-646.825
-643.824
-604.628
-591.009
-655.737
-667.632
-631.078
-581.603
-625.253
-590.723
-614.67
-649.519
-622.89
-606.873
-586.159
-633.2
-638.712
-623.183
-625.082
-604.93
-631.096
-581.097
-604.069
-641.122
-645.01
-582.845
-538.879
-570.566
-534.836
-586.738
-585.794
-586.279
-581.626
-595.301
-604.508
-601.988
-572.596
-633.312
-602.568
-571.146
-659.579
-610.663
-570.105
-615.073
-613.508
-585.0
-583.449
-652.6
-623.541
-643.219
-578.571
-634.255
-586.632
-611.093
-587.463
-594.293
-654.981
-605.808
-572.968
-585.429
-529.252
-545.081
-538.909
-573.986
-573.619
-575.957
-514.222
-595.24
-575.349
-569.716
-574.879
-549.974
-530.638
-624.755
-597.872
-593.157
-531.13
-517.621
-609.743
-615.335
-590.074
-618.319
-604.895
-569.755
-607.382
-607.68
-588.295
-579.504
-588.325
-600.531
-628.353
-640.485
-620.871
-676.038
-589.129
-641.438
-608.603
-616.13
-614.836
-624.762
-597.601
-624.191
-622.72
-640.946
-618.681
-621.223
-648.457
-645.202
-622.329
-688.507
-683.351
-648.179
-637.069
-585.651
-652.627
-596.992
-627.914
-628.129
-625.723
-657.044
-628.515
-581.228
-618.093
-631.477
-548.254
-568.531
-680.572
-642.636
-610.703
-631.395
-635.394
-616.812
-609.239
-608.349
-611.865
-625.283
-540.243
-571.031
