-118.73
-117.95
-115.26
-119.47
-115.17
-114.26
-119.46
-113.44
-123.48
-106.33
-117.45
-117.7
-110.52
-105.64
-112.59
-114.04
-111.98
-113.33
-116.18
-117.51
-109.34
-115.55
-125.46
-108.95
-111.86
-114.26
-122.81
-120.04
-104.78
-113.41
-97.54
-116.23
-113.24
-109.8
-103.88
-101.05
-107.31
-108.51
-113.84
-106.92
-107.23
-113.64
-113.91
-116.17
-109.26
-113.6
-115.74
-113.35
-123.02
-114.74
-124.89
-111.39
-120.68
-116.39
-116.34
-122.44
-111.64
-110.82
-120.16
-116.83
-111.22
-112.38
-124.37
-112.91
-109.31
-117.58
-109.42
-127.02
-118.93
-123.75
-117.02
-125.42
-118.54
-124.8
-113.36
-122.47
-115.17
-120.69
-117.9
-118.36
-117.54
-124.66
-119.97
-121.52
-123.6
-111.26
-115.04
-122.33
-108.79
-127.32
-115.22
-120.49
-120.77
-120.23
-125.7
-117.62
-116.77
-125.84
-125.4
-130.47
-118.82
-125.66
-121.24
-116.74
-123.35
-109.93
-113.45
-117.78
-125.63
-97.41
-113.93
-111.64
-108.97
-122.5
-115.65
-131.09
-118.44
-121.02
-115.44
-121.95
-113.42
-112.84
-114.71
-113.68
-110.77
-114.67
-117.59
-113.11
-120.42
-109.96
-103.87
-110.73
-115.34
-101.13
-105.88
-117.76
-110.73
-112.39
-114.13
-101.82
-107.96
-114.91
-106.25
-109.69
-112.78
-105.43
-110.64
-117.92
-114.63
-98.12
-106.04
-95.41
-107.09
-113.76
-113.41
-101.55
-105.86
-118.01
-102.51
-113.04
-110.49
-104.57
-113.77
-109.65
-109.54
-100.05
-113.48
-109.54
-99.01
-113.02
-108.55
-111.47
-108.44
-99.46
-100.54
-111.36
-102.97
-106.24
-104.96
-117.97
-104.99
-100.36
-89.8
-98.97
-90.28
-99.27
-114.25
-110.05
-110.55
-104.22
-99.79
-101.4
-109.41
-104.14
-112.59
-100.44
-115.76
-102.63
-99.56
-94.12
-103.65
-108.37
-100.8
-99.53
-102.2
-107.63
-111.12
-108.0
-102.87
-115.19
-112.0
-100.23
-102.18
-91.82
-101.79
-111.53
-106.33
-112.06
-99.08
-101.98
-111.39
-92.34
-105.01
-103.05
-107.66
-100.37
-104.89
-108.78
-107.4
-109.78
-116.33
-113.97
-103.22
-101.85
-110.28
-114.05
-117.36
-109.47
-108.65
-111.38
-107.83
-111.73
-105.88
-115.35
-113.35
-115.72
-111.22
-112.66
-120.6
-111.7
-97.09
-114.67
-113.15
-118.32
-96.02
-109.97
-116.23
-120.4
-114.45
-106.64
-110.17
-110.95
-114.56
-112.92
-105.74
-120.53
-112.6
-117.77
-108.14
-106.04
-110.0
-107.79
-107.81
-106.32
-102.66
-96.59
-95.14
-103.04
-96.05
-99.31
-108.46
-105.04
-109.51
-104.62
-105.96
-111.24
-107.42
-109.12
-108.29
-100.33
-100.92
-105.31
-110.27
-104.67
-105.57
-101.25
-97.96
-99.44
-97.86
-107.69
-108.26
-107.87
-106.91
-107.5
-103.69
-110.1
-106.07
-94.43
-104.45
-99.11
-94.49
-99.11
-97.4
-101.81
-103.46
-88.08
-98.83
-86.1
-92.16
-89.92
-84.17
-98.89
-91.83
-97.6
-102.83
-90.57
-89.79
-93.01
-103.28
-98.5
-90.73
-94.78
-100.65
-86.7
-90.77
-99.8
-95.53
-102.32
-90.17
-84.61
-90.02
-92.53
-88.67
-80.6
-84.51
-87.65
-90.12
-80.04
-85.96
-86.88
-85.75
-89.07
-88.0
-97.93
-92.09
-88.34
-87.07
-92.41
-97.93
-92.97
-90.91
-93.76
-91.88
-81.53
-86.34
-95.99
-89.09
-92.15
-82.68
-88.73
-99.11
-97.16
-91.15
-89.92
-90.05
-83.03
-92.79
-92.41
-85.46
-91.93
-98.23
-80.18
-98.38
-88.89
-82.12
-86.73
-95.02
-94.15
-87.83
-79.37
-85.9
-88.98
-98.66
-92.14
-87.26
-99.17
-94.13
-88.84
-86.89
-92.55
-85.75
-97.95
-80.0
-104.67
-105.8
-97.01
-101.78
-90.56
-93.82
-100.16
-106.14
-96.23
-97.94
-96.88
-106.34
-93.94
-87.61
-98.54
-100.16
-97.29
-95.36
-103.51
-95.63
-102.32
-107.09
-101.49
-99.23
-100.49
-99.39
-90.04
-102.72
-88.62
-104.25
-95.9
-91.77
-99.88
-102.53
-90.66
-95.06
-100.02
-88.57
-83.45
-100.17
-102.27
-102.96
-93.54
-81.57
-91.62
-94.07
-98.62
-79.08
