-0.533
-0.722
-0.63
-0.603
-0.461
-0.597
-0.61
-0.594
-0.614
-0.665
-0.678
-0.536
-0.765
-0.671
-0.63
-0.439
-0.593
-0.595
-0.557
-0.633
-0.535
-0.439
-0.605
-0.518
-0.542
-0.513
-0.453
-0.433
-0.465
-0.438
-0.451
-0.508
-0.413
-0.367
-0.485
-0.575
-0.435
-0.544
-0.469
-0.493
-0.535
-0.474
-0.413
-0.3
-0.364
-0.486
-0.452
-0.386
-0.589
-0.573
-0.431
-0.517
-0.538
-0.614
-0.634
-0.601
-0.547
-0.546
-0.62
-0.416
-0.537
-0.505
-0.555
-0.556
-0.502
-0.621
-0.608
-0.692
-0.522
-0.516
-0.57
-0.541
-0.553
-0.45
-0.546
-0.526
-0.357
-0.477
-0.375
-0.416
-0.474
-0.744
-0.545
-0.527
-0.47
-0.552
-0.514
-0.37
-0.4
-0.456
-0.608
-0.461
-0.617
-0.526
-0.466
-0.503
-0.527
-0.486
-0.716
-0.458
-0.511
-0.532
-0.334
-0.554
-0.605
-0.61
-0.572
-0.482
-0.514
-0.413
-0.583
-0.593
-0.389
-0.617
-0.373
-0.621
-0.623
-0.541
-0.447
-0.556
-0.471
-0.542
-0.636
-0.629
-0.596
-0.549
-0.563
-0.58
-0.617
-0.554
-0.335
-0.419
-0.529
-0.401
-0.547
-0.44
-0.451
-0.461
-0.523
-0.52
-0.335
-0.628
-0.423
-0.39
-0.437
-0.296
-0.33
-0.366
-0.415
-0.49
-0.389
-0.324
-0.578
-0.499
-0.618
-0.323
-0.366
-0.343
-0.442
-0.501
-0.42
-0.449
-0.51
-0.505
-0.64
-0.615
-0.459
-0.545
-0.543
-0.509
-0.581
-0.547
-0.491
-0.433
-0.376
-0.551
-0.39
-0.501
-0.393
-0.563
-0.397
-0.371
-0.341
-0.281
-0.362
-0.475
-0.494
-0.512
-0.374
-0.43
-0.425
-0.363
-0.353
-0.563
-0.409
-0.369
-0.276
-0.443
-0.537
-0.55
-0.58
-0.512
-0.543
-0.408
-0.442
-0.552
-0.596
-0.499
-0.481
-0.754
-0.524
-0.582
-0.379
-0.311
-0.607
-0.583
-0.39
-0.461
-0.361
-0.537
-0.244
-0.394
-0.411
-0.5
-0.39
-0.388
-0.399
-0.603
-0.512
-0.46
-0.507
-0.549
-0.404
-0.541
-0.461
-0.531
-0.481
-0.429
-0.452
-0.44
-0.536
-0.596
-0.493
-0.543
-0.575
-0.511
-0.651
-0.476
-0.615
-0.533
-0.559
-0.664
-0.652
-0.541
-0.394
-0.665
-0.525
-0.493
-0.636
-0.407
-0.478
-0.54
-0.486
-0.567
-0.526
-0.799
-0.76
-0.569
-0.613
-0.565
-0.5
-0.48
-0.667
-0.629
-0.514
-0.419
-0.561
-0.642
-0.45
-0.669
-0.659
-0.625
-0.611
-0.669
-0.672
-0.519
-0.59
-0.444
-0.445
-0.451
-0.559
-0.459
-0.631
-0.373
-0.364
-0.349
-0.308
-0.541
-0.479
-0.59
-0.549
-0.437
-0.484
-0.346
-0.361
-0.666
-0.578
-0.417
-0.392
-0.319
-0.383
-0.533
-0.352
-0.372
-0.398
-0.333
-0.469
-0.437
-0.377
-0.424
-0.299
-0.38
-0.302
-0.423
-0.402
-0.306
-0.308
-0.35
-0.341
-0.233
-0.297
-0.261
-0.173
-0.309
-0.207
-0.178
-0.268
-0.273
-0.314
-0.334
-0.282
-0.287
-0.143
-0.238
-0.136
-0.264
-0.535
-0.33
-0.309
-0.23
-0.277
-0.469
-0.428
-0.235
-0.266
-0.239
-0.269
-0.385
-0.442
-0.36
-0.312
-0.431
-0.284
-0.342
-0.351
-0.305
-0.262
-0.286
-0.214
-0.295
-0.324
-0.245
-0.309
-0.337
-0.206
-0.097
-0.344
-0.363
-0.213
-0.198
-0.306
-0.163
-0.343
-0.236
-0.315
-0.248
-0.341
-0.256
-0.364
-0.193
-0.177
-0.193
-0.311
-0.298
-0.37
-0.271
-0.22
-0.237
-0.278
-0.33
-0.363
-0.205
-0.281
-0.21
-0.435
-0.485
-0.331
-0.283
-0.303
-0.277
-0.447
-0.193
-0.234
-0.319
-0.403
-0.286
-0.366
-0.381
-0.302
-0.443
-0.283
-0.38
-0.18
-0.219
-0.211
-0.333
-0.182
-0.225
-0.27
-0.269
-0.272
-0.205
-0.196
-0.292
-0.294
-0.375
-0.264
-0.211
-0.257
-0.323
-0.383
-0.378
-0.297
-0.159
-0.192
-0.297
-0.28
-0.247
-0.267
-0.34
-0.118
